1
8
10.5
14.8333
16.0833
16.2833
20.6167
21.331
21.456
22.3448
37.9586
47.8836
74.5628
120.473
162.015
186.522
207.26
228.436
260.157
296.047
315.148
336.041
358.021
371.796
382.772
395.305
405.926
415.809
426.169
436.831
447.515
457.576
468.618
478.345
488.183
499.216
509.489
520.498
531.332
540.859
550.173
557.931
564.897
572.106
579.22
586.226
593.77
601.869
610.813
620.556
631.275
640.721
648.592
655.597
661.994
668.59
674.964
680.907
686.838
692.603
698.254
703.476
708.99
714.412
719.832
725.033
730.47
735.879
742.171
748.25
753.646
759.203
764.795
770.402
775.631
781.307
786.536
792.282
797.991
803.664
809.002
813.895
818.779
822.879
827.386
831.815
836.507
840.85
845.056
849.576
853.532
857.647
861.978
866.248
870.902
875.366
880.289
884.509
888.178
892.199
896.394
900.361
904.555
909.13
913.937
918.61
923.45
927.389
931.956
936.194
940.434
944.376
948.272
952.51
956.419
960.366
963.739
967.46
970.542
974.239
977.772
981.72
985.795
990.811
995.972
1002.2
1007.51
1013.18
1018.27
1023.54
1029.07
1034.23
1040.34
1046.51
1052.58
1058.38
1064.28
1071.24
1077.87
1084.31
1090.59
1096.61
1102.88
1109.33
1116.3
1123.09
1130.15
1138.09
1145.23
1151.49
1156.78
1161.64
1166.63
1171.15
1175.6
1179.7
1183.6
1187.43
1191.06
1194.78
1198.27
1201.39
1204.75
1207.95
1211.47
1214.59
1217.87
1220.87
1224.32
1227.35
1230.63
1233.74
1236.64
1239.69
1242.71
1245.98
1249.46
1252.62
1255.87
1258.97
1261.63
1264.97
1268.28
1272.03
1275.2
1278.39
1281.6
1284.81
1287.99
1291.16
1294.13
1297.85
1301.01
1304
1307.7
1311.18
1314.9
1318.44
1321.85
1324.79
1327.52
1330.77
1333.99
1336.92
1340.07
1343.02
1346.3
1349.76
1352.94
1356.11
1359.2
1362.36
1365.42
1368.58
1371.66
1375.08
1378.26
1381.66
1385.1
1388.43
1391.68
1394.95
1398.92
1402.36
1406.15
1409.62
1412.86
1416.3
1419.34
1422.39
1425.81
1429.2
1432.23
1435.59
1438.55
1441.79
1445.15
1448.61
1452.12
1455.33
1458.31
1461.41
1464.41
1467.24
1470.53
1473.74
1476.89
1480.25
1483.22
1486.26
1489.22
1491.92
1494.54
1497.38
1500.52
1503.23
1506.24
1508.84
1511.59
1514.61
1517.2
1519.95
1522.48
1525.07
1527.8
1529.84
1532.29
1534.89
1537.46
1539.93
1542.72
1545.21
1548.16
1551.37
1553.95
1557
1559.97
1563.31
1566.17
1568.88
1572.05
1574.9
1577.92
1580.78
1583.48
1586.41
1589.19
1591.96
1594.87
1597.59
1600.41
1603.24
1605.88
1608.74
1611.51
1614.12
1616.81
1619.43
1621.85
1624.49
1627.13
1629.68
1632.3
1634.61
1636.96
1639.41
1641.73
1644.01
1646.35
1648.95
1650.95
1653.51
1655.81
1658.18
1660.83
1663.19
1665.57
1668.21
1670.37
1672.82
1674.98
1677.14
1679.49
1681.57
1683.72
1686.02
1688.35
1690.67
1693.3
1695.74
1697.99
1700.12
1702.43
1704.99
1707.15
1709.92
1712.34
1714.84
1717.26
1719.77
1722.13
1724.59
1726.86
1729.26
1731.41
1733.84
1735.93
1738.07
1740.18
1742.14
1744.19
1746.37
1748.32
1750.32
1752.35
1754.22
1756.19
1758.22
1760.31
1762.15
1764.08
1765.74
1767.56
1769.2
1770.94
1772.74
1774.41
1775.99
1777.71
1779.47
1781.01
1782.52
1784.1
1785.87
1787.58
1789.23
1790.79
1792.48
1794.31
1796.08
1797.81
1799.53
1801.48
1803.29
1805.14
1806.9
1808.65
1810.41
1812.29
1814.12
1815.68
1817.34
1819.04
1820.71
1822.54
1824.17
1825.93
1827.53
1829.14
1831
1832.88
1834.86
1836.59
1838.36
1840.25
1842.22
1844.05
1846.02
1847.97
1849.93
1851.94
1853.91
1855.91
