2
3
3.26667
3.38833
3.86667
4
4
4.2
4.45
6.70478
9.04635
11.6297
15.2138
16.0737
19.5956
23.5157
26.1843
28.3555
30.2677
32.0073
33.557
34.9107
36.2082
37.6003
38.8428
40.06
41.1836
42.2456
43.2745
44.2574
45.2049
46.1411
47.1547
48.0892
49.0698
49.8575
50.6873
51.5456
52.3424
53.1147
53.8178
54.5521
55.311
55.9644
56.608
57.328
57.9407
58.5453
59.0954
59.6535
60.248
60.8069
61.3611
62.0046
62.5489
63.1407
63.7184
64.2876
64.8407
65.2831
65.783
66.2945
66.821
67.2877
67.7463
68.275
68.7588
69.2721
69.7463
70.2644
70.8242
71.3287
71.8172
72.291
72.8086
73.2974
73.7742
74.3003
74.804
75.2488
75.7504
76.1934
76.6205
77.1313
77.5524
78.0187
78.4133
78.8933
79.344
79.8071
80.2462
80.6758
81.0954
81.5223
81.9131
82.3438
82.726
83.123
83.509
83.9277
84.2987
84.6565
85.047
85.4334
85.8799
86.2828
86.7265
87.1109
87.5118
87.9067
88.3027
88.68
89.0385
89.3969
89.7546
90.1111
90.4973
90.8678
91.2221
91.5768
91.9201
92.2385
92.5659
92.9055
93.2624
93.6046
93.9146
94.3049
94.624
94.9629
95.2809
95.627
95.9558
96.2846
96.6384
96.9278
97.2854
97.6266
97.978
98.3535
98.6832
99.0484
99.3405
99.6558
99.9809
100.301
100.678
100.99
101.338
101.695
101.981
102.338
102.715
103.106
103.466
103.792
104.108
104.496
104.838
105.222
105.577
105.936
106.304
106.673
107.045
107.479
107.907
108.271
108.729
109.059
109.445
109.821
110.233
110.617
111.018
111.412
111.771
112.151
112.522
112.913
113.279
113.661
113.989
114.35
114.718
115.127
115.558
115.917
116.309
116.662
117.087
117.459
117.837
118.194
118.538
118.91
119.235
119.629
119.995
120.388
120.749
121.141
121.551
121.93
122.329
122.701
123.09
123.481
123.883
124.309
124.72
125.078
125.498
125.893
126.292
126.725
127.139
127.502
127.915
128.307
128.733
129.127
129.499
129.906
130.272
130.642
131.006
131.391
131.789
132.22
132.634
133.001
133.412
133.82
134.244
134.628
135.093
135.502
135.896
136.273
136.718
137.106
137.54
137.98
138.471
138.896
139.336
139.801
140.201
140.676
141.087
141.535
142.007
142.443
142.911
143.366
143.881
144.299
144.735
145.199
145.719
146.21
146.693
147.159
147.667
148.17
148.707
149.242
149.811
150.284
150.79
151.329
151.861
152.471
152.97
153.435
153.972
154.49
155.057
155.505
156.008
156.566
157.064
157.601
158.144
158.78
159.345
159.932
160.484
161.07
161.644
162.21
162.756
163.275
163.886
164.495
165.027
165.591
166.136
166.685
167.245
167.765
168.253
168.772
169.334
169.871
170.405
170.886
171.349
171.894
172.464
172.998
173.516
174.079
174.532
175.065
175.625
176.168
176.566
177.068
177.603
178.166
178.734
179.261
179.718
180.263
180.78
181.285
181.777
182.259
182.762
183.353
183.937
184.518
185.068
185.606
186.249
186.844
187.419
188.05
188.623
189.317
189.975
190.544
191.302
192.142
192.954
193.719
194.481
195.224
195.976
196.665
197.395
198.099
198.891
199.723
200.637
201.45
202.238
203.141
204.232
205.351
206.443
207.522
208.529
209.569
210.681
211.812
212.902
214.011
215.212
216.466
217.608
218.729
220.028
221.425
222.79
224.124
225.414
226.751
228.044
229.429
230.825
232.146
233.306
234.506
235.728
236.999
238.185
239.35
240.417
241.495
242.391
243.235
244.119
245.021
245.935
246.874
247.814
248.635
249.511
250.501
251.341
252.164
252.977
253.817
254.663
255.497
256.477
257.298
258.285
259.12
259.911
260.813
261.679
262.451
263.181
263.966
264.842
265.68
266.53
267.28
268.048
268.936
269.749
270.544
271.31
272.185
273
273.862
274.753
275.701
276.595
277.463
278.402
279.412
280.346
281.368
282.243
283.305
284.295
285.267
286.286
287.23
288.139
289.113
290.116
291.112
292.197
293.246
294.341
295.413
296.5
297.64
298.867
299.954
301.203
302.297
303.509
304.927
306.201
307.566
309.05
310.33
311.852
313.217
314.595
315.78
317.317
318.736
320.088
321.704
323.362
324.887
326.491
328.334
330.17
331.862
333.785
336.364
338.98
342.157
345.069
348.225
350.886
353.557
356.493
359.007
361.473
364.629
367.454
370.884
373.787
377.015
380.037
383.364
386.869
390.175
392.86
396.39
399.289
403.517
408.635
413.826
419.586
428.019
455.872
471.017
492.353
542.295
573.9
590.597
647.79
