1
8
9.5
14.5
15.25
20.25
20.5833
21.7262
23.1012
23.879
39.8405
54.9907
85.2436
120.647
156.898
208.379
232.084
253.375
277.658
296.565
313.42
331.045
346.252
363.577
376.549
388.124
399.277
411.661
423.19
435.68
449.938
463.804
476.097
488.341
500.559
510.517
520.385
529.505
537.906
546.052
553.525
560.042
567.165
574.926
583.599
590.559
596.951
602.92
608.957
615.549
623.061
631.664
639.019
646.576
653.795
660.883
667.448
673.957
680.959
689.14
696.715
703.106
710.15
716.676
722.842
728.5
734.562
740.599
747.796
756.414
765.782
775.454
785.559
794.701
802.837
810.344
816.941
823.884
829.149
834.455
840.114
845.048
849.753
854.093
857.861
861.521
865.324
869.1
872.741
876.294
879.654
883.154
886.388
889.705
893.134
896.495
900.382
903.837
907.821
911.625
915.77
919.816
923.846
927.829
931.654
935.687
939.123
942.665
946.429
949.938
953.77
957.563
961.752
965.842
970.268
974.512
978.68
983.565
987.796
992.89
998.549
1004.62
1010.92
1017.41
1023.28
1029.99
1036.33
1041.7
1046.85
1052.31
1057.15
1061.71
1066.02
1070.55
1074.92
1079.35
1083.73
1088.11
1091.89
1095.54
1099.53
1103.36
1107.05
1110.87
1114.18
1117.72
1120.99
1124.43
1127.87
1131.13
1134.16
1137.23
1140.09
1142.96
1145.79
1148.34
1151.28
1153.92
1156.78
1159.73
1162.62
1165.09
1167.86
1170.96
1173.99
1176.78
1179.74
1182.9
1185.99
1188.97
1192.02
1195.08
1198.39
1201.78
1205.44
1208.85
1212.44
1216.01
1219.77
1223.7
1228.06
1232.79
1237.82
1243.57
1248.89
1254.3
1260.35
1266.57
1272.84
1278.92
1284.76
1290.26
1295.36
1300.33
1305.15
1310.07
1314.71
1319.36
1323.97
1328.42
1333.02
1336.82
1340.87
1344.84
1348.56
1352.72
1356.76
1360.37
1364.12
1367.56
1371.62
1375.33
1379.43
1383.8
1388.06
1392.04
1396.18
1399.79
1403.78
1407.29
1410.58
1413.97
1416.99
1419.77
1422.38
1425.18
1427.73
1430.33
1432.86
1435.31
1437.92
1440.43
1443.11
1445.81
1448.65
1451.08
1453.82
1456.98
1459.5
1462.31
1465.03
1467.81
1470.88
1473.82
1476.68
1479.85
1483.01
1486.03
1489.01
1491.87
1494.84
1497.88
1500.81
1503.44
1506.53
1509.18
1512.37
1515.14
1518.15
1521
1524.07
1526.92
1530.09
1533.01
1535.65
1538.66
1541.28
1544.11
1546.51
1549.05
1551.56
1553.86
1556.53
1558.95
1561.84
1564.87
1567.85
1570.75
1573.71
1577
1580.09
1583.14
1586.3
1589.46
1592.9
1596.3
1600.08
1603.75
1607.07
1610.57
1613.63
1616.52
1619.6
1622.44
1625.53
1628.51
1631.68
1635.03
1638
1641.84
1644.89
1648
1651.25
1654.41
1657.29
1660.44
1663.39
1666.69
1669.65
1672.84
1676.17
1679.39
1682.92
1686.32
1689.29
1692.73
1695.79
1698.72
1702.24
1705.27
1708.3
1711.57
1714.62
1717.48
1720.2
1723.02
1725.97
1729.04
1731.71
1734.35
1737.16
1739.87
1742.39
1744.89
1747.25
1750.02
1752.18
1754.36
1756.61
1758.64
1760.66
1762.36
1764.38
1766.24
1767.99
1770.1
1772.02
1773.9
1775.83
1777.91
1779.81
1781.49
1783.45
1785.25
1787.07
1788.97
1790.84
1792.5
1794.13
1795.87
1797.75
1799.35
1800.95
1802.66
1804.4
1805.94
1807.71
1809.34
1810.89
1812.48
1814.22
1815.84
1817.34
1818.84
1820.43
1822.02
1823.79
1825.4
1827.14
1828.67
1830.32
1831.88
1833.76
1835.52
1837.22
1838.69
1840.24
1841.81
1843.3
1844.75
1846.26
1847.88
1849.55
1851.29
1852.74
1854.28
1855.94
1857.56
1859.23
1860.74
1862.2
1863.74
1865.3
1866.86
1868.42
1869.96
1871.46
1873
1874.47
1875.93
1877.33
1878.93
1880.44
