2
2.5
2.7
2.9
3
3
3.5
3.5
3.75
5.66667
8.76869
12.0041
15.3879
16.6433
20.3395
23.4258
26.0088
28.1965
30.5084
32.5495
34.6433
36.3932
37.9057
39.333
40.5769
41.6971
42.7534
43.8043
44.7334
45.6686
46.4863
47.2177
47.9417
48.6162
49.3785
50.1242
50.7867
51.3996
52.0128
52.6583
53.3408
54.0659
54.7553
55.3715
56.0161
56.6519
57.2872
57.9581
58.6379
59.4031
60.0585
60.7477
61.4154
62.054
62.7662
63.4468
64.0844
64.6979
65.2786
65.8856
66.4718
67.0317
67.6682
68.2617
68.807
69.3739
69.8924
70.4473
71.0161
71.5398
72.1213
72.6061
73.1215
73.646
74.1385
74.6366
75.17
75.7501
76.2443
76.7598
77.2526
77.7529
78.2171
78.7449
79.2109
79.6952
80.2008
80.6445
81.1757
81.724
82.1803
82.6511
83.081
83.5339
83.9741
84.3594
84.8238
85.27
85.7611
86.2017
86.6152
87.1013
87.5049
87.89
88.3402
88.7861
89.1858
89.6236
89.9786
90.353
90.7158
91.1103
91.5337
91.9426
92.3145
92.7119
93.095
93.4837
93.8356
94.211
94.5366
94.9164
95.302
95.6826
96.0405
96.4063
96.8301
97.2436
97.6368
98.0035
98.3559
98.7214
99.1046
99.5223
99.8916
100.264
100.647
100.982
101.355
101.746
102.107
102.48
102.875
103.254
103.636
104.018
104.359
104.741
105.096
105.456
105.821
106.235
106.561
106.98
107.319
107.73
108.113
108.49
108.817
109.231
109.611
109.953
110.351
110.747
111.111
111.498
111.885
112.293
112.682
113.063
113.515
113.912
114.274
114.714
115.071
115.429
115.834
116.198
116.582
116.932
117.338
117.726
118.116
118.538
118.945
119.325
119.746
120.178
120.571
120.999
121.468
121.86
122.277
122.669
123.153
123.562
123.987
124.421
124.803
125.252
125.692
126.136
126.53
127.022
127.495
127.937
128.377
128.805
129.231
129.695
130.169
130.6
131.003
131.42
131.839
132.257
132.664
133.077
133.484
133.865
134.284
134.698
135.105
135.502
135.871
136.234
136.598
137.057
137.433
137.8
138.221
138.661
139.055
139.465
139.843
140.238
140.683
141.039
141.431
141.759
142.129
142.469
142.845
143.199
143.679
144.026
144.406
144.783
145.165
145.559
145.921
146.318
146.738
147.209
147.567
148.008
148.372
148.758
149.15
149.535
149.946
150.358
150.671
151.075
151.438
151.814
152.248
152.607
152.982
153.409
153.765
154.101
154.49
154.861
155.202
155.575
155.93
156.262
156.576
156.918
157.223
157.554
157.904
158.248
158.592
158.922
159.256
159.635
159.995
160.319
160.658
160.986
161.358
161.728
162.076
162.381
162.754
163.053
163.453
163.787
164.091
164.416
164.789
165.12
165.48
165.814
166.116
166.503
166.883
167.249
167.562
167.871
168.269
168.621
168.948
169.264
169.581
169.914
170.258
170.601
170.956
171.302
171.602
171.962
172.295
172.646
172.967
173.329
173.672
174.03
174.429
174.795
175.202
175.546
175.911
176.24
176.586
177
177.417
177.814
178.217
178.582
178.955
179.341
179.715
180.084
180.495
180.894
181.315
181.772
182.259
182.644
183.105
183.495
183.922
184.393
184.876
185.228
185.741
186.205
186.622
187.091
187.597
188.037
188.528
189.107
189.619
190.139
190.641
191.128
191.623
192.141
192.658
193.258
193.817
194.441
194.987
195.543
196.141
196.719
197.286
197.943
198.601
199.244
199.859
200.484
201.246
201.935
202.641
203.46
204.175
204.998
205.825
206.724
207.611
208.477
209.411
210.355
211.33
212.28
213.386
214.469
215.597
216.667
217.837
218.962
220.132
221.397
222.705
223.937
225.179
226.382
227.776
229.097
230.61
231.913
233.399
235.319
236.876
238.315
239.953
241.813
243.702
245.733
247.935
249.961
252.013
254.341
256.857
259.711
261.947
263.606
265.573
267.583
269.016
270.747
272.325
274.049
275.667
277.364
279.038
280.796
283.08
285.273
287.381
289.292
291.378
293.452
295.397
297.327
299.37
301.401
303.514
305.379
307.138
309.089
310.963
312.767
314.578
316.841
318.75
320.734
322.48
324.169
325.85
327.298
328.799
330.435
331.781
333.172
334.475
335.932
337.321
338.904
340.623
342.152
343.763
345.625
347.627
349.798
351.933
353.815
355.767
357.695
359.725
361.699
363.376
365.161
366.898
368.684
370.447
372.53
374.709
376.923
379.414
381.508
383.685
386.047
388.103
390.872
393.821
397.581
401.433
409.208
422.342
429.25
436.527
441.999
447.505
454.08
463.522
499.67
583.438
