2
2.5
3
3.16667
3.46232
3.66064
3.92797
4
4.02271
7.33333
10.0857
12.9414
16.995
18.9923
23.1179
27.0826
29.9064
32.8934
35.826
38.5458
40.8866
43.1102
44.8511
46.3742
47.7048
48.84
49.9022
50.8722
51.7798
52.6168
53.6851
54.6155
55.5163
56.3142
57.0752
57.8816
58.6127
59.3125
60.0733
60.7518
61.4943
62.2048
62.9039
63.4957
64.0593
64.6112
65.2069
65.7968
66.3234
66.9604
67.4868
68.0602
68.6739
69.1864
69.6993
70.1368
70.5737
71.0126
71.4894
71.9518
72.4243
72.8638
73.3402
73.7735
74.1654
74.5968
75.0475
75.4891
75.8968
76.3548
76.7657
77.1533
77.5837
78.0093
78.4829
78.872
79.295
79.7261
80.1089
80.5062
80.9109
81.3005
81.773
82.1829
82.63
83.0415
83.437
83.8182
84.2521
84.6594
85.1223
85.4921
85.9015
86.3164
86.7646
87.1704
87.5528
87.9421
88.3095
88.7241
89.0821
89.4388
89.8185
90.2252
90.6116
91.0072
91.3641
91.747
92.1398
92.5587
92.9351
93.3299
93.6604
94.0473
94.403
94.7709
95.2004
95.5967
95.9629
96.3734
96.7682
97.1796
97.6041
98.0422
98.446
98.8188
99.1847
99.6217
100.064
100.46
100.871
101.268
101.689
102.145
102.602
103.05
103.507
103.914
104.316
104.704
105.136
105.52
105.965
106.415
106.823
107.264
107.717
108.121
108.527
108.927
109.341
109.742
110.116
110.513
110.905
111.362
111.749
112.11
112.62
113.023
113.442
113.84
114.212
114.648
115.071
115.517
115.929
116.379
116.751
117.174
117.585
118.016
118.402
118.852
119.252
119.698
120.121
120.552
120.933
121.344
121.754
122.167
122.59
123.006
123.382
123.758
124.134
124.472
124.877
125.262
125.627
126.009
126.395
126.759
127.133
127.547
127.97
128.399
128.792
129.175
129.55
129.934
130.342
130.768
131.156
131.561
131.959
132.341
132.736
133.119
133.468
133.794
134.146
134.533
134.924
135.295
135.697
136.083
136.461
136.845
137.194
137.594
137.908
138.291
138.652
138.991
139.375
139.728
140.1
140.451
140.759
141.143
141.528
141.888
142.244
142.601
142.927
143.226
143.578
143.923
144.221
144.546
144.871
145.189
145.506
145.815
146.137
146.441
146.752
147.038
147.376
147.658
148.005
148.303
148.705
149.049
149.378
149.688
150.037
150.363
150.707
151.038
151.334
151.63
151.944
152.25
152.573
152.876
153.189
153.507
153.851
154.162
154.464
154.751
155.095
155.434
155.749
156.044
156.355
156.68
157.026
157.319
157.675
157.992
158.348
158.62
158.92
159.221
159.501
159.804
160.136
160.458
160.764
161.111
161.389
161.658
161.925
162.212
162.471
162.768
163.039
163.296
163.603
163.892
164.129
164.378
164.663
164.962
165.265
165.554
165.841
166.14
166.394
166.712
166.988
167.247
167.543
167.803
168.116
168.442
168.732
169.015
169.293
169.577
169.876
170.19
170.534
170.822
171.158
171.47
171.768
172.105
172.45
172.783
173.095
173.443
173.817
174.179
174.522
174.908
175.274
175.64
176
176.37
176.737
177.15
177.575
177.999
178.385
178.773
179.213
179.683
180.115
180.512
180.911
181.313
181.741
182.245
182.703
183.137
183.606
184.149
184.677
185.205
185.646
186.112
186.558
187.096
187.565
188.035
188.499
189.022
189.535
190.038
190.567
191.104
191.658
192.216
192.876
193.401
193.985
194.541
195.157
195.699
196.257
196.865
197.432
198.017
198.571
199.085
199.628
200.203
200.817
201.397
202.042
202.565
203.117
203.714
204.261
204.887
205.53
206.087
206.686
207.324
207.9
208.498
209.168
209.781
210.43
211.05
211.624
212.207
212.855
213.483
214.133
214.816
215.401
215.97
216.667
217.345
217.901
218.641
219.252
219.946
220.546
221.226
221.861
222.517
223.146
223.867
224.631
225.347
226.039
226.681
227.535
228.314
229.056
229.825
230.602
231.361
232.247
233.067
234.005
234.911
235.743
236.523
237.265
238.131
238.903
239.799
240.667
241.535
242.476
243.58
244.624
245.788
246.797
247.808
248.9
250.099
251.214
252.584
254.026
255.486
257.036
258.969
261.026
263.245
265.29
267.269
269.071
271.305
273.721
275.949
278.025
280.005
281.921
283.701
285.556
287.686
289.881
292.015
294.773
297.331
299.879
302.748
305.798
308.675
311.094
313.79
316.445
318.806
321.026
323.303
325.33
327.734
330.382
333.227
336.079
339.929
344.703
349.911
355.698
364.31
372.288
379.589
386.713
392.496
398.174
403.493
409.746
419.832
562.657
