2
3
3.33333
3.66667
4.33333
5
5.33333
5.79394
6
7.7556
10.7026
14.3209
21.7034
23.8809
28.7104
32.9573
36.5726
38.9952
41.1952
43.0957
44.5489
45.963
47.3591
48.5327
49.6934
50.732
51.6742
52.769
53.7356
54.5485
55.3849
56.178
56.8191
57.5457
58.3408
59.1325
59.7203
60.4312
61.0428
61.6496
62.2319
62.8631
63.4641
64.0901
64.6253
65.163
65.8617
66.3674
66.9663
67.5111
68.0578
68.5821
69.1234
69.6609
70.1336
70.702
71.2628
71.748
72.2691
72.7881
73.3159
73.8413
74.2598
74.7043
75.2107
75.7144
76.1275
76.5935
77.0477
77.548
77.9936
78.4401
78.8488
79.2734
79.6469
80.0369
80.4372
80.8952
81.2684
81.7101
82.1474
82.5676
82.9786
83.3982
83.7912
84.148
84.5232
84.9156
85.2857
85.6598
86.0369
86.4047
86.7669
87.1461
87.5485
87.9123
88.334
88.6985
89.0986
89.5155
89.8599
90.2624
90.5883
90.9971
91.3699
91.7416
92.1437
92.5137
92.9118
93.3559
93.7953
94.1806
94.5363
94.8762
95.2748
95.6597
96.0169
96.4057
96.837
97.2527
97.68
98.0316
98.3836
98.7853
99.1867
99.5844
99.9848
100.332
100.801
101.232
101.664
102.03
102.459
102.882
103.28
103.667
104.077
104.478
104.863
105.268
105.643
106.06
106.437
106.803
107.274
107.659
108.064
108.5
108.913
109.334
109.776
110.206
110.6
111.028
111.465
111.886
112.374
112.809
113.297
113.694
114.111
114.538
114.97
115.389
115.819
116.201
116.54
116.916
117.335
117.676
118.122
118.516
118.929
119.303
119.676
120.104
120.441
120.883
121.255
121.628
122.055
122.41
122.751
123.16
123.537
123.923
124.248
124.663
125.026
125.429
125.86
126.32
126.707
127.12
127.523
127.93
128.354
128.746
129.137
129.526
129.949
130.371
130.839
131.291
131.787
132.231
132.656
133.043
133.451
133.953
134.412
134.943
135.42
135.909
136.387
136.862
137.334
137.812
138.282
138.753
139.244
139.701
140.129
140.539
140.978
141.431
141.919
142.371
142.81
143.243
143.701
144.17
144.618
145.072
145.535
145.983
146.409
146.813
147.331
147.862
148.318
148.856
149.411
149.916
150.377
150.854
151.302
151.789
152.249
152.782
153.284
153.782
154.274
154.741
155.318
155.822
156.349
156.829
157.315
157.861
158.385
158.94
159.471
160.094
160.605
161.176
161.736
162.33
162.844
163.385
164.011
164.576
165.108
165.658
166.184
166.649
167.2
167.709
168.22
168.821
169.393
169.948
170.546
171.158
171.728
172.389
173
173.623
174.126
174.692
175.183
175.738
176.332
176.924
177.444
177.953
178.456
178.97
179.466
179.975
180.457
180.949
181.45
181.993
182.484
183.015
183.543
184.028
184.546
185.051
185.483
185.97
186.452
186.849
187.242
187.662
188.093
188.53
189.001
189.463
189.925
190.325
190.799
191.235
191.7
192.16
192.594
193.106
193.631
194.15
194.678
195.157
195.717
196.219
196.746
197.337
197.86
198.38
198.882
199.408
199.953
200.479
200.981
201.507
202.081
202.65
203.18
203.737
204.297
204.849
205.369
206.001
206.66
207.221
207.933
208.557
209.175
209.897
210.626
211.357
212.092
212.847
213.512
214.207
215.003
215.759
216.483
217.16
217.847
218.458
219.159
219.845
220.571
221.387
222.094
222.889
223.51
224.233
224.884
225.642
226.289
227.017
227.792
228.465
229.158
229.938
230.639
231.314
232.048
232.678
233.344
234.031
234.775
235.558
236.316
237.075
237.818
238.634
239.475
240.273
241.119
241.943
242.822
243.627
244.482
245.261
246.152
247.049
247.984
248.852
249.704
250.668
251.491
252.32
253.177
254.02
254.843
255.675
256.576
257.399
258.372
259.227
260.114
261.096
261.932
262.933
263.977
265.176
265.991
267.073
268.209
269.348
270.364
271.372
272.418
273.691
274.728
275.879
276.904
278.093
279.467
280.509
281.602
282.765
283.924
285.046
286.236
287.391
288.584
289.698
290.877
292.14
293.329
294.495
295.439
296.645
297.724
298.807
299.863
300.831
301.898
302.927
303.92
305.061
306.117
307.295
308.393
309.666
310.869
312.085
313.264
314.532
316.008
317.399
319.12
321.024
322.787
325.092
326.977
328.879
331.409
333.692
336.152
338.736
341.617
344.791
347.859
351.35
354.583
358.066
361.156
364.361
367.049
369.449
372.316
375.242
379.163
383.685
388.532
392.792
396.433
400.116
404.115
408.423
412.559
419.239
433.174
445.53
504.501
519.07
525.055
533.16
670.368
