1
8
9.5
12.1667
13.6667
15.4667
18.1333
20.419
21.669
23.5579
35.9061
56.5228
79.599
120.514
155.103
185.024
225.474
250.392
268.294
285.834
301.968
320.915
334.169
346.13
360.508
374.826
389.496
401.786
413.084
425.757
437.532
448.484
459.396
471.472
486.584
503.22
518.935
530.519
539.562
548.09
556.416
564.912
572.798
579.822
586.871
592.898
598.405
603.707
608.939
614.017
619.172
625.071
630.392
636.092
641.564
648.559
656.076
663.096
669.369
676.082
683.083
689.641
698.162
707.963
720.434
732.131
744.114
753.14
761.147
770.738
780.013
788.826
796.566
803.244
809.629
815.967
821.125
826.047
831.158
835.512
839.954
843.537
847.88
851.817
855.866
859.614
863.416
867.121
870.811
874.042
877.752
880.833
884.349
887.944
891.417
894.652
898.549
901.83
905.659
909.56
913.197
916.532
920.139
923.59
927.306
931.302
935.072
938.579
942.099
945.454
948.624
951.968
955.193
958.581
961.832
964.797
967.774
970.716
973.559
976.169
979.266
982.008
985.022
987.95
990.88
993.531
995.879
998.815
1001.43
1003.83
1006.76
1009.42
1012.3
1015.12
1017.79
1020.88
1023.54
1026.6
1029.49
1032.33
1035.04
1038.25
1041.09
1044.09
1046.91
1049.95
1052.71
1055.77
1058.87
1062
1064.98
1068.27
1071.24
1074.67
1078.05
1080.99
1084.66
1088.13
1092.18
1096.33
1101.04
1105.84
1110.72
1114.89
1119.64
1123.6
1127.66
1132.17
1136.61
1141.04
1145.48
1149.86
1154.82
1159.36
1163.75
1167.99
1172.81
1177.39
1181.29
1185.58
1189.85
1193.74
1197.69
1201.25
1204.85
1208.47
1211.8
1215.28
1218.9
1222.55
1226.41
1229.86
1233.09
1236.16
1239.33
1242.52
1245.36
1248.84
1252.12
1255.5
1258.99
1262.81
1266.12
1269.41
1272.7
1275.94
1279.12
1282.16
1285.62
1289.08
1292.24
1296.03
1299.09
1302.42
1305.13
1307.9
1310.47
1313.31
1315.88
1318.44
1320.87
1322.92
1325.25
1327.72
1330.06
1332.12
1334.69
1337.11
1339.48
1342.04
1344.71
1347.65
1350.36
1353.24
1356.37
1359.55
1362.29
1365.42
1368.56
1371.72
1374.76
1377.76
1380.57
1383.42
1386.41
1389.39
1392.4
1395.51
1398.44
1401.38
1404.27
1406.97
1409.77
1412.75
1415.22
1417.96
1420.86
1423.8
1426.5
1429.16
1432.09
1434.71
1437.49
1439.68
1442.29
1444.75
1447.15
1449.46
1451.85
1454.22
1456.61
1458.76
1460.92
1463.32
1465.75
1467.93
1469.97
1472.15
1474.26
1476.43
1478.6
1480.73
1482.81
1484.74
1486.66
1488.55
1490.49
1492.62
1494.7
1496.68
1498.6
1500.55
1502.57
1504.5
1506.26
1508.07
1510.16
1512.12
1513.86
1515.77
1517.84
1519.62
1521.23
1523.21
1525.02
1527.24
1529.17
1531.23
1533.17
1535.32
1537.63
1539.43
1541.29
1543.37
1545.23
1547.01
1549.08
1550.84
1553.06
1554.83
1556.59
1558.51
1560.51
1562.58
1564.47
1566.17
1567.81
1569.81
1571.77
1573.67
1575.49
1577.46
1579.07
1580.99
1582.8
1584.69
1586.51
1588.4
1590.2
1592.05
1593.59
1595.47
1597.18
1598.94
1600.5
1602.48
1604.17
1605.89
1607.61
1609.36
1611.21
1613.08
1614.88
1616.62
1618.47
1620.56
1622.49
1624.18
1626.33
1628.26
1630.32
1632.68
1634.76
1637.12
1639.57
1641.9
1644.43
1647.22
1649.92
1652.28
1654.85
1657.6
1659.95
1662.35
1665.2
1667.69
1670.25
1672.75
1675.27
1677.68
1680.1
1682.44
1684.46
1686.46
1688.62
1690.78
1692.73
1694.9
1696.88
1698.97
1701.24
1703.27
1705.7
1707.9
1710.09
1712.47
1714.92
1717.32
1719.56
1721.71
1724.15
1726.82
1729.45
1732.03
1734.85
1737.32
1739.83
1742.54
1745.1
1747.58
1750.04
1752.4
1754.89
