2
3
3.5
3.9
4
4.08333
4.32857
4.5
5
8.53188
11.4888
14.5672
18.7481
20.536
25.2457
29.3468
32.6529
35.5064
37.6369
39.8747
41.8936
43.5231
45.4913
47.211
49.1115
50.7014
52.0697
53.1072
54.2152
55.3443
56.4213
57.3502
58.3255
59.403
60.2694
61.156
61.9999
62.7481
63.5479
64.2671
65.0481
65.8278
66.512
67.1646
67.9095
68.5715
69.2369
69.9861
70.6341
71.3514
72.0241
72.648
73.3633
73.9623
74.6794
75.3588
75.9829
76.5684
77.2063
77.6863
78.3093
78.8639
79.3637
79.8709
80.4122
80.9243
81.4179
81.9259
82.451
82.9138
83.4015
83.8689
84.2889
84.758
85.2255
85.6271
86.1288
86.5516
86.9715
87.3872
87.7624
88.1899
88.5845
88.9766
89.3124
89.6849
90.0652
90.4058
90.7802
91.116
91.4436
91.814
92.12
92.4689
92.7747
93.1015
93.4028
93.7671
94.0969
94.4555
94.7965
95.1024
95.4914
95.8189
96.205
96.5383
96.9175
97.2561
97.6208
97.9184
98.2932
98.6108
98.9346
99.3026
99.6459
99.9785
100.301
100.625
100.977
101.318
101.631
101.973
102.316
102.623
102.978
103.302
103.637
103.971
104.303
104.64
104.973
105.369
105.699
106.066
106.384
106.732
107.068
107.419
107.779
108.147
108.525
108.877
109.226
109.597
109.963
110.336
110.719
111.047
111.422
111.802
112.169
112.534
112.927
113.288
113.677
114.1
114.53
114.913
115.284
115.675
116.035
116.471
116.94
117.339
117.699
118.119
118.511
118.965
119.357
119.749
120.126
120.463
120.797
121.24
121.619
122.025
122.42
122.847
123.233
123.609
123.976
124.389
124.79
125.183
125.543
125.912
126.268
126.649
127.043
127.391
127.744
128.072
128.445
128.809
129.166
129.556
129.916
130.257
130.604
130.971
131.327
131.658
132.059
132.42
132.743
133.069
133.428
133.8
134.15
134.48
134.845
135.235
135.589
135.979
136.322
136.674
137.034
137.378
137.697
138.109
138.465
138.826
139.187
139.586
139.921
140.284
140.666
140.962
141.326
141.683
142.002
142.373
142.717
143.01
143.326
143.701
144.062
144.461
144.818
145.173
145.502
145.874
146.196
146.53
146.851
147.17
147.475
147.828
148.19
148.542
148.911
149.231
149.53
149.876
150.229
150.548
150.883
151.224
151.564
151.861
152.171
152.488
152.795
153.08
153.404
153.714
154.022
154.303
154.608
154.946
155.279
155.632
155.964
156.326
156.632
156.955
157.248
157.565
157.943
158.287
158.625
158.991
159.329
159.631
159.951
160.273
160.658
160.945
161.242
161.541
161.854
162.159
162.483
162.797
163.146
163.477
163.822
164.137
164.494
164.822
165.163
165.504
165.814
166.149
166.515
166.825
167.142
167.507
167.849
168.191
168.525
168.893
169.258
169.613
169.971
170.374
170.704
171.099
171.459
171.849
172.222
172.654
173.049
173.479
173.837
174.239
174.681
175.099
175.505
175.904
176.3
176.69
177.119
177.561
177.974
178.398
178.919
179.341
179.745
180.212
180.622
181.101
181.567
181.998
182.474
182.953
183.401
183.872
184.336
184.84
185.348
185.843
186.367
186.854
187.34
187.888
188.395
188.862
189.336
189.85
190.313
190.778
191.329
191.809
192.336
192.87
193.336
193.89
194.445
194.98
195.532
196.019
196.583
197.084
197.719
198.361
198.991
199.633
200.212
200.834
201.499
202.108
202.689
203.362
204.011
204.684
205.401
206.061
206.734
207.408
208.075
208.709
209.446
210.171
210.778
211.489
212.135
212.833
213.506
214.177
214.928
215.762
216.615
217.5
218.422
219.361
220.235
221.28
222.419
223.609
224.838
226.097
227.375
228.692
229.797
231.056
232.541
233.761
235.28
236.849
238.345
239.632
240.955
242.488
243.797
245.176
246.637
248.161
249.607
251.213
252.698
254.296
255.651
257.116
258.374
259.756
261.066
262.524
264.133
265.63
266.98
268.492
270.019
271.442
273.1
274.506
275.961
277.353
278.82
280.32
281.744
283.199
284.563
286.093
287.414
288.784
290.359
291.643
292.861
294.031
295.349
296.536
297.812
299.062
300.4
301.586
303.05
304.379
305.494
306.735
308.019
309.364
310.652
311.944
313.181
314.396
315.758
316.878
318.161
319.591
320.921
322.403
323.698
325.061
326.35
327.897
329.266
330.978
332.424
334.124
336.292
339.009
342.455
345.391
348.707
351.775
354.893
358.034
361.984
366.007
369.686
373.977
378.095
381.961
388.131
397.496
405.867
414.175
425.323
437.26
453.872
516.961
576.967
