2
2.33333
2.66667
3
4
4
4.33333
5
5
6.80357
10.1463
14.6936
19.9914
21.4474
24.7667
28.1047
30.6965
32.8538
35.0773
36.9955
39.0072
40.9472
42.7137
44.2617
45.6643
46.9366
48.1252
49.128
50.217
51.2335
52.1953
52.9962
53.9583
54.7933
55.5469
56.3745
57.1397
57.8469
58.4871
59.1429
59.8988
60.5881
61.3268
61.9718
62.7113
63.3294
64.0183
64.7861
65.4684
66.102
66.7396
67.3476
67.9654
68.5972
69.1902
69.7522
70.314
70.8915
71.4849
72.1095
72.6792
73.1521
73.7478
74.3166
74.8826
75.4589
75.9134
76.3971
76.8647
77.3382
77.8748
78.3608
78.8528
79.303
79.8289
80.2748
80.6895
81.095
81.5496
81.9893
82.4378
82.8105
83.2212
83.6246
84.0564
84.4859
84.8924
85.2758
85.7265
86.0423
86.4263
86.801
87.1895
87.6132
88.0576
88.4507
88.8521
89.2172
89.5899
89.9877
90.407
90.7488
91.1362
91.5548
91.9077
92.2757
92.6265
92.9969
93.386
93.804
94.2549
94.6558
95.0821
95.4917
95.8781
96.3347
96.701
97.0736
97.4821
97.8607
98.2971
98.7231
99.0977
99.4939
99.9279
100.313
100.718
101.093
101.533
101.892
102.38
102.844
103.21
103.624
104.076
104.489
104.916
105.365
105.81
106.265
106.719
107.16
107.613
107.995
108.426
108.888
109.295
109.713
110.165
110.593
111.055
111.431
111.836
112.248
112.629
113.091
113.499
113.918
114.34
114.734
115.13
115.549
115.919
116.348
116.79
117.195
117.619
117.968
118.379
118.74
119.133
119.531
119.918
120.332
120.757
121.177
121.628
122.073
122.531
122.907
123.354
123.837
124.229
124.657
125.052
125.46
125.895
126.316
126.727
127.145
127.562
127.942
128.37
128.817
129.214
129.64
130.034
130.479
130.926
131.335
131.769
132.245
132.677
133.102
133.568
133.981
134.451
134.871
135.31
135.726
136.179
136.649
137.095
137.526
137.91
138.388
138.857
139.312
139.733
140.185
140.638
141.097
141.533
141.92
142.311
142.741
143.136
143.523
143.939
144.371
144.786
145.236
145.619
145.996
146.421
146.792
147.185
147.566
147.976
148.399
148.796
149.214
149.584
149.911
150.285
150.66
151.071
151.485
151.914
152.326
152.813
153.188
153.619
153.97
154.411
154.861
155.315
155.744
156.177
156.595
157.02
157.486
157.87
158.284
158.667
159.168
159.626
160.082
160.606
161.07
161.553
161.97
162.484
162.992
163.464
164.002
164.494
164.922
165.374
165.88
166.372
166.86
167.294
167.775
168.34
168.822
169.317
169.793
170.272
170.748
171.282
171.799
172.254
172.833
173.387
173.921
174.429
174.962
175.513
176.048
176.582
177.095
177.621
178.176
178.794
179.329
179.934
180.54
181.109
181.671
182.224
182.827
183.441
183.972
184.445
184.956
185.502
186.093
186.7
187.247
187.757
188.274
188.775
189.268
189.753
190.269
190.774
191.246
191.695
192.148
192.547
193.067
193.554
194.075
194.552
195.004
195.502
196.008
196.519
197.009
197.499
198.048
198.515
198.996
199.544
200.033
200.527
201.051
201.595
202.151
202.722
203.37
204
204.62
205.177
205.76
206.384
206.948
207.622
208.346
209.08
209.686
210.292
210.954
211.602
212.249
213.056
213.72
214.399
215.213
215.925
216.652
217.337
218.15
218.883
219.649
220.476
221.259
222.128
223.023
223.855
224.613
225.357
226.183
226.999
227.949
228.714
229.445
230.177
230.91
231.746
232.541
233.494
234.325
235.187
236.05
236.879
237.738
238.586
239.484
240.434
241.308
242.134
243.04
243.93
244.782
245.667
246.465
247.263
248.132
249.061
249.87
250.722
251.596
252.422
253.267
254.271
255.184
256.126
256.995
257.844
258.687
259.61
260.499
261.377
262.231
263.225
264.107
264.901
265.763
266.654
267.457
268.419
269.264
270.406
271.346
272.254
273.482
274.601
275.94
277.368
278.771
279.979
281.553
283.26
284.927
286.5
288.343
290.251
292.232
294.472
296.719
299.547
302.006
304.871
307.253
309.648
312.352
314.649
317.111
319.321
321.668
323.81
325.931
327.809
329.871
331.521
333.339
335.357
337.456
339.21
341.42
343.259
345.167
346.901
348.623
350.459
352.214
353.898
355.618
357.234
359.127
361.492
363.727
366.131
368.296
370.596
372.718
375.176
377.185
378.785
380.652
382.689
384.555
386.273
388.16
390.164
391.964
394.273
397.24
401.068
405.56
412.048
420.661
437.736
454.277
465.55
476.163
486.346
495.113
502.215
511.328
555.817
