2
2.61538
3
4
5
5.33333
5.83333
5.83333
5.95833
7.80769
10.3667
14.2048
18.2236
19.7364
23.8266
27.9886
31.169
33.8263
35.776
37.6638
39.2395
40.6693
42.1905
43.6454
44.9318
46.1445
47.4103
48.7094
49.9608
51.25
52.5542
53.8168
55.0734
56.2741
57.2634
58.5461
59.6259
60.8225
62.083
63.1095
64.2344
65.3548
66.4201
67.4307
68.3548
69.485
70.4494
71.3799
72.3699
73.3134
74.257
75.1236
76.0483
76.8925
77.7794
78.5301
79.2798
80.0549
80.795
81.5373
82.2362
82.9308
83.5631
84.2242
84.7994
85.5188
86.2105
86.8772
87.5489
88.1798
88.9317
89.6073
90.2742
90.8309
91.5229
92.1549
92.7522
93.4703
94.0983
94.7274
95.303
95.9422
96.5396
97.1152
97.6483
98.1605
98.7533
99.3132
99.9135
100.477
101.109
101.663
102.177
102.792
103.374
103.981
104.491
104.999
105.567
106.142
106.728
107.29
107.84
108.459
109.071
109.666
110.196
110.754
111.275
111.858
112.405
112.889
113.455
113.985
114.518
115.024
115.601
116.175
116.648
117.187
117.876
118.438
118.983
119.486
120.08
120.59
121.13
121.662
122.17
122.718
123.138
123.626
124.155
124.683
125.204
125.693
126.213
126.669
127.174
127.713
128.163
128.677
129.229
129.714
130.242
130.751
131.281
131.761
132.244
132.807
133.326
133.858
134.43
134.968
135.537
136.006
136.477
137.027
137.512
138.033
138.537
138.99
139.468
139.971
140.512
141.025
141.583
142.09
142.653
143.204
143.699
144.187
144.782
145.245
145.81
146.385
146.889
147.361
147.833
148.344
148.921
149.409
149.899
150.476
150.956
151.474
151.93
152.386
152.885
153.352
153.833
154.292
154.769
155.21
155.702
156.162
156.6
157.049
157.462
157.902
158.312
158.752
159.186
159.661
160.079
160.434
160.857
161.265
161.702
162.171
162.574
162.979
163.361
163.781
164.193
164.585
165.009
165.463
165.878
166.27
166.624
167.008
167.388
167.761
168.142
168.458
168.859
169.323
169.703
170.123
170.534
170.946
171.337
171.759
172.144
172.538
172.953
173.38
173.765
174.143
174.547
174.987
175.376
175.774
176.127
176.533
176.935
177.301
177.658
178.074
178.433
178.848
179.281
179.682
180.121
180.459
180.878
181.296
181.727
182.129
182.517
182.955
183.407
183.806
184.267
184.708
185.168
185.63
186.028
186.44
186.852
187.298
187.745
188.178
188.579
189.032
189.462
189.812
190.263
190.686
191.069
191.447
191.844
192.255
192.633
192.979
193.344
193.713
194.109
194.519
194.925
195.318
195.703
196.084
196.501
196.859
197.271
197.715
198.102
198.496
198.876
199.257
199.66
200.01
200.403
200.85
201.246
201.62
202.049
202.426
202.826
203.239
203.698
204.092
204.513
204.966
205.418
205.835
206.249
206.626
207.046
207.417
207.814
208.212
208.578
208.998
209.419
209.847
210.262
210.624
211.023
211.388
211.77
212.083
212.484
212.869
213.234
213.672
214.117
214.495
214.869
215.263
215.63
215.996
216.386
216.775
217.17
217.581
217.997
218.35
218.699
219.105
219.443
219.796
220.148
220.516
220.889
221.306
221.682
222.061
222.429
222.811
223.194
223.551
223.913
224.273
224.614
224.99
225.349
225.709
226.058
226.429
226.788
227.166
227.542
227.88
228.301
228.684
229.033
229.459
229.814
230.199
230.604
231.03
231.422
231.81
232.235
232.625
233.053
233.534
234.053
234.471
234.882
235.342
235.801
236.265
236.787
237.26
237.783
238.327
238.889
239.384
239.871
240.408
240.919
241.485
241.962
242.495
242.988
243.571
244.093
244.713
245.265
245.954
246.624
247.208
247.849
248.533
249.127
249.777
250.406
251.074
251.834
252.609
253.439
254.178
254.988
255.713
256.608
257.327
258.205
259.057
259.86
260.831
261.778
262.62
263.42
264.23
265.054
265.889
266.674
267.436
268.398
269.334
270.388
271.525
272.432
273.345
274.499
275.475
276.699
277.868
278.833
279.771
280.895
281.928
282.922
283.982
284.936
286.023
287.156
288.231
289.215
290.239
291.384
292.68
294.05
295.229
296.338
297.697
299.158
300.314
301.597
302.955
304.122
305.411
306.766
308.275
309.832
311.306
313.014
314.729
316.642
318.575
320.565
322.946
325.234
327.808
331.192
334.085
336.366
338.732
341.146
343.651
346.352
349.333
352.25
355.734
360.744
369.36
386.716
404.431
411.739
416.75
421.492
426.644
431.435
437.645
450.584
505.524
573.085
588.954
630.27
