2
3
3.33333
3.83333
4
4.33333
4.61515
4.66667
4.75758
7.5
9.6
13.8381
17.7647
18.8461
22.3238
25.413
28.175
30.9424
33.6124
35.929
38.3174
40.0438
41.5844
43.0059
44.3497
45.5902
46.729
47.8927
48.8201
49.6468
50.5106
51.3803
52.295
53.1568
54.0547
54.9395
55.8412
56.84
57.6528
58.4443
59.2616
60.0184
60.8069
61.565
62.3029
63.0336
63.7295
64.4307
65.1088
65.7921
66.4965
67.216
67.7619
68.3129
68.9138
69.5227
70.1551
70.7674
71.3603
71.9082
72.4499
72.9708
73.4846
74.0353
74.543
75.0319
75.5286
76.0136
76.513
77.0157
77.4704
77.8866
78.3785
78.8809
79.311
79.8087
80.2531
80.6925
81.0931
81.5276
81.9402
82.3713
82.8029
83.2376
83.6644
84.0794
84.5227
84.976
85.383
85.8014
86.2188
86.6353
87.0369
87.4805
87.8349
88.276
88.6922
89.0818
89.487
89.985
90.4079
90.8093
91.1936
91.5698
92.0052
92.3773
92.7973
93.2025
93.5648
94.0438
94.4465
94.8031
95.1804
95.5454
95.9749
96.3152
96.6708
97.0411
97.4151
97.7843
98.171
98.564
98.9506
99.3251
99.7083
100.107
100.486
100.876
101.222
101.571
101.92
102.231
102.543
102.898
103.253
103.554
103.885
104.208
104.515
104.833
105.174
105.485
105.809
106.133
106.459
106.792
107.151
107.462
107.782
108.125
108.434
108.759
109.085
109.424
109.753
110.039
110.339
110.68
110.951
111.3
111.615
111.95
112.276
112.611
112.914
113.252
113.558
113.866
114.179
114.496
114.816
115.126
115.414
115.773
116.124
116.458
116.802
117.133
117.468
117.781
118.099
118.444
118.757
119.083
119.409
119.744
120.114
120.442
120.747
121.068
121.379
121.709
122.053
122.444
122.823
123.162
123.443
123.806
124.199
124.565
124.889
125.243
125.596
125.932
126.251
126.605
126.934
127.286
127.614
127.952
128.311
128.652
128.968
129.341
129.742
130.085
130.439
130.823
131.206
131.619
132.041
132.448
132.866
133.26
133.672
134.092
134.47
134.868
135.276
135.717
136.116
136.557
137.017
137.427
137.899
138.269
138.685
139.139
139.555
139.986
140.438
140.874
141.317
141.71
142.116
142.535
142.927
143.412
143.814
144.249
144.675
145.123
145.555
145.929
146.353
146.705
147.105
147.488
147.854
148.257
148.665
149.059
149.388
149.777
150.145
150.51
150.871
151.278
151.631
152.015
152.41
152.795
153.147
153.531
153.922
154.342
154.732
155.119
155.516
155.905
156.258
156.674
157.111
157.476
157.853
158.227
158.595
158.952
159.337
159.737
160.113
160.531
160.925
161.322
161.74
162.166
162.592
163.003
163.409
163.779
164.144
164.544
164.939
165.365
165.733
166.148
166.542
166.929
167.302
167.683
168.099
168.498
168.886
169.284
169.677
170.09
170.535
170.95
171.365
171.768
172.227
172.666
173.102
173.54
173.986
174.404
174.833
175.3
175.775
176.273
176.687
177.162
177.618
178.112
178.608
179.062
179.611
180.12
180.597
181.062
181.591
182.106
182.698
183.287
183.772
184.318
184.865
185.454
185.962
186.496
186.995
187.537
188.108
188.68
189.263
189.793
190.347
191.008
191.623
192.208
192.823
193.497
194.189
194.942
195.609
196.249
196.846
197.445
198.103
198.731
199.429
200.112
200.843
201.51
202.188
202.91
203.601
204.336
205.058
205.886
206.635
207.407
208.222
209.141
210.015
210.881
211.682
212.413
213.232
214.082
214.981
215.874
216.693
217.563
218.382
219.181
219.977
220.854
221.674
222.469
223.284
224.158
224.947
225.71
226.451
227.236
228.086
228.937
229.748
230.537
231.391
232.235
233.066
234.042
235.044
236.06
237.126
238.145
239.222
240.382
241.416
242.403
243.436
244.52
245.641
246.699
247.691
248.724
249.857
250.798
251.704
252.74
253.702
254.678
255.741
256.757
257.856
258.859
260.115
261.321
262.628
263.856
265.051
266.392
267.595
269.123
270.552
272.084
273.436
274.75
276.118
277.334
278.419
279.594
280.734
281.946
283.323
284.65
285.903
287.159
288.63
289.942
291.615
293.276
295.206
296.948
299.009
300.701
302.327
304.222
306.443
308.451
310.087
311.762
313.333
314.634
315.95
317.407
318.825
320.288
322.026
323.678
325.489
327.182
329.054
331.104
332.77
334.385
335.993
337.58
339.019
340.836
342.424
343.878
345.319
346.712
348.236
349.811
351.299
353.316
354.886
356.535
358.353
360.342
362.484
364.848
367.434
370.292
374.314
381.267
389.887
409.467
622.908
