1
9
11.5
13.5
16.75
19.95
20.7833
22.3548
23.6048
24.1603
40.2453
53.511
85.6029
125.204
167.976
201.504
226.184
254.411
273.458
289.665
309.543
328.702
343.69
358.009
371.425
383.547
398.96
433.429
455.838
471.067
482.518
493.524
503.166
511.387
518.871
525.866
532.071
537.626
543.313
549.53
556.248
563.035
569.376
575.023
580.351
585.124
590.334
595.684
601.028
605.933
611.274
616.954
623.364
629.129
635.838
642.382
648.186
654.582
661.117
668.583
675.906
684.21
693.669
702.193
710.6
718.156
725.223
731.986
738.171
744.756
752.037
760.572
768.433
776.273
783.527
791.339
799.882
808.361
817.314
824.05
830.144
836.114
841.93
849.031
854.945
861.718
867.94
873.796
879.171
884.307
889.267
894.15
899.252
903.774
908.244
912.116
916.498
920.849
924.857
928.754
932.561
936.894
941.297
945.457
950.028
954.968
960.304
965.419
970.198
974.342
978.397
982.693
987.25
991.551
995.951
1000.12
1004.14
1008.06
1011.94
1015.98
1020.55
1025.08
1029.83
1034.26
1039.55
1044.37
1049.07
1053.98
1058.24
1062.56
1066.98
1071.36
1075.58
1079.55
1083.36
1087.31
1090.94
1094.34
1097.87
1101.42
1104.72
1108.09
1111.51
1115.28
1119.62
1123.92
1128.41
1132.66
1136.79
1141.8
1146.71
1152.45
1157.82
1163.42
1169.09
1175.1
1180.3
1185.26
1189.98
1194.45
1199.21
1203.25
1207.32
1211
1214.32
1217.42
1220.55
1223.75
1226.91
1229.97
1232.95
1235.77
1238.75
1241.29
1243.82
1246.42
1248.83
1251.32
1253.64
1256.29
1258.68
1261.06
1263.48
1265.82
1268.57
1270.96
1273.32
1275.85
1278.3
1280.85
1283.12
1285.41
1287.76
1290.08
1292.15
1294.2
1296.46
1298.51
1300.79
1302.91
1305.02
1307.32
1309.82
1311.94
1314.29
1316.48
1318.69
1320.65
1323.02
1325.06
1327.11
1329.27
1331.43
1333.77
1336.06
1338.18
1340.49
1342.92
1345.04
1347.39
1349.83
1351.95
1354.35
1356.55
1358.41
1360.49
1362.4
1364.44
1366.45
1368.25
1370.03
1371.9
1373.83
1375.85
1377.81
1379.65
1381.74
1383.77
1385.55
1387.28
1388.94
1390.79
1392.34
1394.13
1395.8
1397.62
1399.46
1401.06
1402.84
1404.68
1406.48
1408.16
1410.02
1411.82
1413.52
1415.26
1417.15
1419.02
1420.86
1422.87
1424.82
1426.53
1428.32
1430.32
1432.31
1433.99
1435.86
1437.63
1439.32
1441.14
1442.82
1444.82
1446.62
1448.52
1450.22
1452.18
1454.12
1456.01
1458.03
1460.04
1461.95
1464.04
1466
1468.11
1469.91
1471.73
1474.1
1475.93
1478.21
1480.51
1482.81
1485.1
1487.31
1489.61
1491.74
1493.8
1495.97
1498.05
1500.21
1502.36
1504.53
1506.67
1508.71
1510.8
1512.76
1515
1517.2
1519.35
1521.65
1523.75
1525.75
1528.01
1530.19
1532.41
1534.93
1537.35
1539.76
1542.29
1544.7
1547.16
1549.47
1551.97
1554.16
1556.77
1559.43
1562.03
1564.7
1567.57
1570.16
1572.66
1575.52
1578.06
1581.17
1584.08
1586.63
1589.5
1591.97
1594.57
1597.53
1600.52
1603.68
1606.68
1610.81
1614.44
1619.44
1624.34
1629.96
1636.37
1643.7
1651.31
1658.37
1665.11
1670.92
1676.72
1682.32
1687.94
1692.94
1697.37
1701.3
1704.84
1708.39
1711.94
1715.6
1719.21
1722.78
1727.27
1731.4
1735.57
1739.7
1743.4
1747.24
1750.87
1754.04
1757.42
1760.45
1763.42
1766.22
1768.74
1771.82
1774.67
1777.23
1780.55
1783.25
1786.35
1789.01
1791.84
1794.58
1797.28
1799.71
1802.19
1804.93
1807.61
1810.07
1812.97
1815.79
1818.55
1821.11
1823.38
1825.85
1828.36
1830.88
1833.3
1835.55
1837.9
1840.48
1842.87
1845.03
1847.42
1849.62
1851.84
1854.09
1856.53
1858.83
