2
2.33333
3
3.33333
3.5
3.53333
3.61111
3.73333
3.95556
7.42247
10.1068
13.8786
17.7487
19.3368
22.9094
26.1387
28.0355
30.3134
32.2108
33.8429
35.4196
36.8945
38.5733
40.123
41.3981
42.5153
43.5863
44.5375
45.381
46.1992
47.1745
48.072
49.0398
49.8828
50.8419
51.5911
52.2979
53.0886
53.9768
54.7114
55.4976
56.2588
57.0362
57.7466
58.4317
59.1884
59.8593
60.5047
61.1607
61.8019
62.4197
63.0465
63.6975
64.2585
64.841
65.4369
65.9796
66.5701
67.2273
67.8191
68.3746
68.9376
69.4512
69.9865
70.5515
71.0863
71.6622
72.2081
72.7172
73.2541
73.8086
74.3842
74.8631
75.395
75.9081
76.4051
76.8956
77.4408
77.8858
78.4776
78.9635
79.4876
79.9956
80.5718
81.1439
81.6982
82.2728
82.7338
83.3037
83.824
84.3486
84.8664
85.3558
85.8474
86.4136
87.0098
87.6241
88.2745
88.8538
89.4636
90.0376
90.5851
91.1839
91.722
92.2481
92.8554
93.3839
93.8699
94.4065
94.9511
95.5602
96.0783
96.5542
97.0645
97.5348
98.0395
98.5744
99.0376
99.4858
100
100.454
100.943
101.445
101.86
102.337
102.71
103.171
103.618
104.014
104.508
104.97
105.363
105.822
106.259
106.71
107.153
107.621
107.994
108.444
108.834
109.311
109.685
110.107
110.475
110.883
111.3
111.73
112.141
112.544
112.92
113.306
113.722
114.132
114.506
114.832
115.225
115.612
115.94
116.337
116.756
117.116
117.515
117.818
118.173
118.551
118.885
119.289
119.674
120.023
120.371
120.724
121.084
121.482
121.83
122.223
122.551
122.916
123.309
123.653
124.038
124.4
124.755
125.102
125.445
125.838
126.16
126.574
126.966
127.321
127.7
128.055
128.421
128.808
129.183
129.58
130.009
130.385
130.798
131.182
131.535
131.916
132.24
132.622
132.978
133.299
133.7
134.079
134.398
134.761
135.142
135.463
135.807
136.142
136.489
136.878
137.196
137.533
137.888
138.196
138.492
138.816
139.154
139.502
139.859
140.195
140.577
140.891
141.255
141.592
141.959
142.324
142.667
143.016
143.353
143.695
144.016
144.368
144.742
145.115
145.473
145.856
146.223
146.598
146.936
147.312
147.65
148.022
148.411
148.799
149.111
149.445
149.821
150.173
150.525
150.87
151.241
151.608
151.948
152.323
152.645
153.009
153.367
153.679
154.04
154.388
154.794
155.113
155.449
155.878
156.229
156.619
157.019
157.365
157.761
158.183
158.593
158.967
159.383
159.815
160.271
160.69
161.059
161.475
161.941
162.354
162.728
163.178
163.626
164.087
164.472
164.941
165.379
165.797
166.248
166.74
167.206
167.726
168.18
168.69
169.225
169.786
170.298
170.916
171.565
172.142
172.665
173.262
173.816
174.409
175.049
175.646
176.299
176.983
177.595
178.253
178.976
179.718
180.426
181.207
181.988
182.724
183.512
184.215
184.852
185.569
186.204
186.964
187.617
188.328
189.01
189.649
190.214
190.827
191.444
192.142
192.888
193.725
194.394
195.092
195.786
196.414
197.136
197.816
198.536
199.343
199.923
200.557
201.275
201.969
202.714
203.372
204.116
204.8
205.539
206.299
207.066
207.944
208.676
209.438
210.268
211.011
211.8
212.572
213.409
214.276
215.09
215.902
216.757
217.556
218.522
219.404
220.267
221.241
222.176
223.103
224.044
225.119
226.248
227.351
228.312
229.293
230.396
231.49
232.628
233.777
235.222
236.599
237.849
239.072
240.492
241.887
243.227
244.571
245.892
247.244
248.398
249.718
251.079
252.37
253.557
255.02
256.417
257.529
258.625
259.618
260.666
261.798
262.742
263.763
264.768
265.64
266.476
267.357
268.265
269.119
270.073
271.026
271.92
272.826
273.8
274.652
275.525
276.374
277.214
278.083
279.07
279.965
280.772
281.561
282.351
283.239
284.017
284.841
285.624
286.389
287.23
288.08
289.045
289.972
290.962
292.024
293.144
294.265
295.452
296.616
298.11
299.377
300.6
301.793
302.9
304.202
305.46
306.491
307.713
308.96
310.226
311.26
312.428
313.423
314.497
315.427
316.351
317.265
318.206
319.158
320.102
321
321.937
322.805
323.739
324.716
325.752
326.853
327.882
329.279
330.561
331.874
333.464
334.855
336.56
338.376
340.142
342.174
344.347
346.839
349.132
351.398
353.8
356.901
360.036
363.554
366.069
368.435
371.167
374.245
377.053
380.756
384.308
387.898
391.178
394.616
397.975
401.446
405.278
408.784
412.468
416.256
420.235
426.768
432.875
440.482
454.021
576.474
