1
7
9.5
12.1667
18.1667
18.9667
22.1333
22.9905
23.7405
24.9627
37.3153
48.4691
76.7621
127.249
171.623
198.812
222.408
246.39
260.549
276.395
292.523
314.34
331.178
346.485
359.019
372.224
383.254
396.054
408.799
422.525
436.505
450.035
462.374
473.491
484.503
494.526
504.256
514.911
529.022
542.74
556.69
569.504
585.034
595.286
605.149
615.301
625.877
633.776
640.413
646.938
653.261
659.167
665.66
671.385
678.28
685.673
692.859
701.32
709.494
717.531
724.583
731.79
739.486
746.617
753.645
760.409
767.261
773.782
780.557
786.631
793.349
799.653
805.866
812.092
818.562
824.191
829.367
834.343
839.33
844.075
849.482
854.506
859.495
864.928
870.213
875.582
880.967
886.046
891.461
896.763
901.426
906.208
911.083
915.524
919.665
923.332
926.943
930.615
933.975
937.286
940.351
943.236
946.386
949.036
951.543
954.345
957.102
959.861
962.562
965.152
968.048
971.11
973.69
976.85
980.287
983.278
986.543
989.919
993.146
996.479
999.401
1002.88
1006.02
1009.22
1012.34
1015.79
1018.77
1021.95
1025
1028
1031.15
1034.23
1037.6
1040.8
1044.29
1047.71
1051.69
1055.54
1059.72
1064.13
1068.31
1073.29
1078.19
1082.5
1087.01
1091.51
1096.32
1101.03
1104.9
1108.99
1112.68
1116.77
1120.64
1124.48
1128.15
1132.01
1135.76
1139.74
1143.38
1147.11
1151.04
1155.05
1159.05
1163.04
1166.95
1171.05
1175.24
1179.5
1183.7
1187.72
1192.65
1197.52
1202.71
1207.73
1211.96
1216.56
1220.63
1224.87
1228.96
1232.88
1236.55
1239.91
1243.39
1246.77
1249.88
1253.33
1256.75
1260.42
1263.67
1267.06
1270.36
1273.59
1276.91
1280.33
1283.74
1287.03
1290.75
1294.19
1297.43
1300.91
1304.51
1307.94
1311.4
1315.28
1318.8
1322.17
1325.43
1329.02
1332.62
1336.59
1340.29
1343.98
1347.65
1351.55
1354.8
1358.16
1361.38
1364.81
1367.98
1370.94
1374.57
1378
1381.36
1384.98
1388.14
1391.51
1395.09
1398.61
1402.24
1405.98
1409.59
1413.09
1416.87
1420.34
1423.53
1427.26
1430.75
1434.38
1438.23
1441.71
1445
1447.92
1451.25
1453.83
1456.59
1459.46
1462.46
1465.41
1468.55
1471.79
1474.64
1478.15
1481.54
1484.99
1488.13
1491.5
1494.54
1497.6
1500.45
1503.18
1506.16
1508.65
1511.3
1514.05
1516.78
1519.18
1521.58
1524.28
1527.15
1529.83
1532.25
1534.83
1537.82
1540.49
1543.03
1545.75
1548.24
1550.73
1553
1555.75
1558.5
1561.33
1564.62
1567.73
1570.81
1574.03
1577.37
1580.71
1584.2
1587.57
1590.86
1594.16
1597.04
1600.19
1603.35
1606.09
1608.93
1611.62
1614.23
1616.66
1619.18
1621.78
1624.13
1626.54
1628.95
1631.08
1633.25
1635.49
1637.78
1639.99
1642.38
1644.52
1647.07
1649.12
1651.39
1653.66
1655.92
1657.93
1660.29
1662.55
1664.52
1666.47
1668.23
1670.31
1672.39
1674.54
1676.35
1678.16
1680.13
1682.11
1683.91
1685.69
1687.71
1689.73
1691.67
1693.64
1695.61
1697.62
1699.55
1701.37
1703.11
1705
1706.84
1708.62
1710.37
1712.06
1713.99
1715.69
1717.5
1719.42
1721.27
1723.01
1724.66
1726.33
1728.29
1729.87
1731.59
1733.34
1735.19
1736.82
1738.56
1740.21
1741.75
1743.29
1744.74
1746.28
1747.8
1749.17
1750.67
1752.28
1753.63
1755.09
1756.55
1758.12
1759.51
1760.93
1762.32
1763.89
1765.33
1766.79
1768.27
1769.66
1771.3
1772.94
1774.51
1775.94
1777.5
1779.12
1780.76
1782.6
1784.24
1785.79
1787.49
1789.08
1790.97
1792.62
1794.47
1796.53
1798.29
1800.04
1801.83
1803.63
1805.52
1807.31
1809.24
1811.09
1812.85
1814.66
1816.42
1818.59
1820.37
1822.17
1824.12
