1
9
9
12.6667
15.9167
16.9167
18.4167
24.131
24.631
24.7421
36.6361
51.5471
80.1141
120.46
170.387
192.141
227.227
255.092
275.168
303.985
331.252
354.033
373.466
388.027
402.061
415.003
425.642
435.743
445.204
453.319
460.707
468.395
477.666
485.651
493.995
503.878
515.844
527.156
539.847
553.218
565.643
577.741
589.57
601.408
611.994
620.807
629.755
640.043
649.74
657.724
664.956
671.376
677.731
684.156
689.985
696.042
703.125
710.626
717.779
725.616
733.264
740.262
747.43
755.586
762.962
769.678
776.336
782.829
790.356
798.055
806.406
813.859
820
826.263
832.299
839.041
845.491
851.652
857.742
862.664
867.526
872.422
876.38
880.441
884.643
889.136
893.631
897.978
901.792
905.993
910.263
914.278
918.915
922.806
927.176
930.355
933.719
937.402
941.115
944.963
948.525
951.969
955.337
958.338
961.2
964.176
967.281
970.39
973.774
977.002
979.844
983.077
986.153
989.129
992.433
995.496
999.055
1002.33
1005.73
1008.94
1012.59
1016.02
1019.17
1022.82
1026.46
1029.94
1033.45
1037.01
1040.23
1043.95
1047.66
1051.26
1054.68
1058.06
1061.98
1065.77
1069.53
1072.75
1076.43
1080.13
1083.36
1086.51
1089.71
1092.54
1095.64
1098.8
1101.35
1104.14
1106.88
1109.87
1112.69
1115.4
1118.01
1120.6
1123.19
1126
1128.48
1131.04
1134.02
1136.54
1138.93
1141.51
1144.01
1146.39
1148.96
1151.68
1154.03
1156.66
1158.86
1161.31
1163.82
1166.08
1168.23
1170.84
1172.93
1175.36
1177.88
1180.38
1182.91
1185.25
1187.76
1190.27
1192.59
1195.26
1198.16
1201.1
1203.94
1206.94
1210.13
1213.25
1216.83
1220.06
1223.35
1226.81
1229.93
1232.78
1236.32
1239.26
1242.05
1245.18
1248
1250.7
1253.66
1256.1
1258.73
1261.38
1263.8
1266.46
1269.18
1271.78
1274.25
1276.81
1279.36
1281.8
1284.87
1287.76
1290.75
1293.71
1297.25
1300.56
1303.97
1307.61
1310.75
1314.21
1317.5
1321.3
1324.86
1328.27
1331.94
1335.36
1339.06
1342.76
1346.29
1350.01
1353.91
1357.76
1361.89
1365.96
1370.29
1373.82
1377.85
1381.32
1384.92
1388.21
1391.55
1394.44
1397.52
1400.46
1403.35
1406.56
1409.29
1412.27
1415.45
1418.4
1421.26
1424.16
1427.29
1430.17
1432.83
1435.73
1438.58
1441.33
1444.01
1446.65
1449.44
1452.38
1455.38
1458.22
1461.45
1464
1466.76
1469.72
1472.32
1474.92
1477.75
1480.24
1483
1485.45
1487.75
1490.19
1492.59
1494.87
1497.18
1499.59
1502.08
1504.66
1507.06
1509.88
1512.76
1515.76
1518.98
1522.49
1526.37
1529.66
1533.13
1536.51
1539.99
1543.4
1546.69
1550.13
1553.87
1557.43
1560.93
1564.53
1568.26
1571.87
1575.54
1579.1
1582.48
1585.98
1589.35
1592.69
1595.63
1598.95
1601.95
1604.95
1607.95
1611.06
1613.79
1616.59
1619.58
1622.31
1624.67
1627.72
1630.64
1633.72
1636.91
1639.75
1643.32
1646.69
1650.2
1653.76
1657.38
1660.33
1663.63
1666.93
1670.32
1673.89
1677.56
1680.51
1683.94
1687.07
1690.07
1693.03
1696.29
1699.13
1701.85
1704.14
1706.64
1709.08
1711.48
1713.72
1715.89
1718.33
1720.81
1723.12
1725.62
1727.83
1729.78
1732
1734.18
1736.31
1738.48
1740.75
1742.8
1744.93
1747.35
1749.47
1751.85
1754.4
1756.65
1759.15
1761.61
1763.67
1765.85
1768.06
1770.17
1772.32
1774.55
1776.69
1779.03
1781.3
1783.65
1785.87
1788.09
1790.35
1792.59
1794.88
1797.03
1799.31
1801.37
1803.57
1805.79
1808.13
1810.43
1812.77
1815.26
1817.83
1820.4
1822.95
1825.57
1828.44
1831.54
1834.36
1837.12
1839.81
1842.91
1845.45
1848.2
1850.97
1853.78
1856.61
1859.41
