1
8
12
14
15.25
18.05
18.55
21.4071
21.6571
21.6571
35.5351
51.2171
74.0852
119.899
172.228
201.736
232.199
255.457
276.9
292.385
307.564
323.683
338.108
353.029
368.099
387.14
401.151
413.788
426.367
437.939
447.716
457.36
468.794
480.443
492.52
505.663
515.924
525.166
532.977
540.312
547.609
554.677
561.9
568.129
575.771
584.538
593.42
601.412
607.552
613.554
619.5
624.556
630.089
635.912
642.246
648.816
656.874
665.006
673.131
681.471
690.564
697.83
705.19
712.653
718.972
726.051
733.184
739.75
746.272
752.308
757.651
763.455
769.089
774.558
779.579
784.687
789.21
794.049
799.493
805.286
810.674
816.068
821.532
827.497
833.326
838.341
843.207
847.81
852.031
856.329
860.64
865.496
870.16
874.702
879.51
884.249
888.876
893.329
897.556
902.215
906.825
911.086
915.23
919.634
923.802
928.024
932.793
937.865
943.752
949.845
955.817
963.873
972.694
981.532
989.61
996.455
1001.88
1007.51
1012.78
1018.41
1023.67
1028.95
1033.76
1038.58
1042.5
1046.91
1050.75
1055.1
1058.96
1063.29
1067.28
1071.39
1075.36
1079.45
1083.03
1086.95
1091.3
1095.39
1099.54
1103.73
1107.47
1111.4
1115.17
1119.3
1123.18
1127.41
1131.66
1136.64
1141.36
1146.73
1151.97
1156.96
1162
1166.58
1171.33
1175.68
1179.75
1183.51
1186.86
1190.46
1193.85
1197.16
1200.74
1203.91
1207.54
1210.7
1214.16
1217.28
1220.38
1223.78
1227.12
1230.18
1233.51
1236.47
1239.76
1243.35
1246.78
1250.23
1253.72
1256.99
1260.36
1263.73
1267.01
1270.25
1273.6
1276.93
1279.96
1282.95
1285.91
1288.94
1291.8
1294.88
1297.66
1300.55
1303.67
1306.53
1309.29
1312.2
1315.24
1318.36
1320.96
1323.96
1326.95
1329.79
1332.99
1336.22
1339.18
1342.32
1345.95
1349.82
1353.86
1358.02
1362.22
1366.48
1370.88
1374.71
1378.35
1382.14
1385.71
1389.58
1393.7
1397.55
1401.55
1405.14
1409
1412.31
1415.73
1418.93
1421.8
1424.98
1428.1
1430.58
1433.43
1435.99
1438.78
1441.33
1444.07
1446.97
1449.59
1452.22
1455.12
1457.96
1460.97
1463.64
1466.27
1469.16
1472.07
1474.69
1477.54
1480.16
1482.59
1485.14
1487.95
1490.92
1493.97
1496.87
1499.98
1502.98
1506.22
1509.35
1512.38
1515.68
1518.45
1521.09
1523.89
1526.76
1529.39
1532.3
1535.16
1537.98
1540.36
1542.8
1545.27
1547.88
1550.6
1552.93
1555.42
1558.09
1560.38
1562.75
1565.48
1567.76
1570.15
1572.16
1574.25
1576.58
1578.48
1580.43
1582.47
1584.36
1586.54
1588.45
1590.34
1592.29
1594.11
1596.16
1598.12
1600.22
1602.17
1604.27
1606.02
1608.19
1610.42
1612.29
1614.24
1616.37
1618.44
1620.6
1622.46
1624.49
1626.58
1628.65
1630.62
1632.56
1634.52
1636.46
1638.45
1640.37
1642.15
1643.91
1645.75
1647.54
1649.48
1651.31
1653.08
1654.99
1657.14
1659.22
1661.24
1663.14
1664.9
1666.77
1668.59
1670.44
1672.27
1674.22
1675.91
1678.04
1679.92
1681.63
1683.37
1685.29
1687.28
1689.23
1691.38
1693.34
1695.11
1697.23
1699.34
1701.31
1703.32
1705.5
1707.45
1709.38
1711.25
1713.23
1715.09
1716.91
1718.76
1720.62
1722.28
1723.94
1725.79
1727.6
1729.36
1731.18
1733.02
1734.83
1736.73
1738.61
1740.39
1742.27
1744.08
1745.93
1747.63
1749.47
1751.24
1753.15
1755.15
1757.02
1758.8
1760.59
1762.21
1764.11
1765.78
1767.36
1769.16
1770.91
1772.34
1773.84
1775.31
1776.84
1778.45
1780
1781.34
1782.93
1784.33
1785.82
1787.29
1788.64
1790.02
1791.37
1792.7
1794.05
1795.43
1796.76
1798.06
1799.56
1800.98
1802.53
1803.83
1805.22
1806.55
