2
3
3
4
4
4.7
4.8
4.95
5
6.80522
10.5249
14.3768
21.8714
23.7476
27.3279
30.9349
33.9552
36.6088
38.7167
40.5788
42.3284
43.9723
45.7742
47.525
49.0198
50.4343
51.7985
53.1467
54.5686
55.9521
57.5027
59.1125
60.5302
61.8746
63.2128
64.5216
65.703
66.847
68.0725
69.226
70.4493
71.5893
72.6829
73.72
74.7654
75.7317
76.5652
77.5576
78.5009
79.4102
80.2476
81.0842
81.7709
82.5329
83.2341
83.8947
84.6708
85.3616
86.0921
86.7878
87.4093
88.0007
88.5539
89.1388
89.7367
90.2571
90.7211
91.1384
91.6396
92.1096
92.6208
93.0926
93.5958
94.0554
94.5975
95.1217
95.6391
96.1544
96.6356
97.0675
97.5794
98.0517
98.6069
99.0746
99.5666
99.9854
100.454
100.868
101.296
101.732
102.16
102.591
102.999
103.449
103.882
104.312
104.766
105.223
105.626
106.085
106.558
106.967
107.442
107.843
108.262
108.732
109.181
109.585
110.01
110.427
110.851
111.278
111.697
112.094
112.478
112.933
113.387
113.829
114.328
114.801
115.226
115.652
116.1
116.512
116.949
117.386
117.859
118.292
118.722
119.177
119.534
119.968
120.373
120.758
121.173
121.621
122.139
122.543
122.971
123.379
123.845
124.209
124.627
125.021
125.422
125.891
126.384
126.776
127.208
127.631
128.028
128.45
128.871
129.281
129.712
130.086
130.532
130.95
131.353
131.809
132.201
132.567
133.02
133.405
133.804
134.178
134.514
134.952
135.313
135.682
136.07
136.416
136.759
137.106
137.476
137.885
138.182
138.53
138.923
139.303
139.668
140.044
140.445
140.853
141.266
141.646
142.011
142.376
142.756
143.178
143.568
143.977
144.381
144.775
145.117
145.504
145.888
146.269
146.677
147.059
147.44
147.796
148.185
148.541
148.947
149.345
149.772
150.279
150.746
151.148
151.591
152.045
152.459
152.872
153.337
153.816
154.292
154.759
155.229
155.672
156.126
156.56
157.036
157.575
158.096
158.534
159.083
159.628
160.153
160.717
161.27
161.792
162.294
162.814
163.384
163.888
164.441
164.996
165.53
166.073
166.58
167.218
167.867
168.425
168.989
169.612
170.157
170.73
171.255
171.937
172.542
173.195
173.768
174.366
174.95
175.557
176.111
176.753
177.313
177.825
178.377
178.968
179.529
180.153
180.736
181.321
181.955
182.577
183.263
183.798
184.393
184.922
185.518
186.161
186.695
187.285
187.819
188.432
188.933
189.546
190.094
190.634
191.175
191.649
192.206
192.757
193.289
193.831
194.403
194.911
195.362
195.921
196.534
197.064
197.575
198.098
198.676
199.184
199.748
200.294
200.803
201.308
201.888
202.433
202.977
203.482
204.014
204.547
205.112
205.63
206.131
206.676
207.255
207.829
208.431
209.025
209.635
210.245
210.807
211.414
211.977
212.615
213.197
213.74
214.328
214.988
215.604
216.21
216.892
217.483
218.072
218.634
219.301
219.916
220.559
221.211
221.848
222.516
223.06
223.758
224.278
224.822
225.422
226.084
226.72
227.366
227.928
228.445
229.002
229.564
230.12
230.641
231.178
231.696
232.275
232.851
233.464
234.086
234.715
235.267
235.839
236.375
236.932
237.466
238.013
238.515
239.038
239.584
240.093
240.642
241.202
241.691
242.134
242.637
243.119
243.65
244.14
244.691
245.208
245.666
246.146
246.664
247.224
247.711
248.198
248.646
249.229
249.717
250.249
250.764
251.319
251.896
252.508
253.052
253.729
254.419
255.124
255.757
256.409
257.14
257.951
258.678
259.346
260.044
260.818
261.563
262.316
263.098
263.99
264.74
265.595
266.457
267.22
268.08
268.822
269.465
270.273
271.066
271.838
272.632
273.35
274.138
274.942
275.737
276.51
277.346
278.051
278.77
279.547
280.469
281.323
282.193
282.936
283.772
284.538
285.472
286.42
287.262
288.148
289.148
290.129
291.158
292.228
293.383
294.332
295.464
296.608
297.712
298.771
299.979
301.173
302.466
303.6
305.042
306.326
307.751
309.083
310.314
311.692
313.027
314.337
315.664
316.905
318.241
319.618
320.986
322.488
323.738
324.876
326.202
327.319
328.49
329.632
330.851
332.104
333.387
334.651
335.944
337.165
338.451
339.744
341.153
342.453
343.695
345.205
346.591
348.2
349.666
351.192
352.952
354.964
356.858
358.488
360.443
362.096
364.613
367.812
371.499
375.289
379.07
384.125
390.837
396.46
400.172
404.065
408.255
413.157
420.629
432.52
441.501
454.989
466.834
530.759
