1
7
8
12.6667
14.6667
16.2667
18.2667
20.1238
23.3738
24.8183
40.7536
53.7386
81.5309
121.152
169.968
216.132
240.51
261.706
284.537
305.32
323.323
340.961
359.655
379.398
402.898
417.758
430.974
443.318
454.113
465.949
477.181
488.939
500.31
510.442
519.867
531.05
544.86
557.506
568.287
579.736
589.228
597.81
605.91
614.625
622.351
631.231
639.381
646.773
654.303
661.292
667.781
673.298
678.623
683.359
687.919
692.161
696.748
701.105
705.602
710.418
715.471
720.983
726.155
731.589
736.93
741.924
746.794
751.052
755.812
760.309
764.506
769.164
774.681
780.237
786.375
792.681
799.577
806.507
812.833
818.618
824.176
829.318
834.13
839.047
843.457
848.41
853.121
857.799
862.755
866.795
870.943
875.271
878.843
883.061
886.726
890.395
893.737
897.367
900.766
904.337
908.159
912.173
916.347
920.541
924.969
930.378
935.78
941.313
946.075
951.566
957.217
963.418
969.83
975.431
981.058
986.532
992.363
997.255
1002.25
1006.35
1011.1
1015.92
1020.19
1024.48
1028.52
1033.14
1038.05
1043.25
1048.64
1054.43
1060.05
1065.45
1070.98
1076.42
1081.3
1086.53
1091.77
1096.83
1101.8
1106.9
1111.82
1116.88
1122.67
1128.34
1134.07
1140.49
1146.91
1153.03
1158.18
1162.91
1167.99
1172.8
1177.16
1181.87
1186.6
1190.91
1195.65
1200.12
1203.99
1207.69
1211.11
1214.72
1218.67
1222.23
1225.64
1228.97
1231.86
1235.08
1238.1
1240.93
1244.1
1247.01
1250.37
1253.66
1257
1260.41
1263.54
1266.68
1269.82
1273.41
1276.19
1279.5
1282.53
1285.39
1288.17
1291.01
1293.7
1296.8
1299.41
1302.16
1305.01
1307.65
1310.27
1312.82
1315.11
1317.68
1320.17
1322.93
1325.62
1328.15
1330.69
1333
1335.4
1337.91
1340.5
1342.96
1346.09
1348.7
1351.8
1354.9
1357.69
1360.5
1363.39
1366.05
1368.77
1371.85
1374.56
1377.15
1379.65
1382.1
1384.22
1386.26
1388.48
1390.67
1392.81
1394.9
1397.12
1399.21
1401.09
1403.12
1405.33
1407.64
1409.77
1411.73
1413.88
1416.01
1417.89
1420.32
1422.69
1424.93
1427
1428.91
1431.16
1433.11
1434.81
1436.79
1438.81
1440.93
1443.1
1445.11
1447.26
1449.53
1452.05
1454.23
1456.56
1459.07
1461.81
1464.48
1467.23
1469.91
1472.74
1475.56
1479
1482.04
1484.84
1487.81
1490.92
1493.93
1496.85
1500.24
1503.96
1507.34
1511.19
1515.24
1519.16
1523.43
1526.89
1530.79
1534.5
1538.21
1541.7
1545.28
1548.78
1552.01
1555.06
1558.39
1561.2
1564.2
1566.99
1569.85
1572.46
1575.09
1577.99
1580.9
1583.52
1586.38
1588.97
1591.79
1594.44
1596.86
1599.5
1602.09
1604.53
1607.06
1609.66
1611.91
1613.96
1616.24
1618.45
1620.34
1622.19
1624.17
1625.96
1627.64
1629.44
1631.15
1632.75
1634.22
1635.97
1637.67
1639.43
1641.11
1642.56
1643.99
1645.55
1646.91
1648.4
1650.07
1651.56
1652.87
1654.35
1655.76
1657.39
1659.03
1660.62
1662.18
1663.51
1665.12
1666.7
1668.34
1669.83
1671.28
1672.91
1674.28
1675.86
1677.43
1678.95
1680.53
1682.04
1683.39
1684.84
1686.44
1687.94
1689.38
1690.78
1692.08
1693.55
1695.14
1696.92
1698.44
1699.84
1701.39
1703
1704.6
1706.12
1707.59
1709.13
1710.87
1712.56
1714.29
1715.96
1717.48
1719.06
1720.74
1722.41
1724.07
1725.85
1727.4
1728.77
1730.3
1732.08
1733.75
1735.31
1736.78
1738.36
1739.94
1741.66
1743.13
1744.69
1746.34
1747.95
1749.42
1750.88
1752.42
1753.94
1755.33
1756.85
1758.41
1759.85
1761.56
1763.18
1764.64
1766.16
1767.81
1769.33
1770.91
1772.63
1774.03
1775.49
1776.99
1778.62
1780.35
1781.88
