2
4
4.33333
5
5.50069
6
6.25
6.33333
6.66202
9.66667
11.5
15.5053
20.589
21.8986
25.8188
29.454
32.1259
34.7148
37.0643
38.9575
40.7467
42.6414
44.4686
46.0818
47.5833
48.8149
50.1017
51.5263
52.9454
54.2553
55.6597
56.8982
58.1657
59.419
60.6139
61.8075
62.9491
63.9777
65.0246
65.9439
66.8632
67.6863
68.699
69.5684
70.4038
71.1994
71.9585
72.8045
73.4847
74.2619
75.1214
75.843
76.5713
77.282
78.0141
78.8299
79.5002
80.0824
80.6896
81.2495
81.7906
82.3668
82.9018
83.4624
84.0128
84.536
85.0465
85.5565
86.0622
86.5291
87.0194
87.5179
88.1422
88.6638
89.1325
89.5815
90.0524
90.4864
90.9772
91.4733
91.8939
92.3499
92.8577
93.2806
93.6954
94.1331
94.505
94.9023
95.3258
95.733
96.1245
96.5201
96.9012
97.302
97.7134
98.1126
98.5064
98.8715
99.2097
99.5941
99.9598
100.34
100.724
101.079
101.444
101.757
102.126
102.52
102.901
103.257
103.619
103.943
104.287
104.601
104.904
105.256
105.635
105.988
106.31
106.633
106.979
107.339
107.722
108.077
108.409
108.734
109.063
109.403
109.759
110.091
110.425
110.773
111.115
111.425
111.789
112.179
112.567
112.871
113.254
113.62
113.988
114.333
114.691
115.051
115.45
115.853
116.249
116.564
116.954
117.312
117.728
118.111
118.497
118.919
119.314
119.722
120.103
120.51
120.871
121.271
121.649
122.045
122.424
122.808
123.212
123.573
124.001
124.411
124.788
125.196
125.577
125.958
126.356
126.746
127.155
127.579
127.922
128.326
128.749
129.142
129.528
129.998
130.457
130.824
131.221
131.623
132.023
132.442
132.784
133.188
133.594
134.001
134.362
134.769
135.19
135.624
135.999
136.403
136.81
137.21
137.674
138.133
138.576
139
139.414
139.808
140.298
140.745
141.212
141.614
142.013
142.394
142.805
143.199
143.617
144.011
144.396
144.773
145.112
145.481
145.792
146.138
146.497
146.867
147.258
147.64
147.996
148.358
148.741
149.12
149.51
149.884
150.243
150.63
151.04
151.442
151.813
152.216
152.654
153.088
153.506
153.922
154.337
154.712
155.081
155.462
155.857
156.292
156.677
157.065
157.426
157.792
158.241
158.648
159.046
159.401
159.82
160.205
160.617
161.043
161.385
161.772
162.17
162.579
162.969
163.405
163.763
164.14
164.562
164.948
165.38
165.846
166.255
166.693
167.124
167.524
167.986
168.434
168.9
169.277
169.737
170.179
170.637
171.111
171.538
172.027
172.464
172.985
173.443
173.887
174.379
174.881
175.335
175.813
176.389
176.89
177.388
177.87
178.345
178.794
179.333
179.879
180.434
180.949
181.509
182.009
182.599
183.108
183.675
184.161
184.723
185.274
185.822
186.391
186.978
187.569
188.16
188.754
189.34
189.893
190.591
191.235
191.863
192.451
193.057
193.583
194.053
194.555
195.157
195.761
196.372
196.934
197.644
198.294
198.902
199.484
200.105
200.78
201.353
201.973
202.549
203.113
203.727
204.326
204.919
205.516
206.084
206.714
207.329
207.907
208.513
209.097
209.744
210.317
210.885
211.37
211.974
212.541
213.073
213.655
214.198
214.741
215.291
215.838
216.374
216.936
217.481
218.078
218.678
219.257
219.835
220.401
221.002
221.642
222.165
222.752
223.371
223.955
224.484
225.155
225.81
226.44
227.155
227.857
228.464
229.158
229.807
230.454
231.122
231.786
232.445
233.209
233.825
234.463
235.252
235.964
236.787
237.45
238.223
239.032
239.813
240.627
241.479
242.355
243.251
244.175
245.156
246.034
247.12
248.179
249.222
250.495
251.732
252.879
254.069
255.239
256.574
257.941
259.187
260.382
261.6
262.942
264.245
265.644
266.795
268.09
269.47
270.616
271.985
273.11
274.241
275.253
276.268
277.25
278.147
279.041
279.981
280.867
281.794
282.751
283.644
284.49
285.326
286.243
287.19
287.907
288.725
289.579
290.425
291.205
292.019
292.926
293.916
294.855
295.745
296.623
297.57
298.482
299.42
300.435
301.511
302.507
303.539
304.681
305.727
306.788
307.851
309.007
310.022
311.046
312.237
313.451
314.594
315.853
317.292
318.711
320.105
321.711
323.444
325.234
327.028
328.928
330.947
333.086
335.489
337.747
339.83
341.891
344.097
346.29
348.464
350.744
353.07
355.67
357.978
360.484
363.147
365.982
368.826
371.442
373.998
377.131
380.335
383.741
387.79
391.873
396.964
402.706
413.712
459.08
470.274
485.978
559.574
