1
8
8.5
15.1667
17.1667
18.1667
18.3333
19.619
20.619
23.2857
36.5477
52.1642
83.3277
115.577
159.093
193.01
217.044
239.924
263.935
296.847
320.868
336.938
349.36
364.633
378.627
392.964
407.379
421.717
433.409
443.426
452.56
462.406
472.238
481.277
490.762
501.021
513.099
523.507
532
541.37
550.835
559.894
568.512
576.908
585.765
593.648
601.661
610.013
618.438
626.541
633.792
639.789
645.395
651.569
657.61
663.896
670.7
677.938
685.64
692.982
701.039
710.046
719.942
729.368
737.809
745.916
754.127
761.62
767.679
774.346
780.76
786.326
791.531
796.854
801.743
807.063
811.641
816.265
820.488
825.268
829.439
833.9
838.241
843.317
849.271
856.017
862.679
869.047
875.407
881.898
887.477
893.938
900.149
907.077
914.002
920.88
926.487
932.392
938.09
943.696
948.848
954.209
959.067
963.993
968.77
973.341
977.575
981.564
985.647
990.346
994.423
998.419
1002.01
1005.57
1009.09
1012.42
1016.01
1019.16
1022.96
1026.31
1029.64
1033.17
1036.52
1039.95
1043.3
1046.87
1050.06
1054.05
1057.29
1061.01
1064.93
1068.42
1072.03
1075.66
1079.24
1082.54
1085.82
1088.99
1092.42
1095.72
1098.72
1102.15
1106
1109.37
1112.57
1116.15
1119.7
1123.03
1126.29
1129.54
1132.76
1136.6
1139.67
1143.21
1146.58
1150.33
1153.79
1157.32
1160.89
1164.27
1167.77
1170.86
1174.24
1177.4
1180.55
1183.89
1186.63
1189.52
1192.38
1195.05
1198
1200.92
1203.68
1206.66
1209.59
1212.11
1214.87
1217.69
1220.53
1223.47
1226.06
1228.57
1231.28
1234.1
1237.11
1239.77
1243.17
1245.98
1248.93
1251.81
1254.61
1257.29
1259.8
1262.27
1264.76
1267.23
1269.52
1272.06
1274.38
1276.97
1279.58
1282.01
1284.53
1287.18
1290.32
1293.29
1296.63
1299.63
1303.18
1306.38
1309.63
1312.67
1315.77
1318.53
1321.94
1324.74
1327.5
1330.28
1333.27
1336.4
1339.29
1342.5
1345.78
1349.16
1352.43
1356.06
1359.7
1363.08
1366.1
1369.18
1372.3
1375.47
1378.61
1381.65
1384.82
1387.8
1390.94
1393.95
1397
1399.95
1403.25
1406.06
1409.09
1412.47
1415.76
1418.96
1421.78
1424.98
1428.11
1431.22
1434.59
1437.4
1440.05
1442.68
1445.22
1447.8
1450.33
1452.93
1455.42
1458.05
1460.76
1463.59
1466.63
1469.6
1472.51
1475.59
1478.5
1481.51
1484.48
1487.4
1490.17
1492.83
1495.39
1498.02
1500.81
1503.55
1506.15
1508.97
1511.46
1514.15
1516.58
1519.19
1521.66
1524.17
1526.86
1529.4
1531.91
1534.22
1536.69
1539.11
1541.55
1544.1
1546.4
1548.72
1551.39
1553.82
1556.57
1559.16
1561.77
1564.68
1567.41
1570.42
1573.21
1576.2
1579.31
1582.75
1585.66
1588.51
1591.87
1595.38
1598.19
1600.76
1604.06
1606.69
1609.44
1612.14
1614.77
1617.35
1620.27
1623.1
1625.47
1628.24
1631.06
1633.8
1636.47
1639.2
1641.97
1644.76
1647.21
1649.93
1652.33
1655.05
1657.51
1660
1662.34
1664.8
1667.27
1669.53
1671.97
1674.54
1676.57
1678.91
1681.2
1683.42
1685.75
1687.83
1689.68
1691.64
1693.63
1695.23
1697.07
1698.92
1700.93
1702.79
1704.39
1706.2
1708.1
1709.88
1711.89
1713.47
1715.08
1716.99
1718.75
1720.34
1721.81
1723.33
1725.01
1726.77
1728.32
1729.85
1731.36
1732.78
1734.25
1735.8
1737.36
1738.81
1740.51
1742.4
1743.87
1745.33
1746.89
1748.6
1750.09
1751.58
1753.08
1754.66
1756.28
1757.83
1759.33
1761.02
1762.6
1764.01
1765.69
1767.54
1769.29
1771.07
1772.79
1774.56
1776.39
1778.17
1779.7
1781.53
1783.4
1785.09
1786.76
1788.37
1790.14
1791.7
1793.43
1795.24
1797.14
1798.87
1800.57
