2
2.47222
2.58333
3
3.25
3.3006
4
4.54861
5
7.3
10.1398
13.4774
17.5267
18.959
22.0831
25.1883
27.4535
29.162
30.8952
32.3498
33.7211
35.0937
36.2613
37.5877
38.8501
40.3032
41.7235
43.157
44.4123
45.7299
47.2895
48.5419
49.9276
51.129
52.3218
53.4516
54.4819
55.4038
56.3673
57.4678
58.3673
59.3484
60.2026
61.0549
61.9579
62.9276
63.8462
64.7777
65.7648
66.6476
67.5943
68.4279
69.2614
70.026
70.9952
71.7674
72.5788
73.3887
74.2087
75.0646
75.8944
76.6984
77.462
78.2396
78.9529
79.6606
80.3371
81.0232
81.6451
82.217
82.8311
83.3534
83.8055
84.3127
84.844
85.3652
85.812
86.3613
86.8578
87.317
87.7618
88.1909
88.6104
89.0061
89.4722
89.8336
90.2577
90.6798
91.1276
91.4707
91.8021
92.2274
92.6424
93.0128
93.4328
93.8208
94.1716
94.5131
94.844
95.1589
95.5008
95.9006
96.241
96.6001
96.925
97.2363
97.6301
97.9583
98.2797
98.6544
99.0288
99.4147
99.7767
100.084
100.402
100.764
101.075
101.371
101.684
102.013
102.312
102.638
102.983
103.317
103.596
103.932
104.263
104.588
104.944
105.285
105.604
105.947
106.293
106.667
106.971
107.336
107.686
107.97
108.281
108.613
108.949
109.26
109.573
109.88
110.223
110.553
110.86
111.186
111.51
111.872
112.167
112.504
112.836
113.156
113.531
113.842
114.141
114.471
114.807
115.107
115.419
115.715
116.01
116.269
116.588
116.907
117.216
117.542
117.861
118.161
118.438
118.716
118.996
119.278
119.603
119.867
120.151
120.427
120.728
121.034
121.339
121.592
121.868
122.161
122.439
122.735
123.044
123.31
123.589
123.904
124.192
124.492
124.778
125.107
125.408
125.676
125.937
126.217
126.475
126.735
127.037
127.343
127.618
127.939
128.196
128.487
128.768
129.059
129.343
129.607
129.887
130.166
130.426
130.724
131.004
131.29
131.573
131.864
132.189
132.504
132.79
133.083
133.376
133.686
133.982
134.285
134.577
134.882
135.182
135.488
135.795
136.089
136.358
136.675
136.962
137.26
137.553
137.83
138.104
138.408
138.703
139.008
139.316
139.618
139.885
140.146
140.442
140.781
141.08
141.405
141.746
142.06
142.362
142.672
142.933
143.237
143.53
143.801
144.113
144.434
144.713
144.997
145.322
145.637
145.963
146.255
146.537
146.888
147.201
147.484
147.779
148.069
148.35
148.664
148.983
149.32
149.618
149.94
150.278
150.59
150.887
151.233
151.509
151.827
152.134
152.448
152.782
153.093
153.386
153.706
154.045
154.328
154.624
154.924
155.288
155.571
155.896
156.254
156.64
156.957
157.3
157.682
158.051
158.394
158.804
159.208
159.545
159.907
160.3
160.675
161.009
161.349
161.706
162.094
162.472
162.87
163.224
163.61
164.028
164.422
164.836
165.223
165.635
166.015
166.383
166.742
167.115
167.504
167.9
168.261
168.642
169.013
169.349
169.75
170.123
170.54
170.901
171.275
171.689
172.025
172.43
172.817
173.152
173.549
173.93
174.298
174.592
174.986
175.381
175.722
176.137
176.564
176.944
177.331
177.776
178.208
178.567
178.984
179.401
179.836
180.285
180.685
181.117
181.546
181.996
182.404
182.835
183.248
183.677
184.122
184.513
184.961
185.38
185.868
186.298
186.766
187.224
187.693
188.175
188.656
189.119
189.591
190.008
190.498
190.927
191.365
191.8
192.255
192.741
193.201
193.708
194.217
194.747
195.201
195.652
196.154
196.646
197.156
197.707
198.273
198.767
199.297
199.847
200.395
200.929
201.488
202.042
202.657
203.258
203.845
204.391
204.992
205.531
206.066
206.688
207.268
207.859
208.498
209.152
209.844
210.525
211.181
211.855
212.427
213.176
213.881
214.595
215.287
216.055
216.82
217.622
218.441
219.311
220.254
221.102
222.135
223.276
224.361
225.556
226.983
228.291
229.746
231.166
232.562
234.179
235.742
237.315
238.852
240.292
241.658
242.883
244.241
245.631
246.803
248.011
249.078
250.531
251.778
253.074
254.19
255.523
257.078
258.541
259.948
261.241
262.537
264.173
265.537
266.784
268.075
269.337
270.419
271.468
272.761
274.12
275.515
276.868
278.271
279.91
281.6
283.142
284.913
286.872
289.471
292.478
296.296
301.097
308.153
320.248
338.635
345.056
349.789
354.529
357.739
360.66
364.46
367.895
371.532
376.074
380.987
385.329
390.453
400.567
409.039
416.958
423.176
431.978
441.724
450.616
457.724
463.975
474.033
672.502
