2
2.11111
3
3.31111
4
5.77475
6
6.66667
6.91667
9.66667
13.5199
17.9966
23.4531
26.1153
33.1072
37.7218
40.7458
43.4695
45.4383
47.1635
49.1309
50.8862
52.6789
54.267
55.8842
57.4542
58.9551
60.5084
61.9394
63.1187
64.2419
65.3554
66.5994
67.8775
69.1151
70.1326
71.0684
72.0469
73.0942
74.0808
75.0996
76.0306
76.9235
77.8844
78.7648
79.5071
80.4025
81.1161
82.0408
82.8591
83.784
84.7255
85.539
86.4164
87.2957
88.0172
88.8053
89.627
90.4928
91.1892
91.8691
92.562
93.2624
93.9414
94.6423
95.2897
95.8753
96.4094
96.9633
97.5328
98.0811
98.6037
99.1628
99.6663
100.151
100.626
101.124
101.574
101.995
102.506
102.982
103.516
103.951
104.36
104.785
105.212
105.614
106.034
106.468
106.871
107.269
107.702
108.037
108.41
108.775
109.188
109.54
109.912
110.316
110.685
111.054
111.414
111.743
112.081
112.438
112.787
113.136
113.509
113.89
114.241
114.593
114.908
115.233
115.557
115.905
116.211
116.573
116.888
117.204
117.52
117.832
118.158
118.497
118.798
119.093
119.405
119.675
119.948
120.225
120.537
120.831
121.124
121.395
121.695
121.992
122.256
122.516
122.812
123.088
123.354
123.622
123.922
124.215
124.527
124.822
125.075
125.384
125.658
125.958
126.223
126.523
126.81
127.104
127.387
127.657
127.914
128.149
128.424
128.693
128.994
129.246
129.527
129.782
130.04
130.332
130.586
130.878
131.137
131.426
131.681
131.934
132.173
132.438
132.71
132.941
133.186
133.463
133.714
134
134.268
134.528
134.768
135.036
135.299
135.586
135.84
136.14
136.408
136.672
136.946
137.223
137.512
137.784
138.062
138.336
138.583
138.847
139.122
139.394
139.682
139.984
140.266
140.531
140.797
141.016
141.27
141.545
141.832
142.087
142.352
142.63
142.903
143.146
143.454
143.688
143.957
144.272
144.552
144.845
145.144
145.443
145.736
146.07
146.404
146.736
147.068
147.34
147.613
147.936
148.264
148.575
148.895
149.205
149.527
149.841
150.177
150.527
150.839
151.188
151.507
151.862
152.208
152.53
152.887
153.222
153.554
153.868
154.183
154.499
154.853
155.185
155.473
155.8
156.15
156.442
156.761
157.061
157.374
157.755
158.055
158.379
158.718
159.039
159.37
159.673
159.968
160.267
160.597
160.865
161.187
161.483
161.776
162.125
162.488
162.772
163.083
163.411
163.723
164.061
164.378
164.695
164.979
165.312
165.645
165.966
166.287
166.611
166.892
167.229
167.564
167.87
168.189
168.536
168.866
169.167
169.468
169.798
170.129
170.458
170.823
171.156
171.493
171.817
172.149
172.51
172.841
173.208
173.555
173.891
174.23
174.558
174.941
175.261
175.642
175.958
176.297
176.643
176.988
177.33
177.698
178.055
178.461
178.816
179.137
179.508
179.888
180.222
180.614
181.006
181.357
181.718
182.065
182.444
182.836
183.24
183.649
183.98
184.428
184.804
185.154
185.547
185.967
186.361
186.762
187.156
187.573
187.981
188.406
188.799
189.191
189.623
190.064
190.468
190.859
191.258
191.675
192.086
192.5
192.984
193.4
193.88
194.299
194.741
195.197
195.668
196.133
196.581
197.026
197.484
197.896
198.36
198.849
199.344
199.838
200.282
200.757
201.165
201.593
202.069
202.543
203.02
203.501
203.978
204.463
204.918
205.456
205.92
206.352
206.776
207.3
207.769
208.209
208.683
209.213
209.707
210.207
210.673
211.143
211.642
212.082
212.534
212.992
213.492
213.939
214.45
215.037
215.559
216.134
216.567
217.153
217.703
218.257
218.782
219.316
219.953
220.514
221.147
221.735
222.297
222.91
223.614
224.191
224.865
225.523
226.222
226.894
227.667
228.411
229.225
229.987
230.734
231.676
232.52
233.447
234.409
235.331
236.277
237.225
238.281
239.25
240.289
241.414
242.736
243.862
244.979
246.264
247.647
248.85
250.126
251.383
252.475
253.853
255.498
257.035
258.664
260.316
261.891
263.513
264.988
266.669
268.048
269.549
270.894
272.193
273.413
274.651
275.871
277.17
278.288
279.563
280.892
282.23
283.393
284.482
285.816
287.048
288.266
289.419
290.865
292.364
293.966
295.641
297.273
298.694
300.343
302.136
304.383
307.428
310.566
314.294
319.361
325.432
332.952
339.8
345.811
353.37
366.556
374.228
378.538
383.118
386.664
389.538
392.302
395.627
398.114
401.145
404.819
409.217
418.544
431.318
445.491
476.322
575.26
