2
2.5
3
3.5
3.57143
5
5.07619
5.1
5.20952
7.22708
10.125
12.3161
15.5666
16.8451
20.4924
24.2887
27.8928
30.8587
33.4716
35.2671
37.3454
39.2275
40.929
42.7641
44.314
46.1154
47.3368
48.7047
49.799
50.6469
51.5495
52.5546
53.4214
54.3207
55.1155
55.9197
56.7695
57.4662
58.2556
58.9069
59.5228
60.1131
60.7072
61.4109
61.9953
62.5764
63.2165
63.7658
64.3106
64.8589
65.3885
65.9672
66.4928
67.0371
67.5446
68.0597
68.5274
69.0237
69.5074
69.969
70.4448
70.9251
71.4011
71.9411
72.4036
72.801
73.2545
73.7248
74.1649
74.6028
74.9595
75.4061
75.8657
76.3138
76.7612
77.2471
77.71
78.1541
78.5629
79.0657
79.5372
80.0235
80.421
80.919
81.4014
81.861
82.2547
82.7173
83.0402
83.4872
83.8735
84.2971
84.7489
85.1592
85.5918
86.0263
86.4358
86.8115
87.1777
87.5175
87.925
88.3824
88.7045
89.0669
89.4703
89.848
90.2118
90.5866
90.9888
91.2946
91.6402
92.0234
92.3885
92.7514
93.113
93.4343
93.7543
94.164
94.4987
94.8287
95.1539
95.5167
95.819
96.1087
96.4254
96.7246
97.0602
97.3656
97.6745
97.9559
98.244
98.5369
98.8541
99.1441
99.4564
99.7475
100.024
100.302
100.608
100.87
101.146
101.403
101.669
101.921
102.173
102.419
102.673
102.95
103.212
103.467
103.697
103.959
104.231
104.456
104.702
104.94
105.196
105.408
105.675
105.909
106.136
106.375
106.644
106.887
107.107
107.353
107.627
107.871
108.097
108.344
108.573
108.795
109.025
109.276
109.51
109.735
109.957
110.213
110.436
110.695
110.931
111.165
111.383
111.635
111.88
112.131
112.378
112.632
112.877
113.117
113.352
113.611
113.868
114.091
114.341
114.588
114.809
115.086
115.317
115.584
115.829
116.092
116.357
116.59
116.874
117.104
117.355
117.615
117.907
118.193
118.44
118.734
118.978
119.223
119.52
119.764
120.044
120.316
120.601
120.862
121.147
121.41
121.714
122.03
122.332
122.638
122.946
123.3
123.585
123.895
124.233
124.553
124.877
125.196
125.512
125.864
126.167
126.449
126.793
127.16
127.511
127.835
128.149
128.464
128.789
129.134
129.538
129.856
130.19
130.54
130.889
131.258
131.621
131.961
132.283
132.628
132.979
133.319
133.726
134.135
134.507
134.922
135.268
135.648
136.026
136.406
136.77
137.16
137.56
137.961
138.317
138.694
139.047
139.458
139.876
140.285
140.657
141.059
141.448
141.873
142.261
142.639
142.994
143.392
143.794
144.224
144.64
145.079
145.491
145.892
146.323
146.77
147.207
147.646
148.036
148.496
148.921
149.315
149.734
150.164
150.597
151.035
151.441
151.925
152.373
152.831
153.267
153.681
154.128
154.576
154.974
155.404
155.856
156.297
156.753
157.255
157.723
158.15
158.666
159.161
159.602
160.025
160.432
160.895
161.366
161.869
162.374
162.927
163.475
164.077
164.587
165.101
165.667
166.167
166.712
167.252
167.824
168.33
168.85
169.4
169.949
170.516
171.065
171.623
172.18
172.782
173.373
173.964
174.589
175.097
175.664
176.235
176.762
177.348
177.987
178.502
179.065
179.632
180.158
180.762
181.298
181.847
182.4
182.908
183.374
183.905
184.55
185.114
185.632
186.205
186.743
187.275
187.784
188.367
188.962
189.555
190.108
190.716
191.304
191.832
192.524
193.163
193.702
194.256
194.848
195.458
196.105
196.776
197.366
197.971
198.632
199.182
199.825
200.478
201.077
201.686
202.293
203.016
203.696
204.261
205.015
205.741
206.354
207.029
207.737
208.427
209.156
209.885
210.627
211.329
212.141
212.87
213.702
214.525
215.47
216.457
217.496
218.372
219.197
220.146
221.234
222.36
223.467
224.363
225.373
226.541
227.664
228.785
229.94
231.038
232.159
233.169
234.212
235.185
236.203
237.227
238.27
239.265
240.261
241.481
242.655
243.9
244.947
245.901
246.907
247.89
248.723
249.678
250.686
251.662
252.832
253.944
255.005
256.025
257.173
258.347
259.428
260.732
261.733
262.901
264.182
265.336
266.657
267.905
269.402
270.735
272.18
273.619
275.047
276.423
277.859
279.659
281.417
283.252
285.05
287.196
289.361
292.039
294.872
297.791
300.914
304.006
306.52
308.87
310.989
313.063
314.703
316.317
318.245
319.973
322.216
324.461
326.992
329.286
331.783
334.746
337.456
340.559
343.233
346.719
351.292
359.269
372.678
390.824
405.936
413.047
421.434
428.804
441.665
474.095
508.344
570.61
601.368
