2
2.5
3
3.25
4
5.33333
5.60714
5.70833
5.98551
10.598
14.3283
17.3708
21.806
23.2173
26.532
30.9441
34.6286
37.5687
40.2507
42.4733
44.2523
45.7702
47.2518
48.8316
50.1332
51.4902
52.5228
53.7027
54.8401
55.9224
57.038
58.0438
58.993
60.1045
60.9546
61.9247
62.8987
63.7127
64.5562
65.4034
66.2032
67.0396
67.8829
68.6464
69.4491
70.1015
70.6884
71.3954
72.1312
72.7761
73.4134
74.1207
74.7136
75.3347
76.0383
76.5923
77.1711
77.7583
78.4386
79.0366
79.5363
80.0654
80.5797
81.1471
81.719
82.2503
82.6812
83.121
83.6776
84.2168
84.7597
85.2513
85.7856
86.3347
86.7887
87.2207
87.7045
88.1881
88.6303
89.0316
89.4263
89.8604
90.2557
90.7577
91.1909
91.6786
92.1227
92.5396
93.0379
93.5289
93.9726
94.4562
94.9184
95.3651
95.8235
96.2894
96.7487
97.2248
97.6789
98.1143
98.611
99.0625
99.4953
99.9575
100.437
100.864
101.326
101.874
102.365
102.786
103.207
103.695
104.151
104.595
105.028
105.515
105.952
106.392
106.755
107.2
107.621
108.069
108.495
108.927
109.444
109.836
110.285
110.709
111.1
111.525
111.946
112.359
112.772
113.179
113.583
113.998
114.419
114.791
115.14
115.577
116.017
116.41
116.779
117.18
117.63
118.035
118.405
118.8
119.171
119.543
119.932
120.289
120.662
121.022
121.456
121.846
122.216
122.593
122.976
123.388
123.767
124.174
124.603
125.023
125.422
125.837
126.24
126.64
127.009
127.427
127.777
128.193
128.577
129.007
129.421
129.827
130.208
130.602
131.039
131.471
131.917
132.372
132.844
133.275
133.715
134.129
134.565
135.042
135.455
135.896
136.344
136.791
137.246
137.736
138.161
138.579
138.994
139.417
139.863
140.327
140.776
141.165
141.538
141.918
142.319
142.698
143.074
143.498
143.92
144.3
144.774
145.182
145.565
145.975
146.393
146.822
147.205
147.639
148.078
148.53
148.939
149.345
149.743
150.119
150.556
150.964
151.39
151.838
152.266
152.664
153.102
153.496
153.93
154.344
154.745
155.191
155.601
155.991
156.379
156.778
157.153
157.565
157.947
158.303
158.71
159.155
159.566
160.002
160.437
160.844
161.23
161.596
162.052
162.477
162.927
163.356
163.777
164.162
164.557
164.998
165.445
165.902
166.395
166.84
167.336
167.722
168.168
168.598
169.098
169.602
170.071
170.525
170.95
171.452
171.937
172.294
172.807
173.282
173.72
174.231
174.73
175.245
175.709
176.116
176.593
177.022
177.435
177.898
178.421
178.894
179.393
179.878
180.326
180.78
181.235
181.749
182.258
182.68
183.141
183.615
184.064
184.512
184.999
185.459
185.941
186.414
186.907
187.392
187.904
188.389
188.858
189.336
189.785
190.236
190.687
191.122
191.658
192.215
192.617
193.125
193.624
194.117
194.588
195.084
195.547
196.036
196.516
196.939
197.433
197.915
198.466
198.948
199.428
199.896
200.363
200.899
201.427
201.946
202.465
203.038
203.542
204.05
204.572
205.074
205.617
206.241
206.734
207.344
207.977
208.53
209.174
209.795
210.532
211.203
211.805
212.489
213.2
213.876
214.491
215.198
215.832
216.498
217.202
217.968
218.658
219.286
219.925
220.628
221.443
222.191
222.934
223.666
224.501
225.296
226.183
227.051
227.811
228.723
229.575
230.431
231.276
232.18
233.074
234
234.908
235.814
236.672
237.538
238.442
239.336
240.112
241.007
242.033
242.92
243.719
244.456
245.399
246.327
247.243
248.2
249.038
249.85
250.715
251.716
252.758
253.839
254.961
256.002
256.973
258.215
259.249
260.51
261.713
263.054
264.082
265.462
266.709
267.832
268.771
269.885
270.893
271.976
272.809
273.892
274.838
275.751
276.662
277.564
278.58
279.655
280.797
282.083
283.336
284.569
285.8
286.948
288.083
289.366
290.576
291.713
292.86
294.082
295.112
296.178
297.256
298.266
299.334
300.411
301.401
302.574
303.661
304.778
305.949
307.237
308.392
309.587
310.801
312.008
313.081
314.477
315.914
317.192
318.624
320.146
321.736
323.561
325.319
327.225
329.27
332.139
334.922
337.617
340.505
343.092
345.816
348.356
351.51
354.36
357.137
359.671
362.251
364.964
366.94
369.039
371.017
372.862
374.79
376.654
378.597
380.443
382.297
384.428
386.558
389.126
393.275
400.947
416.723
423.243
427.534
431.258
434.475
437.888
441.372
444.807
448.332
451.706
456.284
461.845
474.057
495.31
506.651
517.028
559.748
