2
2.25
3
4
4
4.75
5
5.05556
5.15385
8.33849
10.622
12.6658
16.1445
17.447
20.4104
24.0111
27.4027
30.7
33.4429
36.2589
38.3915
40.4962
42.3738
44.108
45.5562
47.0553
48.5424
49.8934
51.1455
52.3727
53.5274
54.5737
55.7447
56.8393
58.0242
59.1812
60.1581
61.1997
62.2655
63.2718
64.2811
65.0508
65.9139
66.6647
67.4357
68.1652
68.8855
69.6687
70.484
71.2155
71.8503
72.4716
73.2034
73.982
74.7059
75.3623
76.0843
76.8073
77.5107
78.1565
78.8064
79.4971
80.1394
80.7058
81.2886
81.8554
82.3996
82.9181
83.4896
84.0361
84.524
85.0239
85.5507
86.0382
86.5575
87.0348
87.4646
87.9407
88.3681
88.8477
89.3461
89.7897
90.2749
90.7163
91.1266
91.5568
92.0534
92.4371
92.9161
93.3447
93.7446
94.1764
94.5865
95.0049
95.3584
95.7581
96.1921
96.5481
96.9091
97.268
97.6535
98.0293
98.3988
98.8323
99.1897
99.5616
99.9413
100.324
100.639
100.96
101.291
101.65
101.998
102.317
102.679
103.014
103.355
103.72
104.067
104.384
104.744
105.091
105.489
105.877
106.211
106.521
106.864
107.203
107.526
107.832
108.179
108.565
108.922
109.275
109.588
109.957
110.283
110.607
110.918
111.257
111.61
111.952
112.248
112.605
113.005
113.358
113.671
113.983
114.316
114.657
115.04
115.411
115.78
116.189
116.512
116.896
117.185
117.572
117.964
118.306
118.678
119.013
119.345
119.729
120.056
120.418
120.778
121.145
121.503
121.869
122.158
122.499
122.846
123.181
123.518
123.892
124.197
124.53
124.866
125.236
125.546
125.941
126.336
126.704
127.091
127.476
127.818
128.17
128.566
128.958
129.331
129.709
130.077
130.426
130.764
131.125
131.474
131.837
132.245
132.554
132.91
133.252
133.617
133.976
134.345
134.726
135.092
135.47
135.825
136.232
136.586
136.94
137.296
137.631
137.98
138.378
138.806
139.194
139.605
139.981
140.382
140.748
141.167
141.545
142.003
142.418
142.814
143.233
143.632
144.03
144.448
144.86
145.325
145.807
146.253
146.663
147.018
147.446
147.841
148.245
148.661
149.062
149.466
149.806
150.161
150.552
150.975
151.331
151.741
152.121
152.511
152.873
153.246
153.665
154.099
154.49
154.926
155.35
155.787
156.142
156.574
156.996
157.421
157.859
158.262
158.672
159.104
159.503
160.024
160.441
160.887
161.315
161.778
162.249
162.774
163.222
163.655
164.108
164.586
165.027
165.486
165.9
166.303
166.734
167.145
167.595
168.014
168.493
168.94
169.37
169.842
170.301
170.727
171.168
171.579
171.971
172.451
172.896
173.328
173.806
174.256
174.723
175.18
175.65
176.084
176.602
177.03
177.481
177.923
178.411
178.818
179.242
179.673
180.138
180.605
181.055
181.516
182.048
182.481
182.953
183.479
183.979
184.454
184.925
185.433
185.856
186.338
186.784
187.213
187.715
188.22
188.699
189.196
189.724
190.212
190.711
191.21
191.651
192.171
192.688
193.113
193.529
194.009
194.458
194.881
195.379
195.87
196.295
196.784
197.235
197.762
198.163
198.613
199.065
199.531
199.966
200.425
200.956
201.414
201.843
202.281
202.745
203.221
203.716
204.175
204.687
205.193
205.661
206.149
206.61
207.107
207.613
208.07
208.587
209.128
209.6
210.111
210.598
211.11
211.661
212.116
212.666
213.1
213.575
214.061
214.562
215.062
215.543
216.014
216.499
217.023
217.482
217.98
218.383
218.868
219.311
219.748
220.225
220.754
221.268
221.791
222.334
222.798
223.308
223.808
224.352
224.841
225.485
226.073
226.582
227.141
227.67
228.295
228.893
229.441
229.988
230.534
231.101
231.767
232.383
232.973
233.488
234.105
234.703
235.347
235.911
236.528
237.194
237.864
238.51
239.172
239.773
240.407
241.037
241.607
242.209
242.89
243.443
244.164
244.809
245.35
245.972
246.651
247.317
247.969
248.743
249.407
250.103
250.818
251.515
252.339
253.072
253.833
254.568
255.239
256.128
256.975
257.811
258.62
259.429
260.352
261.217
262.198
263.051
263.847
264.869
265.893
266.97
268.173
269.406
270.632
271.987
273.382
274.732
276.142
277.971
279.847
281.875
283.874
286.244
288.25
290.716
293.89
297.316
301.664
305.411
309.713
313.664
317.28
321.554
326.09
332.113
339.865
347.006
355.926
361.221
365.617
369.16
372.779
377.159
381.896
386.594
391.064
398.832
416.48
434.05
443.156
449.054
453.862
458.501
463.605
471.972
510.539
