1
9
10.5
11.5
15.5
16.1
19.7667
22.1952
22.3202
22.3202
35.027
56.0302
76.4283
122.676
167.927
203.425
235.214
261.428
275.599
290.572
302.984
315.64
331.535
346.98
360.67
373.568
386.556
404.869
426.293
444.393
455.202
465.079
474.086
482.565
491.486
501.303
510.779
519.838
529.069
537.268
546.167
555.056
562.2
568.76
575.3
584.402
593.299
601.683
608.612
615.948
624.131
632.167
639.442
647.066
654.851
662.385
669.392
676.131
682.501
688.081
693.174
698.288
703.102
708.078
713.066
717.839
722.597
727.154
731.409
735.443
739.899
744.498
750.342
755.825
762.006
767.771
772.986
779.369
785.343
791.062
797.659
804.229
810.14
815.265
820.114
824.84
829.675
835.097
841.534
847.6
854.583
861.072
866.999
872.705
878.409
883.425
888.339
893.278
897.659
902.763
907.134
911.917
917.039
921.675
926.621
931.154
936.082
940.254
944.878
948.876
953.092
957.339
961.591
965.986
970.37
974.11
977.814
981.748
985.199
988.496
991.526
994.489
997.086
1000.36
1003.28
1006.36
1009.46
1012.85
1016.23
1019.8
1023.11
1026.6
1029.84
1033.49
1036.78
1040.39
1043.64
1046.67
1049.73
1053.01
1056.24
1058.96
1062.02
1064.43
1067.3
1070.28
1073.07
1075.91
1078.67
1081.43
1084.17
1086.93
1089.56
1092.46
1094.99
1097.38
1099.74
1102.3
1104.64
1106.93
1109.33
1111.71
1114.08
1116.77
1119.88
1122.67
1125.51
1128.3
1131.02
1133.88
1136.92
1139.89
1143.21
1146.65
1150.1
1153.98
1157.85
1161.77
1165.88
1170.28
1174.7
1179.52
1184.33
1188.8
1193.79
1198.86
1204.06
1209.29
1213.91
1218.69
1223.17
1227.73
1231.79
1236.38
1240.36
1244.09
1247.83
1251.46
1255.09
1259.14
1263.43
1267.62
1272.24
1276.45
1280.69
1284.84
1288.88
1293.29
1297.39
1301.49
1305.26
1309.3
1312.58
1316.55
1320.26
1324.34
1328.17
1331.78
1336.05
1340.24
1344.73
1348.89
1353.1
1357.31
1361.51
1366.01
1370.14
1373.64
1377.09
1380.42
1383.32
1386.28
1389.39
1392.64
1396.06
1399.55
1402.9
1406.48
1409.48
1412.9
1415.81
1419.19
1422.4
1425.57
1429.24
1432.96
1436.41
1439.82
1443
1446.4
1449.92
1453.37
1456.8
1460.47
1463.96
1467.57
1470.95
1474.33
1478.07
1481.27
1484.14
1487.22
1490.22
1493.42
1496.79
1499.7
1502.38
1504.94
1507.58
1510.03
1512.49
1515.04
1517.2
1519.74
1522.11
1524.47
1527.19
1529.63
1532.17
1534.56
1537.21
1539.63
1542.09
1544.41
1546.56
1548.99
1551.33
1553.57
1555.9
1557.79
1560.03
1562.57
1564.75
1567.06
1569.29
1571.38
1573.72
1575.9
1578
1580.42
1582.55
1584.86
1587.44
1589.67
1592.09
1594.36
1596.59
1598.87
1601.11
1603.14
1605.36
1607.59
1609.91
1612.18
1614.38
1616.98
1619.34
1621.54
1623.4
1625.62
1627.83
1629.99
1632.17
1634.61
1636.92
1638.94
1641.24
1643.38
1645.52
1647.51
1649.71
1652.1
1654.38
1656.29
1658.48
1660.64
1662.6
1664.9
1667.08
1669.22
1671.26
1673.18
1675.34
1677.46
1679.4
1681.26
1683.31
1685.04
1686.66
1688.42
1690.15
1691.98
1693.75
1695.48
1697.35
1699.33
1701.18
1702.87
1704.56
1706.28
1708.28
1709.96
1711.99
1714.01
1715.93
1718.17
1720.05
1721.84
1723.52
1725.6
1727.62
1729.48
1731.42
1733.31
1735.23
1737.1
1739
1740.87
1742.84
1744.8
1746.65
1748.4
1750.42
1752.21
1754
1756.1
1757.98
1759.86
1761.79
1763.67
1765.35
1767.1
1768.76
1770.45
1772.35
1774.1
1775.88
1777.62
1779.51
1781.4
1783.18
1785.05
1786.95
1788.87
1790.79
1792.62
1794.48
1796.24
1798.19
1800.14
1801.87
1803.62
1805.51
