2
3
3
3.47222
3.5
4
4.27698
4.36111
4.66667
8.88012
11.9305
15.8553
19.8472
20.9983
24.4034
27.2492
29.9308
32.6256
34.7192
36.4512
37.7159
39.0629
40.2643
41.2649
42.1795
43.0112
43.8122
44.6455
45.3978
46.0933
46.8487
47.4805
48.213
48.8975
49.5309
50.1556
50.8449
51.6004
52.2851
52.8781
53.5748
54.1406
54.7097
55.2377
55.8567
56.4234
56.9468
57.5049
58.0317
58.5627
59.0686
59.5902
60.1156
60.6497
61.1823
61.7004
62.1936
62.7091
63.1425
63.649
64.1415
64.6604
65.0977
65.5887
66.0342
66.4983
66.927
67.3567
67.7683
68.1754
68.5481
68.9418
69.312
69.7032
70.1815
70.5803
70.9775
71.3559
71.7501
72.1336
72.5995
73.0216
73.3972
73.7769
74.1423
74.4998
74.8754
75.2659
75.6214
76.0372
76.4025
76.7667
77.1396
77.4557
77.8414
78.1858
78.5609
78.9028
79.2276
79.618
79.9713
80.3471
80.7048
81.0739
81.4828
81.8331
82.1865
82.555
82.9128
83.2612
83.6139
83.9511
84.2471
84.5508
84.8928
85.2139
85.5997
85.9023
86.1954
86.5207
86.8538
87.1797
87.5144
87.8263
88.2073
88.5711
88.8972
89.2758
89.6068
89.9416
90.2599
90.5769
90.875
91.1804
91.515
91.8486
92.1623
92.4475
92.753
93.0522
93.3158
93.6142
93.8502
94.1499
94.4407
94.7232
95.0427
95.3389
95.6172
95.927
96.2289
96.4937
96.7725
97.0666
97.3067
97.5718
97.8432
98.1258
98.4316
98.7049
98.9995
99.3193
99.604
99.8589
100.129
100.374
100.645
100.934
101.217
101.48
101.754
102.02
102.289
102.581
102.854
103.11
103.358
103.635
103.88
104.154
104.425
104.667
104.905
105.162
105.413
105.67
105.905
106.135
106.408
106.64
106.881
107.124
107.41
107.672
107.925
108.186
108.469
108.686
108.979
109.233
109.489
109.736
109.987
110.222
110.47
110.708
110.941
111.199
111.456
111.689
111.935
112.171
112.402
112.623
112.901
113.121
113.413
113.665
113.918
114.185
114.467
114.704
114.982
115.262
115.557
115.818
116.069
116.305
116.552
116.801
117.044
117.272
117.569
117.802
118.059
118.329
118.637
118.945
119.21
119.49
119.751
120.046
120.327
120.656
120.932
121.251
121.482
121.782
122.075
122.359
122.66
122.94
123.241
123.529
123.834
124.144
124.417
124.738
125.071
125.367
125.67
125.947
126.308
126.629
126.962
127.233
127.52
127.833
128.149
128.481
128.777
129.123
129.443
129.735
130.037
130.394
130.748
131.039
131.358
131.672
131.989
132.279
132.639
132.947
133.296
133.635
133.959
134.3
134.642
134.972
135.317
135.65
136.007
136.347
136.747
137.105
137.457
137.893
138.223
138.64
139.065
139.445
139.849
140.286
140.683
141.123
141.539
141.915
142.299
142.684
143.068
143.452
143.808
144.19
144.618
145.003
145.387
145.758
146.113
146.459
146.851
147.241
147.643
148.067
148.518
148.908
149.314
149.727
150.174
150.594
151.023
151.488
151.931
152.418
152.894
153.342
153.747
154.226
154.639
155.095
155.587
156.093
156.625
157.143
157.625
158.116
158.68
159.157
159.68
160.149
160.728
161.168
161.662
162.13
162.62
163.171
163.611
164.043
164.499
165.01
165.555
166.059
166.64
167.17
167.728
168.275
168.778
169.32
169.803
170.335
170.868
171.371
171.878
172.432
172.884
173.407
173.902
174.433
174.97
175.472
176.03
176.467
176.956
177.497
178.032
178.569
179.106
179.651
180.168
180.7
181.181
181.712
182.302
182.774
183.367
183.861
184.446
185.018
185.545
186.145
186.715
187.343
187.935
188.512
189.11
189.672
190.286
190.851
191.415
192.022
192.625
193.194
193.82
194.389
194.934
195.444
196.032
196.68
197.262
197.791
198.456
199.085
199.721
200.397
201.081
201.844
202.525
203.186
203.893
204.688
205.375
206.121
206.823
207.589
208.341
209.081
209.823
210.617
211.386
212.261
213.096
214.07
215.134
216.132
217.286
218.425
219.512
220.552
221.698
222.833
224.066
225.335
226.615
228.027
229.294
230.609
231.975
233.39
234.82
236.356
237.601
238.874
240.112
241.49
242.492
243.873
245.224
246.616
248.145
249.552
250.989
252.549
254.217
255.78
257.417
258.839
260.572
262.155
263.841
265.417
266.861
268.749
270.692
272.365
273.967
275.731
277.575
279.127
281.138
282.687
284.741
286.772
289.043
291.127
293.736
296.34
299.44
302.143
305.618
308.834
312.306
315.581
319.429
324.247
330.708
336.613
340.287
344.579
349.637
355.297
368.769
431.731
518.742
