1
8
9.5
9.83333
15.3333
20.3333
21.6667
22.9524
23.3274
25.4385
41.3034
53.6701
70.9794
126.418
163.548
198.884
226.181
247.614
262.863
278.65
296.579
319.329
349.707
367.145
379.792
391.439
402.442
413.832
424.629
433.777
441.392
448.961
458.112
467.249
474.93
482.581
491.438
500.236
509.878
518.847
529.588
541.184
551.189
562.449
577.821
594.027
607.937
619.093
630.2
639.131
647.328
655.347
662.932
670.775
677.805
684.829
691.836
698.337
705.364
711.628
717.597
723.5
729.585
735.548
740.989
746.767
751.882
757.233
762.493
766.456
771.128
775.526
779.717
784.269
789.127
794.259
798.917
803.595
808.033
812.044
816.418
821.022
825.046
829.776
834.744
839.116
843.806
848.359
853.928
859.219
864.919
870.948
877.224
883.001
889.174
894.67
900.853
907.655
914.996
922.266
928.569
935.011
941.417
947.241
953.357
959.95
965.652
971.393
976.736
981.267
986.079
990.886
995.596
1000.24
1005.45
1010.34
1015.07
1019.19
1023.53
1027.95
1031.69
1035.81
1039.24
1043.31
1047.77
1052.22
1056.9
1061.16
1065.31
1069.23
1073.47
1077.32
1080.46
1084.2
1087.71
1091.12
1094.43
1097.36
1100.43
1103.25
1105.88
1108.68
1111.72
1114.83
1117.86
1120.75
1123.82
1127.34
1130.39
1133.52
1136.55
1139.51
1142.29
1145.35
1148.14
1150.84
1153.87
1157.59
1161.07
1164.88
1168.76
1173
1177.32
1182.26
1186.54
1191.28
1195.92
1200.48
1205.2
1209.93
1214.27
1218.15
1222.28
1226.64
1230.96
1235.24
1239.2
1243.34
1247.31
1251.35
1255.12
1258.94
1262.54
1265.92
1269.02
1272.17
1274.88
1277.7
1280.74
1283.46
1286.47
1289.13
1291.86
1295.05
1297.63
1300.21
1303.12
1305.92
1308.46
1311.06
1313.92
1316.44
1318.95
1321.59
1324.39
1326.96
1329.58
1332.6
1335.38
1337.84
1341.17
1343.82
1346.48
1349.27
1351.76
1354.25
1357.11
1359.74
1362.14
1364.63
1367.22
1369.95
1372.5
1375.1
1377.95
1380.49
1382.93
1385.38
1387.86
1390.26
1392.51
1394.74
1397.23
1399.42
1401.93
1404.45
1406.86
1409.14
1411.62
1413.94
1416.27
1418.41
1420.63
1422.98
1425.06
1427.3
1429.53
1431.9
1433.91
1436.04
1438.06
1439.88
1441.73
1443.65
1445.62
1447.52
1449.32
1451.2
1452.94
1454.98
1456.98
1459.06
1461.11
1463.12
1465.08
1467
1469.01
1471.07
1472.9
1474.8
1476.67
1478.59
1480.39
1482.18
1483.9
1485.57
1487.17
1488.83
1490.37
1492.08
1493.62
1495.09
1496.63
1498.04
1499.39
1501.06
1502.62
1504.15
1505.81
1507.53
1509.11
1510.77
1512.52
1514.11
1515.66
1517.38
1519.06
1520.65
1522.26
1523.74
1525.41
1526.93
1528.41
1529.88
1531.33
1532.99
1534.87
1536.52
1538.18
1539.86
1541.44
1543.18
1544.74
1546.41
1548.11
1549.72
1551.64
1553.55
1555.4
1557.54
1559.34
1561.27
1563.41
1565.37
1567.3
1569.31
1571.34
1573.22
1575.21
1577.21
1579.16
1581.51
1583.62
1585.74
1587.93
1590.41
1592.7
1594.96
1597.34
1599.7
1601.87
1604.02
1606.33
1609.09
1611.46
1613.73
1616.24
1618.84
1621.43
1623.81
1626.44
1629.3
1632.08
1634.82
1637.96
1640.63
1643.89
1647.16
1650.34
1653.84
1656.94
1660.12
1663.22
1666.82
1670.24
1673.59
1677.57
1680.61
1684.43
1687.63
1691.24
1694.39
1697.77
1701.05
1704.43
1707.88
1712.16
1716.17
1720.51
1725.24
1729.84
1734.45
1739.02
1743.55
1747.76
1751.78
1755.95
1759.75
1763.98
1768.03
1772.05
1775.94
1780.21
1784.17
1788.3
1792.32
1796.24
1800.26
1804.06
1808.03
1811.21
1814.6
1818.17
1821.33
1824.3
1827.02
1829.65
1832.35
1834.68
1837.11
1839.92
1842.76
1845.3
