1
8
8
12.3333
13.5833
13.5833
17.5833
18.4405
20.0655
23.0655
40.1044
57.6696
78.3503
116.644
150.198
185.875
213.767
250.813
277.441
300.913
322.716
340.396
353.751
367.871
382.935
396.039
407.945
419.245
429.045
438.775
448.722
457.191
464.74
472.237
480.494
488.962
498.476
511.078
523.819
537.301
549.019
558.913
568.812
576.532
584.407
592.178
600.817
609.47
618.925
626.448
635.92
645.892
656.591
665.263
673.875
682.336
691.141
699.917
708.71
717.823
726.493
735.929
745.495
755.546
764.383
772.109
778.513
785.207
791.931
798.199
804.254
810.595
816.925
822.318
827.757
832.433
836.835
841.21
845.273
849.677
853.154
856.549
860.095
864.337
868.467
872.983
877.469
881.198
884.728
888.307
891.788
895.721
899.515
903.568
907.221
911.204
915.274
919.65
923.563
928.145
933.267
938.257
943.377
948.496
954.2
959.958
964.871
970.86
975.755
980.862
986.636
992.171
997.485
1002.45
1007.42
1011.94
1016.3
1020.19
1024.63
1028.51
1032.46
1036.45
1040.66
1044.5
1049.38
1053.69
1058.41
1063.1
1067.62
1071.31
1075.34
1078.75
1082.65
1086.42
1089.67
1093.19
1096.59
1099.94
1103.22
1106.41
1109.73
1113.91
1117.52
1121.72
1125.42
1129.45
1133.02
1136.91
1140.46
1144.37
1148.68
1152.61
1156.74
1160.87
1164.7
1168.9
1173.28
1178.36
1183.22
1189.05
1194.38
1200.11
1206.19
1211.96
1217.87
1222.8
1228.16
1233.21
1237.66
1242.05
1247.04
1251.46
1256.15
1260.4
1264.3
1268.1
1271.82
1275.59
1279.1
1283
1286.71
1290.31
1293.5
1296.95
1300
1302.97
1306.11
1309.26
1312.17
1315.2
1318.05
1320.62
1323.55
1326.37
1329.09
1332.04
1334.91
1337.77
1340.51
1343.37
1346.3
1349.1
1351.91
1354.83
1357.49
1360.32
1363.05
1365.79
1368.07
1371.1
1373.56
1376.07
1378.82
1381.38
1384.26
1387.16
1390.2
1393.18
1395.71
1398.6
1401.3
1403.93
1406.46
1408.88
1411.49
1413.88
1416.32
1418.82
1421.07
1423.63
1426.03
1428.77
1431.59
1434.78
1437.98
1440.85
1443.95
1446.87
1449.92
1452.85
1455.75
1458.69
1461.59
1464.43
1467.95
1471.19
1474.05
1477.2
1479.91
1482.64
1485.32
1488.34
1490.96
1494.04
1496.91
1499.65
1502.12
1504.84
1507.44
1509.94
1511.9
1514.16
1516.34
1518.52
1520.72
1522.82
1524.95
1527.13
1529.31
1531.43
1533.54
1535.42
1537.68
1539.85
1541.91
1544.06
1545.91
1547.93
1549.96
1551.98
1553.81
1555.6
1557.44
1559.24
1561.07
1563.12
1564.86
1566.62
1568.56
1570.34
1572.26
1574.28
1576.24
1578.5
1580.97
1583.04
1585.21
1587.52
1589.81
1592.14
1594.67
1597.06
1599.85
1602.32
1604.63
1607.04
1609.46
1611.73
1614.14
1616.53
1618.76
1621.02
1623.65
1625.83
1627.9
1630.14
1632.37
1634.52
1636.8
1639.03
1641.49
1643.81
1646.61
1649.02
1651.91
1654.62
1657.36
1660.45
1662.87
1665.71
1668.72
1671.56
1674.32
1677.32
1680.15
1682.74
1685.06
1687.5
1689.7
1692.06
1694.15
1696.51
1698.85
1701.11
1703.35
1705.38
1707.46
1709.95
1712.12
1714.41
1716.66
1718.59
1720.48
1722.55
1724.59
1726.68
1728.37
1730.43
1732.32
1734.44
1736.27
1738.08
1740.03
1741.99
1744.02
1745.87
1747.76
1749.7
1751.6
1753.71
1755.81
1757.61
1759.79
1761.89
1763.84
1765.86
1768.04
1770.31
1772.31
1774.27
1776.42
1778.36
1780.28
1782.42
1784.46
1786.35
1788.43
1790.55
1792.74
1794.65
1796.63
1798.72
1800.53
1802.39
1804.29
1806.14
1807.75
1809.61
1811.6
1813.45
1815.2
1817.21
1818.96
1820.76
1822.76
1824.84
1826.84
1828.59
1830.51
1832.27
1834.2
1836.21
1838.08
