2
3
4
4.11905
5.25
6
6
6.44048
6.66364
9.16402
11.1888
14.0734
16.9507
18.0742
21.6399
24.7424
26.9672
28.8657
30.74
32.5868
34.3365
36.1486
37.7615
39.2229
40.7462
42.0561
43.2515
44.5466
45.7786
46.969
47.8988
48.8572
49.9144
50.8061
51.8702
52.7805
53.7162
54.606
55.4273
56.3071
57.1055
57.9951
58.8455
59.5591
60.4301
61.2111
61.892
62.6075
63.2841
63.9095
64.6313
65.2563
65.7897
66.3987
67.0747
67.6856
68.3051
68.9405
69.5503
70.119
70.6779
71.3137
71.9152
72.5674
73.131
73.8242
74.4943
75.0774
75.6795
76.2581
76.836
77.3899
77.9796
78.5058
79.0793
79.6194
80.1658
80.6855
81.2272
81.7785
82.2473
82.714
83.2135
83.7394
84.3039
84.7443
85.2299
85.6799
86.1451
86.5876
87.0163
87.4699
87.9407
88.3806
88.8226
89.2808
89.7912
90.2244
90.6884
91.1617
91.6458
92.0969
92.5886
93.0775
93.5655
94.0295
94.4755
94.9126
95.3644
95.774
96.1953
96.6018
97.0628
97.4862
97.9061
98.3803
98.7825
99.1885
99.6241
100.03
100.414
100.8
101.181
101.574
101.931
102.348
102.725
103.126
103.498
103.865
104.215
104.578
104.95
105.351
105.744
106.125
106.485
106.804
107.117
107.521
107.844
108.209
108.556
108.925
109.308
109.666
110.039
110.372
110.693
111.068
111.436
111.791
112.163
112.491
112.854
113.291
113.709
114.094
114.487
114.872
115.267
115.655
116.091
116.448
116.801
117.17
117.513
117.89
118.273
118.698
119.055
119.431
119.83
120.225
120.653
121.022
121.419
121.787
122.192
122.626
123.04
123.468
123.895
124.304
124.726
125.066
125.461
125.886
126.307
126.728
127.103
127.508
127.922
128.317
128.737
129.161
129.577
129.956
130.332
130.702
131.096
131.444
131.808
132.187
132.57
132.912
133.292
133.642
133.995
134.358
134.677
135.032
135.363
135.667
136.029
136.373
136.717
137.047
137.433
137.81
138.156
138.531
138.86
139.212
139.618
139.999
140.342
140.685
141.012
141.404
141.798
142.111
142.502
142.855
143.223
143.566
143.938
144.31
144.667
145.022
145.356
145.682
146.006
146.345
146.675
147.022
147.346
147.693
148.021
148.391
148.755
149.019
149.303
149.621
149.97
150.348
150.676
151.063
151.439
151.801
152.121
152.48
152.802
153.159
153.48
153.776
154.137
154.465
154.783
155.137
155.45
155.795
156.152
156.509
156.867
157.234
157.623
158.011
158.346
158.74
159.12
159.443
159.803
160.185
160.546
160.949
161.307
161.663
162.052
162.423
162.825
163.193
163.615
164.033
164.415
164.804
165.2
165.571
165.994
166.395
166.851
167.31
167.697
168.11
168.502
168.944
169.365
169.812
170.189
170.582
171.011
171.427
171.845
172.302
172.776
173.288
173.801
174.334
174.83
175.345
175.82
176.333
176.897
177.455
177.986
178.532
178.977
179.535
180.051
180.573
181.106
181.602
182.083
182.655
183.105
183.641
184.153
184.734
185.359
185.952
186.607
187.234
187.9
188.536
189.155
189.782
190.383
191.021
191.692
192.205
192.828
193.418
193.96
194.639
195.269
195.812
196.421
196.914
197.52
198.088
198.711
199.253
199.901
200.524
201.052
201.61
202.208
202.848
203.395
204.046
204.678
205.247
205.83
206.38
206.991
207.608
208.216
208.859
209.433
209.997
210.512
211.071
211.623
212.179
212.717
213.163
213.647
214.168
214.683
215.199
215.715
216.246
216.841
217.312
217.814
218.46
218.926
219.473
220.051
220.54
221.137
221.68
222.274
222.872
223.402
223.957
224.526
225.138
225.698
226.248
226.853
227.417
228.029
228.668
229.256
229.819
230.426
231.077
231.758
232.432
233.088
233.797
234.468
235.23
235.968
236.678
237.432
238.15
238.962
239.68
240.369
241.13
241.835
242.547
243.235
243.881
244.547
245.223
245.879
246.513
247.233
247.967
248.635
249.367
250.003
250.689
251.332
252.074
252.781
253.52
254.245
255.179
256.051
256.8
257.75
258.649
259.573
260.622
261.561
262.579
263.581
264.583
265.589
266.699
267.579
268.604
269.788
270.852
272.04
273.32
274.755
276.187
277.741
279.896
282.226
284.766
287.498
290.45
293.214
296.215
299.868
303.28
306.678
309.572
312.751
315.774
318.641
321.393
324.257
326.859
329.74
332.505
335.013
337.626
340.144
342.783
345.99
348.678
350.986
353.48
355.797
358.219
360.796
363.329
366.046
368.907
372.41
376.546
381.273
389.377
399.763
465.476
590.859
