1
9
10
13.3333
14.0833
14.8833
17.05
18.4786
18.7286
20.0619
36.6263
55.1138
79.4497
116.997
158.914
190.231
216.229
237.386
258.319
278.154
302.889
328.967
347.604
364.328
377.743
390.082
403.622
417.285
427.856
442.263
455.586
468.479
480.066
490.07
499.218
508.368
518.236
527.187
535.934
543.362
549.801
556.584
562.346
568.289
574.024
580.621
587.086
593.985
600.366
606.266
611.373
616.915
623.155
628.69
635.191
641.049
646.923
653.706
660.116
666.229
672.609
680.242
687.507
693.873
700.251
706.316
712.041
717.783
722.742
727.585
732.602
738.475
744.245
750.177
756.365
762.195
768.397
773.988
779.08
784.467
790.018
794.694
799.248
803.998
808.924
813.543
818.749
823.258
828.263
833.326
839.105
845.377
852.208
858.072
864.544
871.005
877.988
885.321
893.488
899.897
906.058
911.917
917.379
921.864
926.351
930.669
935.951
940.586
946.026
951.381
956.032
960.651
965.029
968.962
973.054
977.024
980.806
984.466
988.221
991.999
995.549
999.294
1002.75
1006.33
1009.82
1013.12
1016.27
1019.71
1023.21
1026.85
1030.48
1033.77
1037.53
1041.21
1044.79
1048.65
1052.32
1055.67
1058.89
1062.42
1065.54
1068.87
1072.34
1075.62
1079.53
1084.04
1088.48
1093.06
1097.88
1103.12
1108.42
1113.21
1118.84
1123.67
1127.7
1132.3
1136.51
1140.99
1145.56
1150.16
1154.65
1158.54
1162.59
1166.42
1169.87
1173.41
1176.82
1180.42
1183.95
1187.13
1190.35
1193.2
1196.7
1199.97
1203.38
1206.94
1210.45
1213.93
1217.55
1220.74
1223.73
1226.77
1229.84
1232.85
1235.59
1238.47
1241.39
1244.14
1247.23
1249.88
1252.56
1255.37
1258.01
1261.2
1264.18
1267.43
1270.68
1274.15
1277.67
1281.17
1284.44
1287.31
1290.14
1293.07
1295.79
1298.56
1301.17
1303.76
1306.2
1308.65
1311.18
1313.87
1316.41
1318.97
1321.49
1323.88
1326.44
1328.79
1331.42
1333.83
1336.47
1339.12
1341.76
1344.51
1347.15
1349.9
1352.58
1355.55
1358.16
1360.86
1363.29
1366.07
1368.73
1371.55
1373.92
1376.63
1379.5
1382.1
1385.03
1387.66
1390.51
1392.98
1395.62
1398.32
1401.04
1403.82
1406.32
1408.71
1411.49
1414.09
1416.73
1419.42
1422.16
1424.86
1427.54
1430.19
1433.07
1435.9
1438.95
1441.77
1444.77
1447.69
1450.76
1453.55
1456.75
1459.23
1461.91
1464.74
1466.97
1469.77
1472.39
1474.79
1477.3
1479.81
1482.37
1484.53
1487.19
1489.53
1491.82
1494.17
1496.76
1499.11
1501.57
1503.93
1506.24
1508.49
1510.53
1512.78
1514.87
1517.04
1518.99
1521.11
1523.36
1525.26
1527.37
1529.35
1531.25
1533.11
1535.09
1537.21
1539.2
1541.2
1543.26
1545.26
1547.5
1549.68
1551.83
1554.23
1556.6
1559.09
1561.59
1563.79
1566.61
1569.04
1571.36
1573.73
1576.03
1578.18
1580.63
1582.93
1585.12
1587.21
1589.27
1591.57
1593.95
1596.4
1598.8
1601.44
1604.42
1607.12
1610.21
1613.23
1615.66
1618.58
1621.42
1624.22
1626.89
1629.61
1632.37
1635.2
1638.3
1641.04
1643.79
1647.17
1649.73
1652.39
1655.63
1658.27
1660.78
1663.46
1666.29
1668.98
1671.84
1674.53
1677.03
1679.69
1681.96
1684.39
1686.73
1689.19
1691.6
1693.84
1696.45
1699.35
1701.94
1704.49
1707.02
1709.4
1711.82
1714.31
1716.67
1718.72
1721.04
1723.36
1725.61
1728.02
1730.37
1733.02
1735.77
1738.3
1741.14
1743.95
1746.61
1749.17
1751.63
1754.22
1756.5
1759.34
1761.79
1764.24
1766.83
1769.24
1771.78
1774.34
1776.86
1779.39
1781.96
1785.05
1787.68
1790.62
1793.52
1796.13
1798.84
1801.78
1804.18
1806.45
1808.9
1811.37
1813.77
1816.26
1818.53
1820.53
1823.09
