1
9
9
16
16
16.2
17.8667
18.2952
19.0452
20.3786
31.4852
51.9246
76.2651
127.024
176.265
202.046
221.614
238.71
254.071
267.986
283.17
301.281
323.325
353.19
375.645
391.235
406.681
420.781
435.148
449.668
463.636
479.484
496.784
511.113
525.343
537.369
547.094
556.297
565.003
573.551
579.876
586.107
591.982
598.258
603.914
610.048
615.958
622.299
629.614
637.371
645.086
653.448
661.939
670.339
678.499
685.726
691.553
696.966
702.355
708.306
712.742
717.614
721.958
726.633
730.512
734.744
739.654
744.545
748.843
753.59
757.807
762.313
767.027
771.32
775.757
780.3
785.262
788.953
793.224
797.341
801.417
805.573
810.006
814.699
819.308
824.653
830.143
835.456
841.017
845.95
851.646
857.197
862.471
868.124
873.507
878.876
884.856
892.489
900.604
909.723
917.157
922.898
929.217
935.335
941.5
947.641
953.568
958.815
963.407
967.703
972.401
976.524
981.133
985.207
989.289
993.085
996.843
1000.61
1004.18
1007.9
1011.27
1014.94
1018.5
1022.23
1025.51
1029.06
1032.63
1036.2
1039.47
1042.83
1046.17
1049.43
1053.18
1056.96
1061.07
1065.44
1069.79
1073.93
1077.86
1082.45
1087.42
1091.62
1096.27
1100.29
1104.25
1108.08
1112.62
1117.63
1122.44
1126.48
1130.96
1134.89
1139.59
1143.98
1148.23
1152.97
1157.7
1162.42
1166.64
1171.33
1176.38
1181.23
1185.47
1189.9
1194.37
1198.69
1203.2
1207.73
1211.88
1216.4
1220.64
1224.88
1229.21
1233.41
1237.48
1241.44
1245.07
1248.52
1251.87
1255.12
1258.26
1261.16
1264.12
1267.15
1270.24
1273.45
1276.49
1279.46
1282.2
1285.22
1288.16
1290.99
1293.49
1296.38
1299.04
1301.7
1304.23
1306.57
1309.09
1311.43
1313.81
1316.18
1318.63
1320.76
1323.33
1325.61
1328.26
1330.59
1332.67
1334.79
1337.19
1339.45
1341.64
1343.83
1346.05
1348.46
1350.67
1352.72
1354.84
1356.89
1359.16
1361.25
1363.33
1365.63
1367.87
1369.88
1371.78
1374.23
1376.43
1378.74
1381.38
1383.81
1386.01
1388.83
1391.36
1393.82
1396.44
1399.07
1401.44
1404.12
1406.58
1408.79
1411.33
1413.77
1416.14
1418.27
1420.76
1423.18
1425.61
1428.28
1430.85
1433.35
1436.06
1438.58
1440.72
1443.22
1446.01
1448.71
1451.26
1453.84
1456.59
1459.52
1462.26
1465.4
1468.67
1472.01
1475.38
1479.15
1482.95
1486.75
1490.97
1494.92
1498.92
1502.77
1506.74
1510.68
1514.42
1518.06
1521.63
1524.87
1527.93
1531.03
1533.92
1537.35
1540.24
1543.43
1546.64
1549.62
1552.47
1555.19
1558.3
1561.41
1564.46
1567.57
1570.37
1573.55
1576.53
1579.46
1582.29
1584.88
1587.25
1589.79
1591.89
1594.15
1596.73
1599.19
1601.5
1603.83
1606.34
1608.38
1610.49
1612.65
1615.32
1618.05
1620.68
1623.15
1625.61
1627.68
1629.97
1632.31
1634.45
1636.67
1638.91
1641.05
1643.19
1645.29
1647.41
1649.43
1651.6
1653.46
1655.68
1657.59
1659.58
1661.37
1663.14
1665.08
1666.96
1668.74
1670.68
1672.51
1674.43
1676.14
1678.29
1680.24
1682.16
1684.1
1685.96
1687.77
1689.54
1691.48
1693.2
1695.06
1696.77
1698.56
1700.42
1702.26
1704.13
1706.17
1708.33
1710.46
1712.54
1714.72
1717.12
1719.49
1721.57
1724.18
1726.37
1728.76
1731.1
1733.27
1735.63
1738.26
1740.85
1743.14
1745.78
1748.33
1750.67
1753.01
1755.5
1758.04
1760.28
1762.63
1764.8
1767.1
1769.14
1771.6
1773.79
1775.87
1778
1780.42
1782.61
1784.45
1786.82
1789.26
1791.32
1793.48
1795.66
1797.78
1799.93
1802.15
1804.28
1806.32
1808.15
1810.14
1812.16
1814.04
1816.24
1818.01
1820.04
1822.05
1823.75
1825.65
1827.45
