1
9
10
12.3333
13.3333
14.5333
18.7
18.8429
20.5929
24.1484
37.6305
51.5389
72.0864
122.565
173.856
208.251
231.38
252.999
275.941
297.569
314.998
331.745
346.693
362.36
377.446
391.351
405.761
422.045
438.157
454.281
466.029
475.679
485.991
497.008
505.443
513.499
521.712
530.076
537.927
545.606
553.091
560.254
568.083
575.677
581.962
587.871
592.89
597.553
602.065
606.773
611.773
616.169
620.8
625.754
629.928
635.246
639.896
645.427
650.866
656.735
661.703
667.421
673.464
680.287
687.441
694.587
700.814
707.631
714.178
722.749
731.622
742.315
756.602
775.878
793.812
809.355
820.862
828.95
837.727
845.32
852.171
858.286
863.877
869.338
874.807
880.713
886.044
891.033
895.863
900.715
906.23
911.227
915.89
920.4
924.221
928.25
931.935
936.145
940.056
943.816
947.549
951.164
955.033
959.095
963.084
967.106
970.396
973.98
977.673
981.165
984.441
987.927
991.442
995.141
998.115
1001.91
1005.38
1009.06
1012.69
1016.53
1019.71
1023.1
1026.35
1030.11
1033.31
1037.16
1040.82
1044.44
1048.1
1052.02
1056.02
1060.38
1064.46
1068.62
1072.53
1076.52
1080.3
1084.03
1087.54
1091.05
1094.7
1098.03
1101.61
1105.16
1109.15
1112.87
1116.43
1119.73
1123.12
1126.52
1130.08
1133.78
1137.43
1141.26
1145.05
1148.96
1153.69
1159.07
1164.03
1169.58
1175.3
1180.26
1185.19
1189.3
1193.22
1196.88
1200.71
1203.95
1207.75
1210.7
1213.83
1217.05
1219.88
1223.01
1225.86
1228.96
1231.87
1234.91
1237.81
1241.01
1244.03
1247
1249.59
1252.53
1255.49
1258.35
1261.17
1264.28
1267.35
1270.48
1273.55
1276.62
1280.21
1283.57
1287.03
1290.34
1293.54
1297
1300.55
1303.83
1307.08
1310.33
1313.45
1316.66
1319.54
1322.29
1325.04
1327.68
1330.65
1333.29
1336.08
1338.56
1341.24
1343.78
1346.05
1348.91
1351.6
1354.37
1357
1359.61
1362.7
1365.49
1368.34
1371.33
1374.04
1376.92
1379.86
1382.48
1385.29
1388.01
1390.97
1393.35
1395.88
1398.59
1401.16
1403.56
1405.82
1408.16
1410.29
1412.78
1415.27
1417.95
1420.41
1422.91
1425.63
1428.17
1430.99
1433.88
1436.69
1439.58
1442.29
1445.28
1448.49
1451.4
1454.47
1458.3
1461.64
1465.36
1469.33
1473.85
1479.31
1484.55
1489.66
1494.52
1498.72
1502.56
1506.25
1509.69
1513.7
1517.1
1520.2
1523.66
1526.94
1529.93
1533.34
1536.67
1540.07
1544
1547.34
1550.9
1554.48
1557.65
1560.86
1564.27
1567.11
1570.31
1573.42
1576.11
1579.42
1582.47
1585.19
1588.08
1591.39
1594.24
1597.02
1599.78
1602.61
1605.8
1608.95
1611.71
1614.97
1617.62
1620.54
1623.47
1626.32
1629.36
1632.27
1634.7
1637.2
1639.92
1642.48
1645.08
1647.37
1649.66
1652.06
1654.6
1656.75
1659.13
1661.37
1663.62
1665.97
1667.87
1670.14
1672.17
1674.27
1676.27
1678.33
1680.5
1682.52
1684.41
1686.53
1688.47
1690.52
1692.4
1694.37
1696.32
1698.19
1700.05
1701.87
1703.42
1705.08
1706.92
1708.48
1710.21
1711.96
1713.75
1715.34
1716.95
1718.65
1720.31
1722.13
1724
1725.58
1727.39
1729.02
1730.81
1732.66
1734.37
1735.95
1737.64
1739.21
1740.63
1742.37
1744.04
1745.53
1747.07
1748.48
1750.23
1752.03
1753.63
1755.32
1757.16
1758.91
1760.86
1762.5
1764.2
1765.89
1767.59
1769.28
1770.97
1772.52
1774.07
1775.79
1777.35
1778.98
1780.67
1782.29
1783.81
1785.38
1787
1788.51
1789.97
1791.43
1792.92
1794.52
1795.95
1797.34
1798.71
1800.03
1801.52
1802.98
1804.48
1806.1
1807.65
1809.16
1810.7
1812.43
1814.08
1815.65
1817.23
1818.86
1820.29
1822.11
