1
7
8
14.3333
15.3333
15.9333
16.1
18.2429
18.7429
19.6317
37.9262
53.4036
78.2826
129.101
164.895
192.512
222.338
239.565
260.603
285.496
317.385
338.081
352.122
365.86
379.765
394.598
409.926
423.142
436.977
448.348
458.801
469.331
481.266
494.197
504.513
515.462
527.398
539.526
549.389
563.216
574.967
586.352
597.312
605.345
613.293
619.642
626.487
632.659
637.5
643.126
648.75
654.359
660.182
665.174
670.864
676.62
682.343
687.828
692.63
697.267
702.216
706.659
710.976
715.801
719.636
723.801
727.527
731.164
734.446
738.302
742.014
746.263
750.615
754.855
759.061
763.961
768.598
773.584
778.573
783.887
789.005
794.92
801.228
807.308
813.487
820.227
827.991
835.165
842.076
849.526
856.049
862.745
868.409
873.886
878.832
883.179
887.577
892.725
897.635
902.282
906.597
911.325
916.097
921.528
926.698
932.431
937.888
942.326
946.968
951.617
956.166
960.432
965.397
969.406
973.735
977.301
981.741
985.728
990.577
995.345
1000.07
1004.38
1008.85
1013.45
1018.23
1023.24
1027.92
1032.75
1037.25
1041.48
1045.27
1048.87
1052.51
1056.03
1059.58
1063.02
1066.58
1070.49
1074.68
1079.65
1084.62
1090.03
1094.77
1099.97
1104.15
1108.83
1113.2
1117.78
1122.21
1126.46
1129.83
1133.24
1136.49
1139.97
1143.13
1146.29
1149.5
1152.7
1155.93
1159.12
1162.34
1165.73
1168.97
1172.24
1175.08
1177.95
1180.82
1183.74
1186.34
1189.17
1191.73
1194.45
1196.96
1199.71
1202.23
1204.9
1207.65
1210.67
1213.6
1216.38
1219.03
1221.96
1224.7
1227.47
1230.21
1232.77
1235.3
1237.66
1240.59
1243.09
1245.47
1248.18
1250.85
1253.55
1256.11
1259.24
1261.82
1264.42
1267.21
1269.98
1273.01
1276.27
1279.14
1282.44
1285.81
1289.3
1292.82
1296.4
1299.83
1302.87
1306.01
1309.54
1312.48
1315.8
1318.51
1321.56
1325.15
1328.52
1332.2
1335.77
1339.63
1343.12
1346.92
1350.7
1354.09
1357.77
1361.6
1365.35
1368.96
1372.48
1376.4
1380.01
1383.61
1387.56
1391.42
1395.58
1399.83
1404.12
1407.76
1412.13
1416.18
1420.48
1424.74
1429.58
1434.12
1439.59
1445.48
1451.67
1457.65
1463.67
1468.9
1473.76
1478.56
1483.44
1488.3
1492.6
1496.73
1501.4
1505.13
1509.01
1513.38
1517.5
1520.91
1524.85
1528.22
1531.99
1535.68
1539.5
1543.17
1546.73
1550.07
1553.51
1556.59
1559.38
1562.13
1564.88
1567.77
1570.34
1573.45
1576.43
1578.82
1581.41
1584.02
1586.6
1589.16
1591.45
1593.86
1596.61
1599.33
1601.62
1604.16
1606.7
1609.09
1611.91
1614.25
1616.71
1619.16
1621.66
1624.08
1626.48
1628.98
1631.5
1633.94
1636.45
1638.75
1641.01
1643.23
1645.43
1647.58
1649.95
1652.3
1654.56
1656.86
1659.01
1661.27
1663.33
1665.59
1668
1670.45
1672.96
1675.36
1677.83
1680.55
1683.2
1685.77
1687.94
1690.34
1692.68
1695
1697.04
1699.46
1701.64
1703.89
1706.04
1708.1
1710.2
1712.49
1714.44
1716.54
1718.78
1720.93
1722.9
1725.19
1727.48
1729.46
1731.3
1733.28
1735.39
1737.28
1739.07
1741.15
1743
1744.74
1746.36
1748.21
1749.81
1751.58
1753.18
1754.75
1756.38
1757.94
1759.42
1761.19
1762.79
1764.4
1765.99
1767.49
1769.07
1770.6
1772.17
1773.74
1775.4
1777.05
1778.48
1780.11
1781.54
1783.05
1784.61
1786.15
1787.75
1789.11
1790.78
1792.28
1793.78
1795.11
1796.84
1798.29
1799.75
1801.44
1803.17
1804.81
1806.35
1807.93
1809.53
1811.31
1812.84
1814.46
1816.07
1817.63
1819.32
1820.74
1822.37
1823.8
1825.42
1826.93
1828.36
1829.85
1831.44
1833.01
1834.59
1836.24
1838.06
1839.78
