1
7
14
15.6667
17.1667
17.9667
18.8
20.6571
21.5321
23.1988
33.2877
54.4745
75.3994
120.548
167.589
195.131
214.23
234.495
263.079
288.355
304.586
323.266
339.343
354.059
366.518
379.045
389.95
400.788
412.905
422.147
430.341
439.588
449.403
459.523
470.093
478.867
487.34
495.438
503.212
510.218
516.455
524.821
533.43
541.033
549.59
558.662
567.595
576.829
585.438
595.376
605.957
616.342
628.027
639.138
651.323
661.199
670.567
679.476
688.186
696.341
704.382
711.915
718.567
724.69
730.339
735.613
740.234
744.745
749.085
753.49
757.676
762.519
766.875
771.051
775.95
780.996
786.96
792.382
797.79
803.059
808.681
814.559
820.335
825.77
831.958
836.996
842.616
847.884
854.071
859.634
865.26
870.846
876.234
880.732
885.594
890.562
895.825
900.344
904.93
908.665
913.136
917.033
920.584
924.377
927.928
931.787
935.46
939.366
943.315
946.836
950.684
954.611
958.31
962.329
966.406
970.344
974.322
978.055
981.335
984.97
988.565
992.347
996.057
999.677
1003.07
1006.33
1009.82
1013.37
1017.01
1020.37
1024.31
1028.15
1031.65
1035.06
1038.48
1041.82
1045.39
1048.82
1052.07
1055.5
1058.34
1061.24
1064.22
1067.21
1069.85
1072.42
1074.99
1077.67
1080.15
1082.91
1085.54
1088.29
1091.24
1094.31
1097.6
1100.74
1103.89
1107.33
1110.44
1113.79
1117.21
1120.4
1123.68
1126.84
1129.91
1132.95
1135.89
1138.84
1141.52
1144.52
1147.24
1150.13
1152.95
1155.84
1158.74
1161.28
1164.25
1167.47
1170.64
1173.62
1176.69
1179.42
1182.31
1185.15
1188.08
1191.09
1193.99
1197.04
1199.95
1202.71
1205.91
1208.84
1211.99
1214.85
1218.1
1221.39
1224.37
1227.46
1230.31
1233.23
1236.54
1239.73
1242.52
1245.98
1249.14
1252.68
1256.24
1259.58
1263.35
1267.03
1270.81
1274.4
1278.23
1281.92
1285.82
1289.7
1293.49
1297.53
1301.26
1305.09
1309.62
1313.92
1318.69
1323.58
1328.65
1333.66
1338.12
1342.85
1347.78
1351.78
1356.09
1360.36
1364.75
1369.13
1373.67
1377.84
1382.21
1386.59
1390.67
1394.77
1398.5
1402.72
1406.66
1410.28
1413.61
1416.94
1420.01
1423.23
1426.18
1428.84
1431.85
1434.69
1437.57
1440.27
1442.9
1445.4
1448.11
1450.34
1452.78
1455.06
1457.53
1460.02
1462.36
1464.79
1467.44
1469.71
1472.16
1474.65
1477.23
1479.96
1482.54
1485.17
1487.83
1490.69
1493.36
1496.11
1498.72
1501.26
1503.84
1506.16
1508.51
1510.89
1513.14
1515.14
1517.18
1519.16
1521.22
1523.15
1525.29
1527.17
1529.46
1531.52
1533.63
1535.52
1537.31
1538.97
1540.77
1542.68
1544.41
1546.43
1548.29
1550.07
1552.02
1553.99
1556.01
1557.79
1559.78
1561.76
1563.71
1565.59
1567.47
1569.21
1571.02
1572.96
1574.7
1576.35
1578.03
1579.75
1581.45
1583.18
1585
1586.74
1588.52
1590.1
1591.87
1593.51
1595.51
1597.44
1599.11
1600.69
1602.31
1604.17
1605.87
1607.62
1609.36
1611.25
1613.47
1615.51
1617.3
1619.68
1621.75
1623.73
1626.04
1628.27
1630.43
1632.65
1634.69
1636.66
1638.78
1640.76
1642.74
1644.76
1646.7
1648.5
1650.54
1652.55
1654.4
1656.21
1658.27
1660.34
1662.04
1664
1666.01
1667.88
1669.96
1672.11
1673.92
1675.78
1677.75
1679.75
1681.65
1683.77
1685.96
1688.24
1690.35
1692.29
1694.35
1696.4
1698.48
1700.5
1702.62
1704.61
1706.91
1708.89
1711
1712.9
1715.02
1716.99
1719.01
1720.9
1723.01
1724.98
1726.81
1728.74
1730.65
1732.5
1734.17
1735.62
1737.4
1739.34
1741.08
1742.83
1744.67
1746.65
1748.52
1750.19
1752.16
1753.98
1755.87
1757.67
1759.31
1761.11
1763.13
