2
2.66667
3
3
3.49091
4
4.33333
4.33333
4.4
6.169
8.54687
10.6309
13.9385
15.0043
18.3695
23.1713
27.5253
31.5812
35.413
38.5212
41.1252
43.4312
45.7856
47.8917
49.8174
51.4212
52.8124
54.0764
55.3548
56.4078
57.4977
58.4904
59.5699
60.4796
61.4212
62.2028
62.9237
63.8758
64.6253
65.4138
66.2142
66.9832
67.732
68.5898
69.363
70.0895
70.83
71.5471
72.3184
72.9801
73.7351
74.5176
75.1409
75.8399
76.5844
77.3371
77.9586
78.6277
79.3698
80.0896
80.8307
81.4271
82.0927
82.6952
83.2738
83.8755
84.5067
85.0757
85.6951
86.2697
86.9493
87.505
88.0581
88.644
89.18
89.7709
90.2967
90.7829
91.3379
91.8234
92.3308
92.7898
93.2613
93.8209
94.2433
94.7653
95.2524
95.6929
96.1557
96.683
97.1123
97.5294
97.9464
98.3788
98.8734
99.3691
99.8517
100.326
100.799
101.225
101.607
102.028
102.494
103.031
103.513
103.947
104.406
104.86
105.276
105.767
106.289
106.782
107.302
107.796
108.258
108.729
109.241
109.75
110.232
110.772
111.208
111.673
112.161
112.705
113.182
113.694
114.176
114.62
115.098
115.582
116.049
116.537
116.968
117.473
117.878
118.309
118.723
119.217
119.649
120.147
120.599
121.012
121.413
121.818
122.207
122.596
122.982
123.386
123.814
124.176
124.555
124.927
125.296
125.627
125.996
126.386
126.713
127.125
127.55
127.918
128.311
128.726
129.109
129.489
129.834
130.209
130.629
131.021
131.371
131.73
132.153
132.524
132.948
133.367
133.753
134.163
134.565
134.958
135.372
135.764
136.144
136.524
136.93
137.335
137.748
138.21
138.647
139.093
139.529
139.983
140.419
140.852
141.292
141.711
142.162
142.556
142.948
143.374
143.77
144.161
144.548
144.975
145.387
145.777
146.198
146.598
146.991
147.422
147.865
148.267
148.688
149.118
149.552
150.026
150.424
150.856
151.278
151.701
152.157
152.615
153.055
153.494
153.958
154.351
154.787
155.261
155.726
156.214
156.656
157.139
157.601
158.091
158.552
159.025
159.501
159.981
160.416
160.96
161.438
161.991
162.466
162.991
163.485
164.006
164.487
165.032
165.559
166.066
166.633
167.074
167.657
168.342
168.941
169.521
170.062
170.745
171.433
172.082
172.653
173.277
173.86
174.465
175.114
175.752
176.348
176.985
177.629
178.277
178.867
179.58
180.266
180.968
181.641
182.279
182.939
183.696
184.348
185.062
185.735
186.423
187.141
187.805
188.44
189.153
189.834
190.561
191.298
191.957
192.662
193.234
193.83
194.498
195.199
195.794
196.336
196.979
197.585
198.194
198.713
199.263
199.873
200.468
200.987
201.519
202.077
202.555
203.06
203.579
204.177
204.743
205.255
205.799
206.29
206.785
207.388
207.897
208.489
209.013
209.518
210.03
210.567
211.078
211.622
212.278
212.821
213.384
213.9
214.375
214.927
215.497
216.041
216.603
217.242
217.812
218.427
219.15
219.717
220.378
220.988
221.677
222.328
223.086
223.846
224.538
225.229
225.924
226.623
227.305
227.872
228.502
229.138
229.791
230.379
230.967
231.617
232.265
232.893
233.529
234.232
234.876
235.407
235.948
236.583
237.166
237.828
238.403
238.95
239.527
240.154
240.731
241.359
242.019
242.651
243.293
243.842
244.447
245.071
245.668
246.257
246.826
247.398
248.023
248.588
249.188
249.708
250.303
250.909
251.514
252.208
252.798
253.399
254.019
254.7
255.305
255.937
256.538
257.173
257.794
258.463
259.101
259.83
260.522
261.218
261.844
262.416
263.197
263.972
264.766
265.535
266.296
267.039
267.743
268.539
269.461
270.265
270.998
271.649
272.408
273.267
274.091
274.903
275.678
276.458
277.186
278.123
278.838
279.503
280.282
280.992
281.665
282.454
283.171
283.824
284.597
285.299
285.986
286.659
287.364
288.131
288.884
289.614
290.247
290.949
291.61
292.183
292.731
293.376
293.999
294.723
295.437
296.208
296.969
297.687
298.401
299.181
299.837
300.615
301.327
302.12
303.035
303.877
304.868
305.719
306.615
307.479
308.439
309.711
310.941
312.201
313.587
314.928
316.077
317.328
318.718
320.137
321.735
323.592
326.087
328.418
330.8
333.09
336.238
339.052
342.456
346.167
350.535
355.13
358.905
362.199
365.819
369.628
373.054
376.333
380.464
384.071
388.056
392.284
399.433
409.627
416.168
422.195
428.258
435.271
439.816
444.043
449.29
456.207
465.235
471.942
477.305
484.792
506.834
643.924
