1
8
8.5
8.5
16.25
17.65
19.3167
19.6024
19.7274
19.8385
39.1655
55.9286
76.6195
122.314
171.415
200.851
222.185
242.614
259.808
279.01
306.968
330.308
355.191
374.377
388.014
399.218
409.779
420.766
431.062
440.434
449.774
458.846
468.482
480.787
492.255
505.529
521.624
535.559
548.055
559.047
569.797
579.673
590.75
600.413
608.42
616.525
623.962
631.865
640.429
651.019
664.046
677.703
687.045
694.754
701.769
708.377
714.185
719.567
724.949
731.283
736.581
742.211
747.229
753.231
758.833
765.168
770.436
775.352
779.983
784.272
788.482
792.661
796.878
800.809
805.026
809.259
813.781
818.714
823.548
828.351
833.272
838.632
843.363
848.18
852.857
858.064
862.856
867.586
872.117
876.498
880.507
884.972
889.185
893.517
897.545
901.679
905.233
909.392
913.286
917.457
921.387
925.372
929.298
933.209
937.493
941.413
945.53
950.134
954.436
958.956
963.621
968.386
973.532
977.916
982.683
987.206
992.183
996.374
1000.38
1004.59
1008.97
1012.79
1017.16
1021.19
1024.85
1028.48
1032.4
1035.82
1039.15
1043.24
1046.97
1051.24
1056.14
1061.33
1066.98
1072.38
1077.74
1082.4
1086.93
1091.3
1095.5
1100.2
1105.92
1111.4
1116.38
1121.57
1127.5
1133.41
1138.92
1144.11
1149.04
1154.51
1159.21
1163.9
1168.94
1174.19
1179.18
1184.39
1189.93
1195.01
1199.94
1204.71
1209.32
1213.83
1218.45
1222.03
1225.83
1229.24
1233.18
1236.5
1239.9
1243.14
1246.48
1249.64
1252.73
1256.17
1259.82
1263.67
1267.97
1272.33
1276.59
1280.76
1284.69
1288.4
1291.75
1294.94
1298.23
1300.93
1303.53
1306.17
1308.48
1310.97
1313.6
1316.31
1319.11
1321.79
1324.22
1326.98
1329.71
1332.55
1335.44
1338.32
1341.27
1343.98
1346.54
1349.39
1352.01
1354.64
1357.16
1360.11
1362.62
1365.16
1367.64
1370.53
1373.17
1375.64
1377.76
1380.2
1382.59
1385.01
1387.31
1389.45
1392
1394.08
1396.12
1398.43
1400.68
1402.87
1405.12
1407.32
1409.29
1411.42
1413.39
1415.61
1417.59
1419.6
1421.44
1423.35
1425.32
1427.16
1429.23
1431.12
1432.97
1434.99
1436.82
1438.58
1440.48
1442.3
1443.96
1445.84
1447.62
1449.35
1451.26
1453.16
1454.71
1456.47
1458.28
1460.33
1462.02
1463.67
1465.2
1466.87
1468.56
1470.13
1471.69
1473.07
1474.8
1476.42
1477.98
1479.5
1480.91
1482.59
1484
1485.57
1487.1
1488.58
1490.3
1491.83
1493.4
1494.97
1496.53
1498.16
1499.95
1501.39
1502.92
1504.62
1506.38
1508.09
1509.75
1511.41
1513.12
1514.82
1516.59
1518.3
1519.94
1521.82
1523.56
1525.5
1527.5
1529.27
1531.17
1533.19
1535.12
1536.91
1538.91
1540.93
1542.93
1545.04
1547.01
1549.12
1551.17
1553.23
1555.43
1557.4
1559.61
1561.61
1563.8
1565.88
1568.13
1570.4
1572.58
1574.8
1577.1
1579.32
1581.64
1583.99
1586.34
1588.75
1591.14
1593.53
1595.81
1598.09
1600.34
1602.8
1605.19
1607.65
1609.99
1612.39
1614.8
1617.04
1619.32
1621.5
1623.58
1625.68
1627.77
1629.83
1631.91
1633.92
1636.25
1638.52
1640.69
1642.84
1645.05
1647.5
1649.99
1652.46
1654.71
1657.09
1659.45
1661.62
1663.66
1665.85
1668.36
1670.71
1673.02
1675.25
1678.02
1680.68
1683.07
1685.84
1688.31
1690.72
1693.33
1695.66
1698.07
1701
1703.48
1706
1708.28
1710.83
1713.17
1715.53
1717.76
1719.96
1722.14
1724.27
1726.41
1728.63
1731.07
1733.34
1735.33
1737.68
1739.87
1742.02
1744.37
1746.73
1749.07
1751.2
1753.47
1755.95
1758.2
1760.53
1762.92
1765.25
1767.84
1770.18
1772.69
1774.84
1777.15
1779.58
1781.87
1783.82
1785.89
