2
3
3.32967
3.5
4.44091
5
5.19091
5.67015
6
7.75
11.0675
14.0066
17.6004
19.2809
22.8334
26.7407
30.2446
32.9531
35.2625
37.0521
38.6699
40.184
41.5921
42.873
44.0976
45.424
46.7312
48.013
49.2158
50.2141
51.4359
52.6234
53.7313
54.8514
55.9681
57.024
58.1375
59.2024
60.243
61.1946
62.1701
62.9778
63.9499
64.9828
65.9874
66.7806
67.6166
68.436
69.077
69.7743
70.5522
71.2672
72.0529
72.6952
73.5337
74.2089
74.9126
75.589
76.1896
76.7809
77.3484
77.9235
78.5283
79.1151
79.7242
80.3303
80.7931
81.3609
81.865
82.4057
82.9559
83.5253
84.047
84.6303
85.1515
85.694
86.2901
86.829
87.4321
87.9325
88.5478
89.0838
89.5988
90.162
90.763
91.3187
91.9526
92.4799
93.1018
93.6546
94.1479
94.7825
95.3753
95.905
96.3882
96.9388
97.4508
97.9695
98.4449
98.9809
99.5299
100.004
100.492
101.013
101.567
102.018
102.507
103.105
103.62
104.069
104.541
105.051
105.582
106.055
106.538
107.041
107.566
108.074
108.556
109.05
109.525
109.998
110.418
110.898
111.31
111.712
112.124
112.535
112.99
113.383
113.808
114.221
114.61
115.054
115.467
115.862
116.293
116.712
117.067
117.457
117.855
118.247
118.618
119.027
119.436
119.773
120.135
120.548
120.911
121.241
121.617
121.98
122.367
122.722
123.112
123.43
123.727
124.069
124.409
124.763
125.036
125.358
125.703
126.038
126.402
126.717
127.047
127.387
127.739
128.085
128.418
128.767
129.074
129.397
129.683
130.018
130.36
130.659
131.019
131.327
131.654
131.962
132.293
132.695
133.069
133.368
133.717
134.1
134.421
134.753
135.08
135.441
135.791
136.121
136.45
136.795
137.141
137.492
137.839
138.212
138.562
138.896
139.247
139.591
139.967
140.324
140.708
141.095
141.478
141.831
142.174
142.554
142.92
143.283
143.687
144.088
144.448
144.825
145.268
145.644
146.055
146.424
146.912
147.353
147.729
148.118
148.572
149.002
149.379
149.793
150.167
150.589
151.056
151.494
151.927
152.318
152.748
153.203
153.573
154.065
154.543
154.955
155.416
155.912
156.447
156.923
157.471
157.99
158.478
158.987
159.478
159.993
160.53
161.019
161.575
162.081
162.588
163.227
163.777
164.327
164.935
165.514
166.087
166.593
167.143
167.687
168.11
168.704
169.249
169.806
170.385
171.03
171.656
172.31
172.87
173.559
174.137
174.781
175.407
175.989
176.643
177.237
177.802
178.443
179.079
179.728
180.42
181.094
181.792
182.462
183.216
183.945
184.698
185.456
186.165
186.933
187.624
188.405
189.254
189.994
190.672
191.378
192.122
192.823
193.535
194.314
195.079
195.741
196.56
197.355
198.055
198.74
199.437
200.162
200.902
201.674
202.516
203.199
203.88
204.602
205.21
205.838
206.448
207.006
207.615
208.271
208.935
209.524
210.132
210.734
211.35
211.972
212.53
213.081
213.648
214.282
214.899
215.444
215.99
216.545
217.043
217.679
218.32
218.899
219.56
220.057
220.525
221.056
221.559
222.09
222.627
223.168
223.695
224.176
224.682
225.178
225.733
226.261
226.739
227.219
227.714
228.183
228.658
229.173
229.636
230.107
230.562
231.081
231.53
232.001
232.501
232.95
233.373
233.838
234.301
234.758
235.188
235.691
236.186
236.725
237.207
237.712
238.15
238.549
239.014
239.459
239.925
240.462
240.958
241.432
241.881
242.369
242.881
243.379
243.893
244.395
244.938
245.474
245.937
246.498
247.03
247.582
248.085
248.579
249.08
249.513
250.017
250.468
251.002
251.455
251.89
252.413
252.94
253.466
253.978
254.438
254.96
255.482
255.934
256.436
256.943
257.507
258.058
258.535
258.976
259.439
259.923
260.489
260.995
261.48
261.952
262.516
263.049
263.593
264.132
264.704
265.237
265.726
266.266
266.854
267.399
267.917
268.499
269.129
269.731
270.338
270.851
271.434
272.047
272.609
273.244
273.905
274.605
275.246
275.942
276.719
277.507
278.213
278.936
279.628
280.5
281.271
282.202
283.27
284.291
285.385
286.422
287.54
288.578
289.515
290.535
291.723
292.87
294.035
295.402
296.75
297.869
299.335
300.833
302.449
304.235
306.154
308.207
310.329
312.489
314.724
317.479
320.127
322.735
325.752
328.46
331.452
334.34
337.273
339.937
342.854
346.05
348.779
351.82
355.031
358.685
362.008
365.997
370.654
378.19
403.308
430.105
438.525
445.755
452.767
459.842
471.24
498.938
