1
7
10.5
16.5
16.75
16.75
18.75
19.0357
19.6607
20.8829
37.1319
53.2149
79.3129
133.075
172.516
209.585
236.94
267.82
297.766
317.022
330.079
341.565
353.127
365.237
377.951
390.742
403.297
412.887
424.818
436.597
446.577
456.658
465.922
476.35
485.68
494.442
503.164
511.212
520.224
528.488
536.159
544.02
553.077
561.785
571.627
582.387
593.089
607.384
623.128
636.996
647.76
658.77
669.677
679.019
688.16
696.627
705.359
713.413
721.815
729.962
737.067
743.372
749.263
754.535
759.114
764.123
769.045
774.057
778.455
783.019
787.245
791.889
795.951
799.847
803.764
807.525
811.184
815.749
820.092
825.192
829.963
835.249
840.665
845.931
852.077
857.243
862.226
867.597
872.289
876.818
881.286
885.949
891.126
896.555
901.101
905.219
909.381
913.815
918.337
923.604
929.345
934.554
940.278
945.835
951.277
956.198
961.136
965.976
970.218
974.444
978.684
982.741
986.647
990.839
995.061
999.358
1002.88
1007.3
1011.31
1015.81
1020.04
1024.39
1028.98
1033.65
1038.68
1044.17
1050.1
1055.58
1060.72
1064.9
1069.11
1073.09
1077.24
1081.05
1084.97
1088.75
1092.14
1095.57
1098.67
1101.97
1105.29
1108.35
1111.81
1114.95
1118.08
1121.09
1124.2
1127.15
1130.05
1132.93
1135.83
1138.97
1141.79
1145.06
1148.36
1151.82
1154.86
1158.67
1162.5
1166.57
1170.83
1174.77
1179.26
1183.23
1187.48
1191.62
1196.09
1200.83
1205.54
1210.37
1214.96
1219.93
1224.21
1228.91
1232.99
1236.67
1240.35
1243.83
1246.83
1250.05
1253.28
1256.26
1259.53
1262.35
1264.97
1267.62
1270.26
1273.23
1276.14
1279.54
1282.58
1285.67
1288.82
1291.49
1294.13
1296.88
1299.43
1302.12
1304.9
1307.6
1310.44
1313.4
1316.1
1318.62
1321.64
1324.27
1326.54
1328.86
1331.49
1333.55
1335.92
1338.09
1340.56
1342.88
1345.35
1348.16
1350.54
1352.75
1355.46
1358.14
1360.81
1363.78
1366.88
1369.65
1372.38
1375.53
1378.35
1381.25
1384.09
1387.59
1390.5
1393.75
1397.33
1401.15
1404.82
1408.44
1412.67
1416.28
1419.69
1423.2
1426.58
1429.98
1433.19
1436.48
1439.81
1442.82
1445.92
1449.11
1452.09
1455.36
1458.45
1461.4
1464.72
1467.95
1471.17
1474.13
1476.91
1479.87
1482.5
1484.82
1487.31
1489.93
1492.43
1494.53
1496.83
1499.22
1501.73
1504.15
1506.72
1509.33
1511.78
1514.53
1517.48
1520.36
1523.56
1526.49
1529.83
1533.01
1535.84
1539.02
1541.96
1545
1548.18
1551.01
1554.04
1556.92
1559.59
1562.08
1564.91
1567.57
1570.16
1572.5
1574.99
1577.28
1579.61
1581.69
1583.82
1585.91
1587.94
1590.36
1592.38
1594.9
1597.12
1599.31
1601.58
1603.61
1605.4
1607.31
1609.3
1611.55
1613.35
1615.25
1617.21
1619.18
1620.98
1622.71
1624.47
1626.03
1627.85
1629.57
1631.29
1632.96
1634.68
1636.39
1638.16
1639.99
1641.81
1643.34
1644.89
1646.5
1648.3
1650.17
1651.71
1653.27
1654.92
1656.61
1658.35
1660.05
1661.74
1663.61
1665.59
1667.49
1669.39
1671.11
1672.98
1674.82
1676.74
1678.53
1680.58
1682.56
1684.31
1686.08
1687.81
1689.51
1691.38
1693.16
1694.71
1696.42
1698.02
1699.78
1701.45
1703.16
1704.95
1706.67
1708.51
1710.41
1712.33
1714.23
1716.2
1718.09
1720.1
1722.17
1724.12
1726.31
1728.32
1730.3
1732.18
1734.3
1736.41
1738.42
1740.28
1742.4
1744.46
1746.65
1748.75
1750.88
1753.03
1755.06
1757.07
1759.05
1761.1
1762.82
1764.58
1766.57
1768.3
1770.34
1772.25
1774.05
1776.16
1778.13
1779.97
1782.15
1784.3
1786.28
1788.31
1790.54
1792.7
1795.1
1797.1
1799.38
1801.54
1803.82
1806.03
