1
8
9
10.3333
13.0833
15.6833
16.35
16.4929
16.7429
22.9651
38.3105
59.8236
78.7039
117.522
171.048
196.303
220.856
250.771
281.721
309.503
325.926
339.486
350.144
360.792
372.728
384.18
396.602
409.795
422.573
434.294
445.066
456.427
467.687
476.886
485.387
494.734
504.232
513.343
523.037
532.467
543.481
554.474
563.423
571.085
579.038
587.342
597.048
605.057
612.911
619.441
625.037
630.672
637.649
645.445
653.69
663.195
671.935
680.314
688.117
696.023
702.802
708.722
714.286
720.214
726.106
731.566
736.823
742.605
749.14
755.319
762.047
768.637
774.092
779.871
785.529
790.781
796.388
802.241
806.898
811.816
816.539
821.189
826.091
830.193
835.069
839.87
845.035
849.808
854.873
859.95
864.897
870.046
875.199
879.807
884.387
889.153
893.508
897.868
903.068
907.807
912.504
917.369
921.741
926.076
930.225
934.062
938.381
942.553
947.205
951.521
955.858
959.679
963.929
968.374
971.986
975.724
979.774
983.515
988.163
992.461
997.162
1002.1
1006.89
1011.72
1016.29
1021.32
1026.62
1032.12
1037.23
1042.67
1047.89
1052.56
1056.87
1061.66
1065.61
1069.25
1073.08
1076.71
1080.14
1083.38
1086.66
1090.21
1093.42
1096.92
1099.87
1103.38
1106.52
1109.62
1112.72
1115.78
1118.66
1121.58
1124.05
1126.57
1129.46
1131.76
1134.59
1137.37
1140.03
1142.65
1145.26
1147.74
1150.25
1152.31
1154.95
1157.62
1159.8
1162.27
1164.61
1166.81
1169.16
1171.42
1173.62
1175.91
1178.19
1180.27
1182.16
1184.36
1186.62
1188.8
1190.96
1193.08
1195.2
1197.45
1199.71
1201.74
1203.71
1205.71
1207.78
1209.76
1211.67
1213.62
1215.7
1217.73
1219.73
1221.86
1223.74
1225.67
1227.67
1229.63
1231.61
1233.61
1235.44
1237.33
1239.19
1241.3
1243.28
1245.25
1247.08
1249
1251.02
1253.12
1255.07
1257.14
1259.13
1260.98
1262.99
1264.85
1266.93
1268.69
1270.68
1272.7
1274.87
1276.71
1278.81
1280.86
1282.88
1285.15
1287.18
1289.25
1291.36
1293.63
1296.09
1298.73
1300.96
1303.48
1306.05
1308.73
1310.97
1313.36
1315.64
1318.33
1320.68
1322.97
1325.49
1327.79
1330.05
1332.42
1334.71
1337.32
1339.64
1342.11
1344.51
1346.86
1349.15
1351.35
1354
1356.51
1358.92
1361.6
1363.83
1366.64
1369.02
1371.74
1374.53
1377.2
1380.05
1382.75
1385.77
1388.74
1392.28
1395.77
1399.34
1402.85
1406.61
1410.24
1414.07
1418.44
1422.98
1427.51
1432.83
1438.47
1444.35
1449.96
1454.75
1459.92
1465.28
1470.72
1476.88
1482.52
1488.25
1493.91
1499.44
1505.39
1511.52
1518.22
1524.53
1530.79
1537.28
1542.57
1547.9
1552.7
1556.99
1560.58
1564.69
1568.34
1572.13
1575.3
1578.74
1581.97
1585.35
1588.62
1591.68
1594.91
1597.91
1600.81
1603.47
1606.36
1609.07
1611.25
1614.49
1616.94
1619.77
1622.41
1625.16
1627.88
1630.58
1633.24
1635.63
1638.27
1640.72
1643.31
1645.92
1648.63
1651.35
1654.09
1656.64
1659.17
1661.7
1664.27
1666.78
1669.2
1671.53
1674.27
1676.66
1679.08
1681.64
1684.25
1686.68
1688.78
1691.07
1693.37
1695.38
1697.48
1699.64
1701.78
1703.81
1705.97
1707.81
1709.99
1712.15
1714.14
1716.34
1718.51
1720.61
1722.45
1724.76
1727.2
1729.3
1731.31
1733.34
1735.36
1737.25
1739.22
1741.36
1743.31
1745.28
1747.42
1749.55
1751.53
1753.44
1755.31
1757.53
1759.5
1761.37
1763.21
1764.99
1766.91
1768.94
1770.91
1772.78
1774.87
1776.83
1778.71
1780.5
1782.5
1784.44
1786.31
1788.3
1790.03
1792.07
1793.96
1795.94
1797.98
1799.84
1801.96
1803.83
1805.83
1807.78
1809.78
1811.72
1813.67
1815.49
