1
16
16
16
26.5
30.1
32.1
32.1
41.35
47.2389
71.5421
93.9986
135.75
231.755
298.439
348.052
406.461
462.935
490.461
517.692
550.314
579.023
609.549
639.627
664.224
687.302
705.241
721.827
739.866
757.014
773.721
787.968
803.329
819.752
834.904
856.537
878.791
900.287
922.708
944.795
966.525
984.272
1000.09
1018.56
1038.74
1056.74
1074.91
1102.72
1126.85
1150.38
1170.99
1189.59
1203.55
1216.43
1226.74
1237.61
1248.38
1258.08
1268.66
1278.87
1287.65
1296.66
1306.53
1315.06
1323.61
1330.88
1339.76
1348.81
1358.7
1368.25
1377.43
1387.26
1396.2
1405.87
1414.42
1423.19
1430.28
1438.08
1444.99
1453.23
1461.49
1472.27
1482.28
1491.86
1502.23
1512.01
1522.14
1533.57
1544.66
1558.2
1572.41
1587.7
1602.1
1615.28
1627.09
1637.7
1647.41
1656.3
1664.44
1672.8
1680.47
1687.65
1695.21
1701.53
1707.72
1714.93
1722.22
1729.58
1736.68
1744.37
1751.89
1759.72
1766.46
1774.87
1784.68
1793.92
1804.65
1815.24
1825.97
1837.02
1846.04
1856.41
1866.9
1877.16
1888.99
1898.85
1909.94
1919.79
1931.2
1945.27
1957.8
1970.66
1983.94
1996.05
2006.57
2016.15
2024.2
2032.77
2040.72
2048.29
2055.64
2062.12
2068.96
2076.18
2082.83
2089.82
2096.38
2102.99
2110.24
2116.46
2122.45
2128.15
2134.28
2140.07
2145.16
2151.29
2156.72
2162.23
2168.71
2174.32
2180.33
2186.15
2192.39
2198.05
2204.15
2210.22
2215.34
2220.73
2226.08
2231.57
2235.87
2240.65
2245.23
2249.42
2254.35
2259.25
2264.35
2269.75
2274.79
2279.97
2286.09
2291.64
2298.24
2304.33
2311.68
2319.37
2327.45
2334.85
2343.19
2350.01
2356.96
2363.64
2370.83
2377.77
2384.01
2389.36
2395.16
2400.86
2406.9
2412.54
2417.93
2423.72
2429.69
2435.76
2442
2447.94
2453.59
2459.26
2465.29
2470.61
2475.96
2481.36
2487.24
2493.39
2499.26
2505.22
2510.76
2516.39
2521.5
2526.65
2531.66
2536.41
2542.1
2547.25
2553.13
2558.43
2563.39
2568.86
2574.34
2580.07
2586.58
2592.11
2597.65
2602.85
2608.19
2613.29
2618.77
2624
2630.15
2636.16
2641.29
2647.1
2652.47
2657.85
2662.57
2667.74
2672.3
2677.24
2681.64
2685.57
2690.32
2695.02
2698.65
2702.93
2706.68
2711.02
2715.25
2719.24
2722.71
2726.55
2730.25
2734.08
2737.96
2741.81
2745.1
2748.79
2752.98
2756.34
2759.85
2763.49
2766.74
2770.45
2773.96
2777.45
2781.07
2784.2
2787.69
2791.46
2794.96
2798.11
2801.37
2804.54
2807.88
2811.31
2814.41
2817.68
2820.8
2823.9
2826.96
2830.18
2833.36
2836.25
2839.18
2842.17
2845.18
2848.22
2851.06
2854.19
2857.26
2860.57
2863.52
2866.54
2869.51
2872.65
2875.47
2878.42
2881.31
2884.67
2888.04
2891.39
2894.72
2898.57
2902.31
2905.61
2908.87
2912.68
2916.71
2920.31
2923.9
2927.4
2930.97
2934.87
2939.05
2943.35
2947.67
2951.92
2955.8
2960.23
2964.4
2968.54
2972.84
2977.08
2981.37
2985.87
2990.27
2994.81
2999.2
3003.8
3008.03
3012.37
3016.47
3020.69
3024.82
3028.9
3033.21
3037.46
3041.66
3045.64
3050.64
3055.02
3059.74
3064.41
3069.18
3073.82
3078.55
3083
3087.46
3091.78
3096.63
3101.28
3106.62
3112.05
3117.43
3122.39
3127.96
3133.08
3138.53
3144.12
3149.82
3154.74
3159.89
3165.08
3170.21
3175.1
3180.15
3184.67
3189.21
3193.28
3197.53
3201.67
3206.46
3210.68
3215.14
3219.53
3223.92
3228.33
3232.58
3237.09
3241.33
3246.42
3250.95
3255.52
3260.23
3265.34
3269.7
3274.25
3279.15
3283.15
3288.55
3292.8
3297.6
3302.57
3307.37
3312.52
3317.07
3322.3
3326.82
3331.23
3336.42
3342.24
3347.26
3352.87
3358.55
