2
3
4
4.33333
4.7619
5.44048
5.64737
5.70143
5.7853
8.65815
14.0716
19.3333
25.1593
27.1203
32.0553
37.4209
41.0342
43.4
45.7184
47.708
49.7145
51.4063
52.8844
54.4327
55.8995
57.3785
58.7812
60.0872
61.458
62.7784
63.991
65.2375
66.5275
67.8716
69.1886
70.3978
71.7128
72.8599
74.2765
75.4784
76.6519
77.7101
78.9458
80.0677
81.3327
82.5433
83.6593
84.8956
86.1121
87.4203
88.4436
89.7574
91.0401
92.2317
93.5079
94.5699
95.763
96.7942
97.8403
98.7577
99.8051
100.751
101.621
102.586
103.539
104.551
105.456
106.375
107.273
108.161
109.142
109.958
110.837
111.659
112.439
113.188
113.891
114.677
115.468
116.226
117.031
117.764
118.451
119.28
120.082
120.936
121.788
122.539
123.27
124.033
124.748
125.563
126.369
127.105
127.927
128.726
129.545
130.326
131.176
132.144
132.834
133.601
134.412
135.194
135.87
136.618
137.299
137.97
138.617
139.245
139.994
140.642
141.348
141.976
142.679
143.33
144.087
144.647
145.22
145.838
146.455
147.148
147.8
148.431
149.027
149.624
150.235
150.893
151.521
152.162
152.735
153.37
154.057
154.716
155.357
155.927
156.535
157.134
157.747
158.386
158.982
159.577
160.201
160.886
161.548
162.208
162.872
163.568
164.17
164.853
165.416
166.128
166.744
167.526
168.228
168.946
169.532
170.241
170.78
171.478
172.119
172.808
173.458
174.099
174.761
175.394
176.048
176.649
177.169
177.771
178.439
179.091
179.721
180.475
181.075
181.604
182.305
182.853
183.446
184.08
184.76
185.394
186.014
186.658
187.313
187.962
188.635
189.274
189.903
190.494
191.058
191.659
192.243
192.818
193.389
193.947
194.561
195.138
195.712
196.264
196.795
197.351
197.869
198.522
199.084
199.624
200.214
200.825
201.39
201.974
202.617
203.159
203.688
204.307
204.848
205.382
206.008
206.621
207.131
207.691
208.277
208.772
209.257
209.836
210.413
210.927
211.51
212.122
212.615
213.144
213.673
214.141
214.66
215.155
215.681
216.134
216.542
217.104
217.61
218.124
218.57
219.064
219.549
220.009
220.468
221.033
221.519
222.041
222.539
222.992
223.531
223.973
224.485
225.031
225.547
226.019
226.597
227.169
227.703
228.19
228.772
229.253
229.775
230.288
230.841
231.447
231.892
232.455
232.999
233.492
234.044
234.573
235.039
235.536
235.982
236.483
237.028
237.487
237.996
238.58
239.073
239.599
240.123
240.737
241.262
241.764
242.388
242.999
243.565
244.133
244.683
245.305
245.927
246.488
247.179
247.797
248.372
248.903
249.536
250.088
250.689
251.207
251.824
252.367
252.89
253.427
253.959
254.525
255.076
255.646
256.241
256.85
257.384
257.964
258.561
259.139
259.864
260.456
261.052
261.606
262.252
262.92
263.529
264.196
264.752
265.374
266.052
266.719
267.428
268.194
268.918
269.644
270.442
271.251
272.06
272.804
273.604
274.412
275.292
276.104
276.869
277.713
278.622
279.518
280.25
281.047
281.88
282.647
283.562
284.365
285.187
285.988
286.861
287.878
288.771
289.727
290.738
291.7
292.613
293.569
294.534
295.435
296.39
297.286
298.389
299.514
300.479
301.587
302.705
303.841
304.688
305.956
307.253
308.473
309.798
311.048
312.389
313.739
314.914
316.153
317.582
318.882
320.122
321.652
323.042
324.315
325.564
326.697
327.942
329.094
330.181
331.471
332.501
333.843
335.066
336.139
337.313
338.382
339.462
340.547
341.639
342.821
343.959
345.121
345.98
346.956
347.906
349.131
350.252
351.377
352.423
353.688
354.816
356.03
357.156
358.175
359.483
360.773
361.822
362.993
364.265
365.6
366.882
368.066
369.288
370.692
371.974
373.256
374.534
375.905
377.24
378.579
380.05
381.457
382.913
384.612
386.409
388.143
389.707
391.405
393.018
394.42
395.96
397.526
399.032
400.545
402.187
403.78
405.379
406.765
408.446
410.088
411.598
413.228
415.053
416.996
418.771
420.543
422.329
424.281
426.299
428.142
430.126
432.063
434.059
435.885
438.409
440.568
443.124
445.396
447.534
449.843
452.195
454.588
456.489
458.707
460.907
462.758
464.85
466.762
468.674
470.87
473.126
475.589
477.867
480.392
483.133
485.42
488.238
490.776
493.67
497.057
500.629
504.494
508.796
512.639
517.48
521.914
527.102
531.905
537.74
545.516
557.206
570.207
602.049
660.749
668.909
678.546
689.003
708.017
779.335
904.155
986.521
