2
3
3.6
4
4.66667
5
5.475
5.76667
6
9.19048
14.0478
19.5103
26.164
28.2792
32.8848
37.1679
41.6332
45.494
48.7509
51.3568
53.3437
55.3981
57.5815
59.8952
61.7266
63.4884
65.2003
66.8296
68.4303
70.0622
71.4782
72.9463
74.7562
76.2725
77.7477
79.2154
80.4312
81.7979
83.1828
84.5421
85.7301
86.9146
88.1478
89.2846
90.5618
91.7394
92.7821
94.0464
95.2075
96.5114
97.6616
98.7609
99.83
101.041
102.278
103.33
104.468
105.612
106.604
107.654
108.542
109.518
110.529
111.458
112.359
113.251
114.145
114.984
115.902
116.764
117.684
118.555
119.299
120.202
120.916
121.718
122.522
123.235
123.97
124.736
125.496
126.24
126.872
127.456
128.123
128.75
129.416
130.139
130.804
131.49
132.15
132.825
133.562
134.291
134.897
135.614
136.322
136.926
137.581
138.134
138.775
139.45
140.11
140.694
141.288
142.084
142.719
143.412
144.021
144.67
145.319
146.134
146.86
147.559
148.203
148.903
149.562
150.266
151.047
151.843
152.532
153.272
154.003
154.762
155.445
156.073
156.794
157.513
158.284
159.039
159.682
160.431
161.129
161.823
162.488
163.169
163.857
164.451
165.011
165.683
166.282
166.88
167.569
168.224
168.924
169.591
170.266
170.962
171.593
172.295
172.975
173.709
174.387
175.063
175.777
176.424
177.146
177.91
178.655
179.461
180.217
180.97
181.704
182.438
183.234
183.925
184.577
185.363
185.999
186.604
187.142
187.737
188.433
189.114
189.704
190.276
190.855
191.454
191.998
192.602
193.098
193.62
194.135
194.652
195.176
195.737
196.277
196.876
197.408
197.923
198.485
199.037
199.529
200.031
200.517
201.033
201.549
202.05
202.522
202.977
203.481
203.931
204.421
204.871
205.357
205.872
206.353
206.819
207.281
207.781
208.27
208.746
209.165
209.673
210.133
210.636
211.123
211.607
212.092
212.563
213.048
213.543
213.979
214.444
214.963
215.456
215.91
216.358
216.909
217.427
217.9
218.377
218.88
219.328
219.859
220.347
220.847
221.343
221.833
222.252
222.736
223.258
223.701
224.167
224.676
225.178
225.717
226.244
226.753
227.278
227.784
228.351
228.874
229.395
229.909
230.411
230.889
231.494
232.024
232.504
232.993
233.559
234.013
234.509
235.039
235.582
236.093
236.643
237.184
237.724
238.271
238.764
239.27
239.87
240.449
241.031
241.578
242.08
242.623
243.197
243.77
244.386
245.044
245.632
246.183
246.733
247.276
247.858
248.415
248.985
249.554
250.1
250.699
251.352
251.978
252.567
253.26
253.865
254.51
255.207
255.893
256.607
257.288
258.028
258.736
259.55
260.398
261.207
262.162
263.073
263.941
264.754
265.664
266.524
267.574
268.483
269.426
270.423
271.356
272.42
273.605
274.805
275.791
276.794
277.804
278.863
279.83
280.943
281.979
282.976
283.943
284.875
285.959
286.983
288.106
289.149
290.173
291.175
292.23
293.24
294.325
295.279
296.195
297.185
298.072
299.199
300.25
301.22
302.116
303.096
304.081
304.959
305.97
306.908
307.735
308.784
309.828
310.919
311.858
312.755
313.765
314.708
315.688
316.745
317.719
318.663
319.521
320.427
321.34
322.26
323.136
324.058
325.202
326.178
327.256
328.255
329.302
330.375
331.477
332.501
333.574
334.501
335.407
336.453
337.459
338.508
339.554
340.522
341.742
342.928
344.108
345.316
346.68
348.093
349.503
350.947
352.339
353.7
355
356.406
357.644
358.92
360.096
361.237
362.451
363.597
364.9
366.18
367.499
368.88
370.26
371.521
372.771
374.031
375.192
376.417
377.541
378.692
379.871
381.023
382.118
383.346
384.491
385.764
387.083
388.238
389.393
390.477
391.779
392.962
394.247
395.65
397.061
398.423
399.767
401.144
402.452
403.802
405.107
406.625
407.906
409.383
410.831
412.379
414.01
415.59
417.238
419.031
420.755
422.453
424.336
426.099
428.213
430.088
432.022
433.972
435.833
437.636
439.756
441.645
443.493
445.714
447.737
449.58
451.231
453.455
455.313
457.497
459.418
461.533
463.591
465.935
468.436
471.205
473.722
476.462
479.54
482.737
486.2
489.459
492.784
496.002
499.539
503.167
507.624
512.007
516.316
522.774
529.354
535.979
543.23
549.982
557.118
565.636
572.102
576.158
580.746
585.242
590.102
595.389
600.909
606.878
612.296
618.827
626.759
640.457
653.664
677.178
691.661
708.731
720.167
732.869
852.294
