2
2.25
3
4
5
5.5
6
6.125
6.33333
10.4833
14
18.8757
25.5965
28.7515
33.8452
37.5925
40.7606
43.6618
46.6701
49.3356
51.7521
54.051
55.7974
57.4949
59.2391
60.9117
62.6354
64.0494
65.6124
67.1732
68.4086
69.6024
70.8761
72.0609
73.3936
74.6167
75.8427
77.2315
78.2844
79.5282
80.821
81.8894
83.0915
84.183
85.3778
86.5868
87.7128
88.8344
89.9343
90.8747
91.8684
92.8597
93.7896
94.6369
95.6155
96.5066
97.3031
98.1055
99.0236
99.852
100.747
101.466
102.251
103.007
103.772
104.42
105.135
105.857
106.631
107.34
108.08
108.766
109.416
110.122
110.806
111.422
112.067
112.682
113.245
113.924
114.57
115.185
115.902
116.519
117.142
117.862
118.513
119.138
119.76
120.459
121.03
121.712
122.321
122.88
123.485
124.111
124.809
125.397
126.082
126.662
127.286
127.907
128.467
129.011
129.625
130.264
130.832
131.554
132.173
132.782
133.541
134.12
134.673
135.249
135.846
136.495
137.223
137.84
138.514
139.063
139.67
140.302
140.848
141.409
142.059
142.692
143.272
143.835
144.413
145.08
145.701
146.299
146.918
147.495
148.038
148.601
149.217
149.745
150.317
150.845
151.385
151.891
152.421
153.046
153.579
154.083
154.573
155.104
155.641
156.192
156.688
157.178
157.749
158.331
158.831
159.345
159.901
160.388
160.956
161.464
161.997
162.534
163.063
163.578
164.082
164.546
164.97
165.478
166.011
166.496
166.985
167.538
168.068
168.624
169.126
169.66
170.2
170.821
171.343
171.887
172.405
173.005
173.519
174.056
174.607
175.134
175.666
176.206
176.71
177.276
177.857
178.373
178.947
179.517
180.084
180.707
181.262
181.865
182.495
183.083
183.747
184.34
184.856
185.398
185.993
186.532
187.069
187.647
188.329
188.907
189.46
190.096
190.716
191.323
191.912
192.463
193.188
193.858
194.468
195.137
195.864
196.508
197.157
197.717
198.394
199.085
199.737
200.432
201.123
201.838
202.502
203.169
203.82
204.467
205.173
205.866
206.519
207.261
208.079
208.715
209.472
210.251
211.027
211.79
212.531
213.284
214.039
214.733
215.48
216.173
216.935
217.59
218.353
219.093
219.802
220.611
221.292
222.076
222.777
223.432
224.17
224.895
225.629
226.413
227.112
227.863
228.629
229.472
230.213
230.885
231.616
232.359
233.055
233.907
234.7
235.531
236.178
236.969
237.824
238.534
239.368
240.206
241.015
241.877
242.787
243.626
244.526
245.512
246.492
247.339
248.198
249.193
250.175
251.138
252.133
253
253.954
254.916
256.016
256.922
257.856
258.823
259.818
260.771
261.569
262.375
263.328
264.233
265.177
266.192
267.121
267.963
268.99
269.959
270.859
271.851
272.9
273.937
274.925
275.937
276.895
277.828
278.752
279.825
280.873
281.883
282.963
284.044
284.976
285.966
287.052
288.052
289.051
290.064
291.239
292.283
293.436
294.396
295.455
296.447
297.358
298.303
299.396
300.471
301.406
302.54
303.697
304.798
305.796
306.947
307.951
309.006
309.955
310.933
311.974
313.156
314.325
315.485
316.597
317.933
319.108
320.527
321.584
322.734
323.709
324.763
326.088
327.289
328.758
330.179
331.619
332.971
334.561
336.202
337.725
339.276
340.594
342.061
343.868
345.703
347.457
349.812
352.173
354.537
357.003
359.124
361.617
364.124
366.432
369.235
371.675
374.064
376.467
378.402
380.023
381.644
382.949
384.547
385.864
387.205
388.354
389.516
390.6
391.688
392.665
393.783
394.718
395.624
396.617
397.761
398.796
399.717
400.676
401.732
402.881
403.791
404.878
405.962
407.067
408.322
409.568
410.647
411.882
413.105
414.359
415.528
416.808
417.968
419.115
420.38
421.834
423.024
424.338
425.702
426.884
428.213
429.51
431.083
432.435
433.836
435.408
436.815
438.305
440.083
441.698
443.387
445.147
446.687
448.178
449.62
450.897
452.239
453.766
455.44
457.257
458.931
460.547
462.281
463.874
465.558
467.398
469.218
471.173
473.041
474.815
476.637
478.507
480.494
482.267
484.175
486.69
488.864
491.942
494.837
497.928
501.058
504.016
507.704
511.768
515.765
519.64
524.136
529.85
535.673
540.785
546.046
551.563
556.763
561.598
566.618
571.634
576.454
580.463
585.089
589.5
593.428
597.905
601.951
605.803
609.292
612.703
616.346
619.929
623.374
627.108
632.049
640.419
652.984
668.353
692.473
794.818
815.093
930.259
