1
16
16
22.3333
26.0833
26.0833
27.4167
32.5595
34.6845
41.129
59.6401
94.3652
146.509
217.409
288.633
343.031
388.209
425.584
473.73
524.436
563.47
600.654
628.581
652.509
673.939
700.057
724.904
745.995
765.19
786.318
803.552
819.036
835.909
854.954
871.81
888.789
909.208
932.288
960.396
985.219
1007.8
1026.36
1041.11
1055.17
1069.76
1085.65
1099.12
1113.46
1129.96
1148.14
1164.07
1176.07
1188.19
1198.02
1208.53
1220.08
1229.76
1240.98
1251.02
1260.45
1269.67
1278.6
1288.69
1299.28
1309.64
1319.57
1331.06
1341.52
1351.88
1363.5
1374.91
1386.08
1397.51
1410.4
1423.51
1434.8
1446.83
1458.1
1469.04
1479.69
1489.78
1498.97
1507.43
1515.91
1524.96
1534.46
1544.96
1554.73
1565.57
1575.63
1584.95
1594.22
1603.37
1613.66
1624.25
1634.73
1645.38
1655.71
1666.68
1679.14
1693.12
1707.81
1723.35
1737.94
1750.59
1762.43
1774.24
1785.37
1797.15
1809.49
1821.43
1832.68
1844.16
1854.79
1863.89
1873.48
1881.12
1889.71
1897.39
1905.29
1913.73
1921.88
1929.67
1937.58
1945.98
1952.96
1960.4
1967.46
1975.62
1983.58
1990.44
1997.6
2004.46
2010.84
2017.51
2024.57
2032.61
2040.21
2048.76
2056.36
2063.74
2070.75
2077.78
2084.32
2092.06
2098.06
2104.76
2110.91
2116.65
2122.3
2127.66
2133.42
2139.24
2144.84
2150.77
2156.41
2161.54
2166.36
2171.13
2176.35
2181.33
2186.13
2191.53
2196.91
2202.52
2208.18
2214.27
2220.06
2225.87
2230.99
2236.85
2242.16
2248.04
2253.89
2259.15
2265.14
2270.46
2276.5
2282.24
2288.53
2294.24
2300.79
2306.62
2312.9
2319.19
2325.08
2330.57
2336.07
2342.08
2347.25
2352.61
2359.04
2365.02
2371.86
2377.93
2384.06
2390.57
2397.17
2404.02
2410.4
2417.3
2423.77
2430.94
2437.31
2444.34
2451.3
2458.71
2466.54
2474
2481.84
2488.94
2497.1
2504.14
2511.14
2517.51
2525.01
2530.6
2536.92
2543.01
2549.23
2555.67
2562.54
2568.52
2574.91
2580.47
2586.53
2591.84
2597.35
2603.26
2608.03
2613.23
2618.47
2623.45
2628.78
2633.68
2638.48
2643.86
2648.71
2653.32
2658.79
2664.08
2668.89
2673.7
2678.02
2683.13
2687.72
2692.34
2697.09
2702.12
2706.95
2712.54
2718.1
2723.74
2730.41
2737.62
2744.08
2750.74
2757.06
2764.16
2771.03
2776.56
2782.08
2786.96
2791.8
2796.64
2801.35
2805.94
2810.38
2815.45
2819.93
2825.15
2830.11
2834.97
2839.98
2845.57
2851.3
2856.62
2861.76
2866.67
2871.7
2876.63
2881.47
2886.26
2890.9
2895.43
2899.83
2904.91
2909.84
2914.25
2919.47
2924.78
2930.2
2935.58
2941.34
2948.08
2953.4
2960.66
2967.53
2974.69
2981.9
2989.23
2995.63
3001.17
3006.76
3012.69
3018.69
3024.28
3030.21
3036.76
3042.29
3047.6
3053.38
3058.68
3064.04
3068.83
3074.17
3079.69
3085.21
3090.29
3095.73
3100.57
3106.24
3111.64
3116.42
3121.91
3127.09
3131.34
3136.13
3141.25
3146.01
3150.7
3155.81
3160.45
3165.67
3170.55
3174.9
3178.91
3183.34
3187.55
3191.79
3195.96
3200
3204.68
3209.1
3213.23
3217.25
3221.3
3224.81
3228.37
3232.03
3235.56
3239.18
3242.62
3246.28
3249.37
3253.02
3256.31
3259.74
3263.27
3266.54
3270.16
3274
3277.39
3281.03
3284.38
3288.06
3291.39
3294.47
3297.86
3301.3
3304.51
3307.63
3310.66
3314.07
3316.96
3320.25
3322.85
3325.8
3328.82
3331.95
3334.55
3337.68
3340.64
3343.29
3346.22
3349.06
3352.12
3354.91
3357.97
3360.76
3363.84
3366.8
3369.49
3372.4
3375.8
3378.77
3381.98
3384.83
3387.75
3391.24
3394.4
3397.41
3400.2
3403.48
3406.41
3409.39
3412.44
3415.71
3418.9
3421.8
3424.76
3427.96
3431.13
