1
12
15
23.3333
25.3333
33.9333
34.7667
40.6238
40.6238
41.2905
66.7045
89.4355
139.569
221.761
281.153
327.978
396.297
453.65
506.719
552.952
584.804
609.564
630.865
649.203
664.689
683.12
702.682
721.954
738.653
753.72
771.407
790.901
814.406
844.571
870.778
893.018
916.929
938.122
956.125
975.173
999.073
1023.78
1047.35
1070.48
1088.6
1102.68
1115.88
1128.36
1139.34
1152.18
1165.57
1179.37
1191.55
1203.7
1213.7
1222.82
1231.72
1240.78
1250.59
1260.67
1270.4
1280.91
1291.51
1301.68
1313.44
1325.81
1336.24
1348.38
1360.26
1370.04
1380.7
1390.14
1400.26
1408.98
1417.26
1424.68
1431.46
1439.46
1447.4
1455.15
1462.48
1470.9
1479.99
1488.75
1498.38
1508.23
1518.64
1527.36
1537.32
1546.55
1556.2
1565.68
1576.07
1586.06
1595.49
1606.33
1615.2
1625.45
1635.09
1644.61
1653.2
1662.16
1670.32
1679.88
1689.36
1698.45
1706.86
1715.32
1723.73
1732.01
1740.75
1750.36
1758.28
1765.9
1773.13
1780.36
1788.03
1795.29
1802.95
1812.45
1823.22
1833.09
1843.73
1852.92
1862.86
1871.85
1881.47
1891.47
1901.27
1908.89
1916.77
1923.74
1930.51
1936.44
1942.54
1948.1
1953.68
1960.05
1965.62
1971.98
1978.03
1984.47
1991.1
1998.85
2006.54
2013.96
2022.53
2030.04
2037.93
2045.14
2052.83
2060.41
2068.33
2076.27
2082.82
2090.09
2096.35
2102.36
2108.96
2115.04
2121.8
2127.61
2134.19
2139.7
2146.13
2151.92
2157.45
2163.31
2169.38
2175.44
2181.97
2188.01
2194.57
2201.16
2207.74
2213.83
2220.12
2226.43
2232.5
2238.28
2244.97
2251.7
2258.09
2265.26
2272.87
2280.17
2287.58
2294.28
2301.24
2307.57
2314.21
2320.2
2327.74
2335.8
2343.76
2351.67
2360.23
2368.26
2377.04
2385.79
2395.34
2404.64
2414.29
2423.09
2432.2
2441.14
2450.39
2458.89
2466
2473.97
2481.49
2489.19
2496.63
2504.89
2514.95
2524.42
2534.01
2542.58
2550.79
2558.16
2565.67
2574.08
2580.87
2588.73
2595.51
2602.26
2608.86
2615.47
2622.46
2629.61
2635.13
2641.4
2647.32
2652.79
2658.35
2664.34
2669.45
2674.37
2680
2684.49
2689.15
2695
2700.22
2705.59
2710.87
2716.73
2722.25
2728.68
2734.77
2741.41
2748.02
2754.55
2761.11
2768.18
2774.15
2781.32
2787.18
2793.31
2798.58
2804.04
2809.25
2813.73
2818.14
2822.28
2826.85
2830.94
2834.97
2838.56
2842.07
2845.43
2849.15
2852.62
2855.73
2859.05
2862.48
2865.87
2869.4
2872.77
2876.99
2880.52
2884.25
2888.26
2892.05
2895.7
2899.23
2903
2906.9
2911.18
2915.13
2919.15
2922.81
2927.13
2931.12
2934.37
2938.74
2942.82
2946.71
2950.78
2954.81
2959.41
2963.69
2968.03
2972.67
2977.33
2982.44
2987.26
2992.92
2998.3
3003.93
3009.92
3015.75
3022.3
3027.83
3034.09
3040.09
3046.39
3052.66
3058.95
3065.43
3071.69
3077.45
3082.64
3088.43
3093.4
3098.54
3104.66
3110.44
3116.42
3122.63
3129.06
3135.59
3142.01
3148.73
3155.08
3160.85
3166.8
3172.85
3178.42
3183.7
3189.14
3194.42
3199.7
3205.82
3211.13
3216.28
3221.89
3227.12
3232.81
3237.54
3242.52
3248.05
3253
3258.36
3263.87
3269.58
3274.72
3279.61
3284.81
3289.98
3295.03
3299.78
3305.04
3309.1
3313.68
3319
3323.59
3328.49
3332.88
3337.59
3341.75
3346.38
3350.88
3355.32
3359.29
3363.4
3368.15
3372.06
3376.78
3381.36
3386.27
3390.69
3394.95
3399.18
3403.51
3407.81
3411.77
3415.56
3419.59
3423.66
3427.74
3431.56
3435.08
3439.44
3443.2
3446.94
3450.84
3454.7
3458.42
3462.03
3465.56
3469.85
3473.89
3477.69
3481.25
3485.29
3489.46
3493.62
3497.03
3501.24
3505.36
3509.4
3513.2
3516.93
