2
3
3.5
3.64286
4
4.66667
4.83333
5
5.07143
7
10.2514
14.0864
20.9026
23.35
28.8754
35.3887
40.0709
43.9874
47.1018
50.2469
53.3148
55.6667
57.4568
59.3322
60.9694
62.6808
64.2137
65.6543
67.0466
68.351
69.692
71.0052
72.2863
73.6717
74.8196
76.0522
77.149
78.1856
79.1417
80.2432
81.3129
82.258
83.2812
84.353
85.3292
86.3954
87.4885
88.6151
89.7222
90.6833
91.6063
92.5287
93.4513
94.3732
95.3635
96.2575
97.0986
98.0261
98.8485
99.6583
100.499
101.463
102.26
103.146
104.096
105.014
105.799
106.663
107.449
108.278
109.02
109.813
110.605
111.338
112.117
112.868
113.557
114.324
115.137
115.928
116.647
117.339
118.096
118.948
119.616
120.282
121
121.809
122.535
123.238
123.941
124.626
125.29
125.88
126.527
127.245
127.941
128.622
129.325
129.903
130.588
131.233
131.844
132.483
133.115
133.812
134.451
135.144
135.801
136.436
137.099
137.702
138.404
139.026
139.623
140.293
140.928
141.568
142.236
142.873
143.55
144.204
144.927
145.583
146.27
146.911
147.57
148.167
148.843
149.447
150.101
150.717
151.344
151.969
152.651
153.27
153.98
154.595
155.272
155.855
156.5
157.219
157.909
158.56
159.131
159.818
160.476
161.107
161.747
162.418
163.103
163.808
164.465
165.183
165.845
166.602
167.25
167.867
168.491
169.168
169.785
170.418
171.137
171.813
172.558
173.224
173.93
174.59
175.305
175.931
176.552
177.271
177.842
178.593
179.245
179.979
180.671
181.3
181.977
182.553
183.129
183.841
184.513
185.297
186.012
186.693
187.324
187.954
188.598
189.385
190.168
190.808
191.481
192.085
192.761
193.417
194.128
194.717
195.405
196.043
196.71
197.318
198.018
198.645
199.305
199.94
200.575
201.212
201.828
202.469
203.049
203.689
204.262
204.9
205.505
206.044
206.706
207.377
208.007
208.64
209.312
209.927
210.548
211.157
211.791
212.44
213.029
213.576
214.216
214.783
215.329
215.79
216.339
216.917
217.417
217.943
218.455
219.038
219.627
220.209
220.793
221.265
221.815
222.327
222.902
223.493
224.012
224.537
225.086
225.615
226.182
226.711
227.265
227.828
228.4
228.964
229.517
230.11
230.651
231.236
231.837
232.339
232.943
233.466
234.063
234.578
235.126
235.671
236.228
236.799
237.45
238.048
238.607
239.045
239.595
240.224
240.741
241.263
241.794
242.322
242.868
243.398
243.913
244.426
244.938
245.495
246.042
246.602
247.009
247.519
247.984
248.53
249.034
249.503
249.978
250.494
251.011
251.597
252.092
252.582
253.088
253.624
254.167
254.716
255.294
255.838
256.391
256.943
257.479
258.051
258.624
259.134
259.661
260.264
260.835
261.395
261.926
262.416
262.965
263.441
264.041
264.568
265.171
265.719
266.246
266.787
267.386
267.928
268.485
269.038
269.677
270.288
271.008
271.711
272.388
273.063
273.781
274.484
275.241
275.975
276.747
277.457
278.227
279.045
279.848
280.623
281.323
282.169
283.022
283.785
284.699
285.436
286.312
287.14
287.862
288.719
289.535
290.349
291.168
291.967
292.824
293.741
294.686
295.649
296.531
297.47
298.208
299.087
300.015
301.064
301.997
302.883
303.824
304.685
305.51
306.444
307.321
308.21
309.096
309.923
310.761
311.682
312.466
313.44
314.353
315.273
316.13
317.004
317.872
318.665
319.551
320.356
321.249
322.048
323.078
324.127
325.107
326.08
327.111
328.117
329.233
330.264
331.24
332.263
333.373
334.549
335.717
336.803
338.167
339.319
340.516
341.741
342.779
343.717
344.914
346.021
347.026
347.874
348.855
349.789
350.782
351.788
352.654
353.6
354.535
355.525
356.449
357.395
358.456
359.457
360.356
361.275
362.191
363.166
364.157
365.143
366.083
366.949
367.877
368.863
369.744
370.654
371.687
372.592
373.622
374.634
375.62
376.602
377.506
378.516
379.548
380.674
381.751
383.023
384.256
385.61
386.867
388.115
389.608
390.97
392.432
394.087
395.804
397.599
399.613
401.684
403.539
405.578
407.663
409.649
412.028
414.447
417.277
419.781
422.573
425.295
428.181
431.298
433.922
437.269
440.553
444.05
447.949
452.413
457.054
461.39
465.095
469.232
473.337
477.851
483.756
489.682
494.348
500.027
505.556
510.599
516.421
525.942
536.127
544.156
551.677
560.869
571.07
581.672
607.396
637.445
654.011
667.273
679.687
693.945
707.012
733.882
1126.92
