2
3
4
5
5
5.23529
7
7.5834
7.6
12.5912
16.2455
21.0623
26.0255
27.6025
32.6149
39.6424
45.7788
49.7383
53.6044
56.2669
58.9188
61.1602
63.39
65.4644
67.1259
68.6958
70.1688
71.4562
72.7698
73.9847
75.1175
76.3405
77.5961
78.8699
80.1474
81.3335
82.4845
83.6879
84.9584
86.1378
87.3867
88.5539
89.7155
90.9373
92.1193
93.3973
94.6855
95.9397
97.1236
98.1196
99.4633
100.647
101.807
102.822
103.857
104.822
105.815
106.949
108.017
108.963
109.959
110.941
111.93
113.01
113.994
114.906
116.043
116.952
118.011
118.957
120.001
121.088
122.1
123.03
124.007
124.88
125.976
126.975
127.906
128.853
129.711
130.789
131.677
132.653
133.52
134.534
135.368
136.208
137.067
137.884
138.718
139.448
140.241
141.024
141.729
142.492
143.208
143.947
144.675
145.456
146.193
147.127
147.827
148.732
149.503
150.198
150.844
151.556
152.173
152.939
153.531
154.192
154.877
155.6
156.201
156.773
157.354
157.896
158.578
159.187
159.8
160.469
161.071
161.679
162.314
162.971
163.592
164.122
164.77
165.331
165.942
166.538
167.106
167.679
168.26
168.821
169.334
169.836
170.386
170.835
171.364
171.891
172.395
172.94
173.496
173.906
174.396
174.965
175.514
176.002
176.533
177.04
177.53
178.002
178.487
178.97
179.497
179.984
180.522
181.011
181.537
182.06
182.541
183.054
183.569
184.051
184.566
185.091
185.586
186.035
186.573
187.065
187.564
188.021
188.492
189.008
189.581
190.007
190.528
191.072
191.581
192.116
192.568
193.064
193.55
194.011
194.513
195.035
195.514
195.941
196.479
196.967
197.489
197.94
198.385
198.824
199.32
199.787
200.267
200.699
201.232
201.722
202.132
202.576
203.099
203.551
204.018
204.437
204.846
205.329
205.797
206.266
206.742
207.257
207.717
208.183
208.646
209.106
209.624
210.115
210.639
211.148
211.644
212.238
212.766
213.24
213.769
214.243
214.796
215.273
215.826
216.372
216.895
217.44
218.023
218.625
219.195
219.767
220.31
220.886
221.491
222.09
222.68
223.199
223.725
224.323
224.893
225.442
225.989
226.582
227.098
227.629
228.171
228.705
229.215
229.741
230.185
230.733
231.219
231.815
232.309
232.817
233.307
233.819
234.313
234.864
235.345
235.869
236.444
236.915
237.385
237.948
238.424
238.926
239.412
239.946
240.445
241.019
241.493
242.011
242.504
242.994
243.539
244.049
244.629
245.071
245.586
246.085
246.699
247.227
247.824
248.446
249.008
249.589
250.163
250.696
251.218
251.818
252.393
252.954
253.547
254.149
254.658
255.283
255.829
256.338
256.919
257.505
258.122
258.714
259.287
259.898
260.47
261.028
261.651
262.244
262.895
263.453
264.055
264.657
265.18
265.798
266.477
267.1
267.658
268.234
268.777
269.351
270.006
270.584
271.171
271.761
272.351
272.881
273.403
273.992
274.511
275.095
275.638
276.243
276.789
277.364
277.995
278.594
279.287
279.895
280.529
281.198
281.82
282.512
283.217
283.829
284.51
285.212
285.927
286.603
287.377
288.087
288.843
289.531
290.237
290.867
291.677
292.388
293.183
294.1
294.984
295.898
296.769
297.653
298.552
299.568
300.508
301.377
302.414
303.605
304.847
305.97
307.19
308.376
309.644
310.905
312.228
313.501
314.74
315.988
317.26
318.728
319.945
321.313
322.736
324.213
325.849
327.428
329.11
330.93
332.728
334.585
336.43
338.362
340.088
341.978
343.911
345.676
347.389
348.972
350.438
352.05
353.688
354.894
356.181
357.498
358.871
360.116
361.385
362.707
363.993
365.334
366.6
367.76
368.988
370.381
371.955
373.367
374.947
376.141
377.679
379.182
380.676
382.147
383.567
385.053
386.584
388.167
389.823
391.46
393.042
394.47
396.082
397.496
398.707
400.138
401.764
403.087
404.616
406.147
407.9
409.76
411.943
413.947
416.064
418.203
420.305
422.823
424.994
427.487
430.747
434.063
437.753
441.833
445.634
449.289
452.431
455.267
458.13
460.565
462.842
465.128
467.444
469.794
472.321
474.881
477.115
479.307
481.73
483.843
485.835
487.833
489.776
491.54
493.531
495.202
496.78
498.35
500.125
501.917
503.738
505.512
507.411
509.338
511.243
513.339
515.366
517.416
519.338
521.345
523.281
525.522
527.808
529.958
532.526
535.305
537.828
540.895
543.996
548.478
553.373
558.956
566.357
574.957
585.274
623.704
792.815
