1
14
16
20.3333
27.3333
30.3333
33.3333
37.9048
39.4048
40.1825
71.2132
93.1662
152.47
220.801
294.529
334.791
388.786
438.166
479.317
516.353
548.861
577.15
602.7
627.122
653.858
693.849
740.452
769.384
795.201
818.389
839.26
857.095
874.265
891.92
913.991
937.937
959.769
979.93
997.85
1013.25
1027.87
1041.37
1055.4
1068.45
1083.02
1098.34
1111.48
1125
1138.56
1152.76
1166.96
1182.49
1197.58
1213
1227.91
1240.56
1252.73
1262.8
1274.6
1285.04
1294.22
1302.75
1310.61
1318.9
1327.09
1335.84
1344.39
1354.48
1365.05
1375.46
1386.54
1396.26
1406.81
1419.33
1433.51
1447.39
1459.64
1470.32
1481.07
1492.38
1504.4
1514.59
1525.91
1537.95
1549.86
1561.97
1574.81
1587.72
1599.14
1610.04
1619.55
1628.66
1636.88
1645.35
1655.45
1665.94
1673.97
1682.41
1690.56
1699.71
1708.2
1717.38
1725.96
1735.19
1744.75
1755.95
1767.33
1776.88
1786.89
1796.81
1805.5
1815.11
1823.72
1831.76
1838.68
1847.03
1853.96
1860.96
1868.45
1876.7
1884.29
1891.4
1899.51
1907.23
1914.56
1923.05
1930.28
1937.72
1944.2
1950.49
1957.28
1964.39
1971.37
1978.91
1986.36
1994.39
2003.11
2011.01
2018.86
2026.77
2034.86
2042.47
2050.32
2057.58
2064.74
2072.32
2079.05
2085.33
2091.78
2098.63
2105.2
2111
2116.79
2123.04
2128.96
2134.58
2140.22
2145.82
2152.36
2158.01
2163.43
2169.13
2174.83
2180.1
2187.15
2192.88
2200.55
2206.62
2213.84
2221.79
2228.7
2236.11
2243.04
2249.79
2256.07
2262.81
2268.78
2274.59
2280.68
2286.57
2292.09
2297.84
2303.22
2308.56
2313.88
2319.11
2323.7
2328.01
2332.79
2337.63
2341.73
2346.34
2351.1
2355.42
2360.04
2365.03
2369.8
2374.9
2379.2
2384.06
2388.15
2392.22
2396.73
2400.57
2404.67
2408.42
2412.51
2416.59
2420.32
2424.02
2428.18
2432.14
2435.99
2440.07
2444.18
2447.92
2451.83
2456.9
2461.19
2465.63
2470.45
2474.91
2479.71
2484.18
2489.04
2493.64
2498.07
2502.53
2506.01
2509.94
2513.86
2517.75
2521.55
2525.33
2529.49
2533.62
2537.93
2542.15
2546.24
2550.59
2555.37
2559.5
2563.94
2568.55
2573.02
2577.43
2582.71
2587.81
2592.93
2597.57
2601.9
2606.8
2611.75
2616.71
2621.58
2626.81
2631.96
2637.4
2642.62
2647.32
2652.42
2657.74
2663.34
2668.94
2674.8
2680.22
2686.09
2691.7
2697.25
2702.83
2708.77
2714.6
2719.81
2725.58
2730.59
2735.76
2741.28
2747.21
2752
2757.3
2762.88
2767.54
2773.29
2779.17
2784.8
2790.68
2796.16
2802.16
2807.59
2813.05
2818.45
2824.37
2829.95
2834.86
2840.06
2845.62
2851.54
2857.09
2862.68
2867.91
2873.8
2879.8
2886.55
2892.97
2899.46
2906.02
2913.64
2920.44
2927.63
2933.8
2940.33
2947.56
2953.67
2960.09
2966.79
2973.68
2980.11
2987.15
2993.78
2999.92
3006.35
3012.08
3017.06
3022.33
3027.85
3033.44
3039.02
3044.16
3049.65
3054.91
3060.62
3066.05
3071.46
3077.16
3082.69
3089.16
3095.31
3102.77
3109.49
3116.18
3122.56
3129.05
3136.01
3141.82
3147.59
3153.62
3159.19
3163.96
3169.86
3174.66
3179.96
3184.98
3190.46
3195.23
3200.39
3205.23
3210.35
3215.25
3220.98
3225.96
3230.71
3235.77
3241.11
3246.46
3251.1
3256.14
3261.15
3266.13
3271.04
3275.7
3280.54
3285.26
3290.46
3295.04
3299.44
3303.55
3307.64
3311.41
3315.38
3319.08
3322.58
3326.46
3330.31
3333.98
3338.31
3342.11
3345.96
3349.85
3354.41
3359.02
3363.81
3368.23
3372.56
3377
3381.6
3385.99
3390.7
3395.04
3400.08
3404.92
3410.13
3415.13
3420.7
3426.86
3432.71
3439.03
3444.42
3449.8
3455.46
3460.61
3466.01
3471.15
3476.16
