2
3
3.5
4
4.33333
4.53333
4.67778
4.83333
5.03333
10.2991
14
18.3409
25.9771
28.4605
33.2528
38.7623
41.9686
45.2939
48.4976
51.7088
55.2665
58.2213
60.9571
63.5833
65.6995
67.6054
69.4601
70.9702
72.5144
73.9202
75.404
76.6026
77.9701
79.2592
80.3063
81.5365
82.595
83.5446
84.5104
85.5348
86.5399
87.5793
88.4618
89.5089
90.4395
91.2154
92.1348
92.9969
93.9639
94.9399
95.8842
96.8361
97.931
98.8866
99.8468
100.807
101.724
102.673
103.531
104.301
105.233
106.132
107.033
107.859
108.725
109.491
110.207
111.05
111.823
112.598
113.428
114.24
115.082
115.919
116.702
117.404
118.109
118.854
119.526
120.204
120.952
121.655
122.425
123.084
123.785
124.519
125.111
125.887
126.463
127.136
127.793
128.388
128.97
129.587
130.206
130.895
131.441
131.968
132.484
133.098
133.686
134.229
134.845
135.413
135.97
136.558
137.136
137.778
138.406
138.908
139.488
140.065
140.609
141.161
141.693
142.22
142.777
143.355
143.934
144.503
145.177
145.755
146.312
146.92
147.566
148.227
148.846
149.42
150.065
150.761
151.406
152.052
152.691
153.38
154.017
154.64
155.313
155.921
156.583
157.193
157.922
158.492
159.054
159.608
160.217
160.795
161.355
161.986
162.612
163.22
163.722
164.297
164.962
165.605
166.245
166.873
167.578
168.191
168.845
169.504
170.17
170.818
171.456
172.052
172.781
173.442
174.101
174.755
175.453
176.177
176.792
177.479
178.12
178.807
179.511
180.187
180.906
181.699
182.339
183.069
183.804
184.463
185.195
185.93
186.681
187.454
188.158
188.897
189.712
190.518
191.305
191.959
192.734
193.511
194.224
194.935
195.615
196.392
197.153
197.872
198.575
199.33
200.043
200.751
201.472
202.258
202.96
203.691
204.416
205.135
205.904
206.573
207.305
208.013
208.685
209.4
210.06
210.771
211.457
212.127
212.825
213.395
214.097
214.737
215.439
216.106
216.706
217.369
218.086
218.775
219.428
220.171
220.743
221.416
222.074
222.793
223.467
224.1
224.771
225.493
226.2
226.823
227.503
228.196
229.15
229.936
230.664
231.451
232.222
233.01
233.719
234.465
235.297
235.909
236.614
237.322
238.044
238.735
239.321
239.981
240.589
241.268
241.874
242.549
243.128
243.765
244.361
245.052
245.675
246.261
246.875
247.429
248.062
248.745
249.323
249.952
250.505
251.08
251.658
252.255
252.848
253.385
253.967
254.513
255.107
255.706
256.314
256.928
257.496
258.146
258.789
259.365
259.988
260.585
261.179
261.775
262.458
263.013
263.576
264.101
264.729
265.331
265.925
266.546
267.191
267.785
268.36
269.033
269.643
270.165
270.762
271.404
271.947
272.57
273.147
273.822
274.477
275.117
275.721
276.381
276.973
277.562
278.194
278.787
279.46
280.212
280.84
281.483
282.034
282.625
283.146
283.652
284.213
284.772
285.322
285.938
286.545
287.046
287.614
288.131
288.681
289.183
289.762
290.353
290.858
291.443
291.949
292.536
293.087
293.674
294.238
294.788
295.375
295.942
296.492
297.088
297.64
298.269
298.847
299.447
300.051
300.614
301.166
301.732
302.267
302.804
303.461
304.091
304.621
305.297
305.871
306.443
307.046
307.723
308.469
309.124
309.771
310.419
311.053
311.69
312.281
313.029
313.658
314.286
314.911
315.502
316.221
316.898
317.482
318.075
318.815
319.533
320.239
320.926
321.594
322.354
323.105
323.859
324.659
325.424
326.184
326.947
327.765
328.586
329.368
330.237
331.224
332.075
332.955
333.898
334.75
335.801
336.794
337.733
338.605
339.57
340.637
341.625
342.708
343.648
344.678
345.826
346.93
348.204
349.426
350.477
351.698
352.931
354.317
355.574
356.871
357.986
359.378
360.64
362.066
363.49
364.744
366.203
368.14
369.882
371.739
373.833
376.072
378.543
380.974
383.342
385.763
388.13
390.226
392.301
394.541
396.508
398.423
400.363
402.281
404.332
406.089
408.132
409.945
411.779
413.309
415.045
416.682
418.278
419.8
421.787
423.745
425.991
428.293
430.273
433.042
435.914
439.42
442.907
446.31
450.108
453.682
457.162
460.073
463.285
467.051
471.462
477.734
485.6
493.471
500.64
506.067
511.106
515.871
519.666
523.523
527.902
531.366
536.029
540.276
544.596
549.287
554.729
559.939
565.345
572.137
584.63
633.277
656.974
665.274
671.744
680.622
690.426
703.24
713.912
732.484
799.926
929.593
