2
3
3.5
4
4.33333
4.47619
4.59524
5.17857
6.90476
10.0595
11.8128
15.6173
20.6809
22.9676
27.0281
31.4337
35.266
38.4242
40.9361
42.9794
45.3078
46.9155
48.7115
50.2465
51.7943
53.1724
54.3758
55.4311
56.7752
57.9941
59.1585
60.2199
61.1943
62.1976
63.2225
64.1953
65.2991
66.0986
67.0928
68.0389
69.0018
69.9379
70.819
71.7502
72.6396
73.4
74.1891
75.0307
75.878
76.6472
77.4247
78.0566
78.866
79.5662
80.2529
80.982
81.633
82.2889
82.9691
83.6402
84.3736
85.089
85.8265
86.505
87.2347
87.8719
88.593
89.3369
90.072
90.6854
91.4021
92.1424
92.8747
93.5706
94.2547
94.9597
95.6018
96.352
97.0591
97.7178
98.3517
99.0427
99.6848
100.333
100.979
101.662
102.299
102.898
103.453
104
104.613
105.199
105.815
106.381
106.963
107.513
108.05
108.637
109.239
109.705
110.291
110.87
111.382
111.947
112.519
113.01
113.529
114.063
114.65
115.267
115.791
116.369
116.906
117.462
117.957
118.514
119.035
119.55
120.09
120.606
121.178
121.756
122.304
122.885
123.475
124.025
124.595
125.112
125.712
126.299
126.843
127.382
127.914
128.42
128.905
129.495
130.005
130.486
130.986
131.548
132.082
132.637
133.169
133.659
134.191
134.745
135.339
135.811
136.384
136.944
137.448
137.99
138.49
139.057
139.688
140.318
140.914
141.456
141.983
142.504
143.093
143.604
144.131
144.68
145.242
145.728
146.227
146.798
147.283
147.767
148.302
148.788
149.35
149.861
150.315
150.794
151.335
151.833
152.359
152.841
153.441
154
154.507
155.072
155.66
156.152
156.642
157.149
157.64
158.072
158.589
159.068
159.584
160.063
160.544
161.071
161.521
161.991
162.454
162.964
163.433
163.915
164.402
164.933
165.469
165.968
166.499
167.13
167.717
168.174
168.647
169.252
169.799
170.35
171.007
171.539
172.139
172.757
173.313
173.92
174.5
175.101
175.713
176.332
176.942
177.61
178.189
178.82
179.492
180.132
180.786
181.364
182.006
182.598
183.221
183.848
184.421
185.026
185.594
186.223
186.864
187.553
188.143
188.772
189.339
189.987
190.703
191.308
191.997
192.637
193.279
193.919
194.53
195.132
195.842
196.57
197.257
197.95
198.699
199.468
200.205
200.989
201.773
202.592
203.463
204.307
205.086
205.977
206.952
207.833
208.693
209.609
210.517
211.476
212.383
213.267
214.32
215.35
216.37
217.406
218.439
219.558
220.657
221.793
222.832
224.085
225.118
226.147
227.188
228.29
229.335
230.392
231.388
232.371
233.324
234.23
235.062
235.99
236.89
237.863
238.741
239.687
240.542
241.435
242.279
243.085
243.885
244.802
245.634
246.467
247.234
248.188
248.994
249.911
250.717
251.72
252.645
253.58
254.504
255.592
256.428
257.21
258.095
258.998
259.837
260.661
261.586
262.4
263.308
264.211
264.919
265.821
266.791
267.684
268.484
269.293
270.13
271.053
271.995
273.084
274.044
275.01
276.045
277.062
278.029
278.936
279.832
280.855
281.785
282.804
283.738
284.788
285.826
286.794
287.863
288.94
289.956
291.141
292.246
293.268
294.353
295.432
296.551
297.8
298.824
299.863
300.885
302.249
303.339
304.571
306.118
307.567
308.953
310.368
311.772
313.07
314.328
315.524
317.018
318.174
319.53
320.68
322.021
323.229
324.309
325.489
326.678
327.807
328.952
329.877
331.013
332.036
332.847
333.841
334.794
335.838
336.912
337.89
338.982
340.187
341.544
342.684
343.797
345.049
346.289
347.523
348.878
350.141
351.272
352.594
353.94
355.289
356.633
358.19
359.728
361.218
362.799
364.484
365.969
367.84
369.956
371.571
373.25
374.942
376.886
378.699
380.75
382.624
384.373
386.203
387.913
389.666
391.388
393.07
394.722
396.277
397.899
399.555
401.408
403.266
405.135
406.859
409.065
411.435
413.734
416.168
418.447
421.112
424.094
426.297
428.982
431.912
434.718
437.076
439.61
441.977
444.439
447.01
449.294
451.325
453.31
455.439
457.406
459.665
461.575
463.442
465.827
468.2
470.446
473.195
475.974
478.688
481.508
484.439
487.178
489.968
492.666
495.846
499.059
501.7
504.985
507.835
511.666
515.686
521.164
526.475
531.956
536.385
540.363
544.485
548.533
552.789
557.556
563.022
569.611
577.828
586.139
613.285
633.223
645.786
667.029
682.807
701.117
712.747
720.944
727.41
733.498
739.673
748.241
761.216
782.648
805.238
1131.24
