1
14
14
18.6667
22.1667
27.1667
28
33.5714
38.9464
41.6131
62.1307
97.4479
135.921
210.186
276.519
351.595
396.392
451.175
511.693
542.31
568.192
598.843
626.66
652.691
672.652
693.649
715.656
741.614
772.193
810.592
845.355
880.258
904.777
926.535
945.248
960.311
973.654
987.574
1000.27
1012.46
1023.04
1034.26
1043.79
1054.79
1066.54
1079.51
1092.25
1105.02
1118.92
1133.5
1146.53
1157.04
1168.09
1176.37
1184.72
1192.01
1199.61
1207.3
1213.92
1221.15
1229.13
1236.39
1244.98
1252.78
1261.24
1267.96
1275.96
1282.42
1289.64
1296.56
1304.6
1311.92
1320.25
1328.87
1337.51
1346.08
1357.01
1370.27
1388.32
1413.96
1440.06
1465.2
1488.88
1511.67
1528.01
1543.22
1557.74
1569.01
1581.28
1592.82
1603.64
1613.87
1623.06
1631.39
1639.57
1647.89
1655.59
1664.53
1672.57
1681.54
1690.29
1699.48
1708.62
1717.89
1726.75
1733.78
1742.18
1748.21
1756.3
1762.91
1770.55
1778
1785.42
1793.44
1800.75
1808.31
1816.74
1822.89
1830.41
1837.19
1844.73
1852.86
1861.66
1871.48
1880.65
1890.11
1900
1909.64
1919.3
1928.25
1936.61
1944.74
1952.02
1960.01
1967.32
1975.3
1983.69
1990.98
1998.54
2006.29
2014.48
2022.34
2031.05
2039.42
2048.27
2056.4
2065.61
2074.03
2082.03
2089.04
2096.52
2103.46
2109.19
2115.42
2121.1
2126.42
2131.28
2136.63
2141.59
2146.7
2151.71
2156.49
2161.35
2166.17
2171.3
2176.31
2181.77
2186.76
2192.08
2197.27
2202.57
2208.1
2213.11
2217.71
2222.53
2227.29
2232.42
2237.59
2242.25
2247.8
2252.78
2258.32
2264.18
2269.65
2275.27
2280.89
2286.09
2291.07
2296.25
2302.04
2306.69
2312.52
2317.71
2323.42
2328.9
2334.99
2340.97
2347.24
2353.5
2360.16
2366.62
2373.07
2379.06
2385.31
2391.63
2397.4
2403.85
2410.23
2416.3
2422.34
2428.73
2434.4
2441.16
2447.35
2453.88
2460.14
2466.9
2473.32
2479.56
2486.73
2493.15
2499.62
2506.05
2512.18
2519.12
2526.87
2536.42
2546.55
2556.08
2564.71
2573.26
2581.84
2590.29
2599.59
2608.67
2617.25
2626.4
2635.25
2644.02
2653.73
2662.05
2670.3
2678.84
2685.68
2693.8
2700.53
2708
2714.45
2720.59
2726.25
2731.9
2737.15
2742.44
2748.04
2753.6
2759.08
2764.76
2770.47
2776.43
2782.22
2789.05
2794.75
2800.41
2806.92
2812.28
2818.13
2823.65
2829.36
2834.78
2839.93
2845.67
2850.9
2856.28
2861.53
2866.27
2871.27
2876.49
2881.21
2885.5
2890.26
2894.82
2898.41
2902.45
2906.77
2910.67
2914.62
2918.43
2922.43
2926.08
2930.12
2934.02
2937.89
2942.06
2946.46
2950.95
2954.67
2958.6
2962.97
2966.78
2970.49
2974.04
2977.42
2980.74
2984.61
2987.98
2991.41
2994.83
2998.28
3001.61
3005.32
3008.82
3012.14
3015.35
3018.75
3022.2
3025.68
3029.18
3032.45
3035.69
3039.09
3042.38
3045.6
3049.21
3052.15
3055.86
3059.25
3062.98
3065.98
3069.27
3072.64
3076.04
3079.29
3082.64
3086.1
3089.29
3093.1
3096.09
3099.44
3102.74
3105.95
3109.44
3113.09
3116.32
3119.55
3123.15
3126.91
3130.45
3133.88
3136.82
3140.29
3143.6
3146.9
3150.36
3153.55
3157.5
3161.23
3164.64
3168.31
3171.65
3175.16
3178.74
3182.24
3185.89
3189.58
3193.03
3196.97
3200.56
3204.09
3207.39
3210.65
3214.49
3218.11
3221.58
3224.87
3228.19
3231.24
3235.05
3238.32
3241.4
3244.75
3248.29
3251.84
3255.2
3258.89
3262.36
3266.3
3270.03
3273.69
3277.5
3281.7
3285.71
3290.42
3293.98
3298.42
3302.64
3306.86
3311.33
3315.76
3319.79
3324.25
3328.61
3332.91
3337.41
3341.81
3346.52
3350.94
3355.72
3360.23
3364.78
3369.33
3373.6
3377.81
3381.96
