1
14
15.5
15.5
20.75
23.15
27.65
32.65
34.9
38.0111
65.1495
93.2451
134.615
195.709
291.112
347.171
396.139
438.564
477.326
513.312
549.003
580.401
607.961
632.084
657.983
690.849
717.851
752.533
776.11
796.507
817.745
835.906
855.656
875.955
894.447
911.393
925.973
940.779
954.864
968.618
981.378
994.519
1008.69
1025.12
1040.19
1052.61
1066.77
1080.99
1095.86
1111.64
1124.49
1136.62
1146.96
1156.89
1166.49
1175.27
1184.62
1196.17
1209.73
1222.53
1235.33
1248.72
1261.54
1275.49
1289.24
1301.06
1310.38
1320.62
1331.48
1341.16
1351.94
1361.93
1371.85
1381.33
1391.9
1401.71
1410.82
1419.12
1426.73
1434.58
1442.65
1451.92
1461.31
1472.79
1484.73
1496.14
1506.56
1518.35
1531.94
1545.43
1560.24
1575.25
1590.37
1603.8
1617.47
1633.34
1646.89
1662.68
1675.82
1689.11
1702.03
1715.49
1727.96
1742.16
1757.35
1770.94
1782.57
1793.02
1802.44
1813.26
1825.71
1837.55
1848.24
1858.47
1868.15
1877.02
1886.32
1895.58
1904.91
1913.09
1920.52
1928.34
1935.99
1942.82
1949.28
1955.74
1963.2
1970.2
1977.56
1985.7
1991.85
1998.2
2004.19
2010.47
2016.99
2023.52
2030
2036.44
2042.48
2048.41
2054.36
2060.15
2065.94
2071.36
2076.46
2082.13
2087.75
2092.93
2098.57
2104.56
2109.91
2116.11
2122.4
2129.14
2135.97
2141.91
2147.77
2154.16
2160.37
2166.05
2173.22
2180.59
2188.21
2197.41
2206.15
2215.53
2224.47
2232.49
2240.83
2249.6
2257.26
2265
2272.88
2279.65
2287.32
2294.24
2301.02
2307.03
2313.35
2319.21
2325.21
2330.8
2336.28
2341.97
2347.37
2352.51
2358.02
2363.04
2368.54
2373.97
2379.65
2385.52
2390.88
2396.26
2401.46
2407.17
2412.17
2416.93
2421.6
2426.63
2431.17
2435.6
2440.27
2445.49
2450.35
2454.84
2459.43
2463.76
2468.58
2473.09
2477.88
2482.91
2487.78
2492.62
2497.06
2501.87
2506.82
2511.67
2516.31
2520.78
2525.41
2530.03
2534.08
2539.4
2544.16
2549.23
2554.22
2559.4
2564.4
2569.38
2574.29
2579.23
2583.81
2588.27
2592.29
2596.57
2601.64
2605.81
2610.53
2616
2621.44
2626.96
2632.02
2636.63
2641.38
2646.41
2651.16
2655.63
2660.53
2664.97
2670.06
2675.64
2680.64
2685.14
2690.37
2695.27
2700.24
2705.2
2709.7
2714.61
2720.12
2725.27
2729.85
2734.92
2740.31
2744.9
2750.35
2755.03
2759.67
2764.06
2768.96
2773.33
2777.29
2781.34
2785.7
2789.46
2793.28
2797.16
2800.67
2804.32
2808.37
2811.89
2815.65
2819.64
2823.63
2827.78
2832.36
2837.01
2841.5
2845.54
2850.04
2853.86
2858.18
2862.03
2865.89
2869.53
2873.32
2877.34
2881.25
2884.88
2888.87
2893.12
2897
2900.44
2904.39
2908.25
2912.12
2915.7
2919.61
2923.62
2927.35
2931.26
2935.18
2939.09
2942.81
2946.63
2950.41
2954.2
2958
2962.25
2966.52
2971.02
2975.85
2980.92
2985.87
2990.6
2995.39
3000.55
3005.59
3010.11
3014.72
3019.45
3024.12
3029.28
3033.77
3038.4
3042.99
3048.13
3052.79
3057.28
3062.25
3067.19
3072.15
3076.82
3081.2
3085.95
3090.37
3094.96
3099.76
3104.75
3110.11
3114.95
3120.09
3124.56
3129.5
3134.74
3139.54
3144.93
3149.75
3155.2
3160.1
3165.07
3170.23
3174.35
3179.15
3183.36
3187.71
3192.07
3196.56
3200.31
3204.48
3208.68
3212.93
3216.97
3221.33
3225.88
3230.46
3235.82
3240.79
3246.2
3252.02
3257.3
3262.55
3267.41
3272.23
3276.64
3281.31
3286.04
3290.81
3295.48
3300.06
3304.71
3308.85
3313.36
3317.76
3322.33
3327.28
3331.45
3335.6
3340.34
3344.78
3349.41
3353.91
3358.58
3362.47
3366.43
3370.68
3374.54
3378.77
3382.92
3386.95
3390.91
3395.28
