2
4
5
6
6.7619
7
7.5
7.6
7.75
10.9425
13.5632
16.9606
21.1688
22.9685
27.6641
32.493
36.1477
39.8431
42.9137
45.8295
48.4805
51.0572
53.4831
55.5917
57.5896
59.9156
61.7665
63.3071
64.6846
66.0057
67.3258
68.581
69.6335
70.549
71.5522
72.578
73.5994
74.5779
75.4452
76.4003
77.2309
78.0985
79.0059
79.7352
80.5293
81.3017
82.067
82.8744
83.6122
84.3914
85.1115
85.8783
86.5053
87.1728
87.8305
88.5044
89.2244
89.8904
90.5712
91.2508
91.892
92.5394
93.1107
93.671
94.3122
94.8897
95.5433
96.0969
96.6821
97.2833
97.8701
98.4211
99.0038
99.6363
100.175
100.761
101.308
101.89
102.506
103.036
103.533
104.069
104.522
105.054
105.621
106.199
106.746
107.278
107.799
108.337
108.839
109.393
109.82
110.311
110.884
111.382
111.88
112.394
112.901
113.412
113.902
114.412
114.877
115.331
115.825
116.285
116.744
117.238
117.786
118.235
118.68
119.149
119.639
120.088
120.568
121.002
121.409
121.847
122.268
122.753
123.238
123.721
124.148
124.65
125.125
125.546
125.987
126.464
126.852
127.347
127.773
128.213
128.668
129.182
129.662
130.133
130.588
131.062
131.592
132.127
132.671
133.195
133.747
134.26
134.81
135.322
135.838
136.329
136.847
137.417
137.97
138.505
139.036
139.626
140.119
140.647
141.14
141.641
142.174
142.631
143.144
143.648
144.124
144.672
145.195
145.769
146.3
146.837
147.383
147.884
148.44
149.029
149.59
150.17
150.758
151.345
151.916
152.472
153.019
153.574
154.132
154.718
155.277
155.896
156.514
157.048
157.742
158.398
159.1
159.841
160.568
161.342
162.09
162.823
163.615
164.534
165.389
166.151
166.971
167.812
168.571
169.362
170.284
171.068
172.009
172.689
173.48
174.301
175.169
176.005
176.78
177.725
178.444
179.168
179.934
180.812
181.695
182.399
183.07
183.793
184.59
185.294
186.08
186.793
187.473
188.173
188.805
189.509
190.198
190.968
191.78
192.514
193.278
193.927
194.663
195.397
196.06
196.841
197.543
198.285
198.981
199.575
200.303
200.939
201.654
202.33
202.977
203.612
204.273
204.946
205.582
206.161
206.871
207.57
208.275
208.952
209.59
210.331
211.012
211.66
212.253
212.937
213.626
214.232
214.967
215.621
216.231
216.981
217.718
218.362
219.131
219.855
220.632
221.381
222.245
222.997
223.643
224.361
225.014
225.751
226.525
227.403
228.116
228.933
229.749
230.519
231.297
232.217
232.961
233.867
234.717
235.664
236.747
237.63
238.532
239.551
240.539
241.609
242.54
243.531
244.519
245.429
246.451
247.624
248.547
249.577
250.728
251.703
252.776
253.707
254.775
255.882
257.126
258.236
259.381
260.684
261.981
263.353
264.533
265.873
267.163
268.574
270
271.175
272.521
273.844
275.431
276.796
278.16
279.576
281.114
282.475
283.804
285.311
286.672
288.165
289.592
291.083
292.516
293.913
295.598
297.266
299.001
300.946
302.573
304.257
306.1
307.875
309.308
310.631
312.096
313.563
314.93
316.374
317.865
319.25
320.534
321.848
323.211
324.608
325.886
327.118
328.479
329.739
330.973
332.137
333.513
334.783
336.016
337.062
338.272
339.39
340.398
341.622
342.876
344.28
345.574
346.745
347.898
349.149
350.353
351.54
352.855
354.235
355.747
356.896
358.177
359.382
360.586
361.913
363.224
364.491
365.881
367.18
368.5
369.949
371.262
372.755
374.401
376.12
377.753
379.478
381.367
383.122
385.121
386.891
388.799
390.757
392.495
394.134
395.76
397.291
398.9
400.356
401.859
403.567
405.612
407.671
409.345
411.013
412.704
414.491
416.243
417.816
420.016
422.196
424.257
426.571
428.559
430.542
432.638
434.404
436.313
438.24
440.244
442.128
443.874
445.427
446.996
448.758
450.383
452.257
454.043
455.689
457.317
459.114
460.841
462.604
464.544
466.612
468.52
470.393
472.182
473.966
475.854
478.055
479.834
482.17
484.591
487.318
489.739
491.987
493.917
495.763
497.936
500.341
502.705
504.711
506.736
509.176
511.479
513.938
516.342
518.686
520.951
523.507
525.815
528.078
530.626
532.473
534.525
536.407
538.569
540.569
542.904
545.174
547.791
550.66
553.316
556.345
559.585
563.04
566.621
570.615
574.419
578.823
583.08
587.273
591.597
596.537
601.682
607.35
612.949
619.051
625.97
633.498
644.003
652.92
662.273
714.553
747.253
775.736
954.18
