2
2.25
2.96429
3
3.25
4
4.03571
4.25
4.33333
9
12.0239
16.8434
22.3607
23.8787
29.155
34.5167
38.5702
41.5276
43.7607
46.1617
48.6149
50.599
52.4496
54.1067
55.5994
56.9849
58.3013
59.7186
61.0305
62.4512
63.7559
64.9999
66.2041
67.5742
68.7496
70.0564
71.1454
72.225
73.2383
74.4009
75.4199
76.3705
77.4361
78.3457
79.3399
80.285
81.1873
82.1158
83.08
83.8858
84.7497
85.5129
86.2104
87.0128
87.7986
88.4666
89.17
89.8088
90.4533
91.0522
91.6721
92.3341
92.9899
93.597
94.2847
94.9235
95.6706
96.3394
96.9556
97.5811
98.1413
98.8125
99.4387
100.029
100.63
101.236
101.828
102.382
102.908
103.463
104.032
104.559
105.145
105.685
106.26
106.814
107.33
107.84
108.402
108.981
109.496
110.059
110.611
111.191
111.724
112.229
112.789
113.289
113.771
114.256
114.693
115.171
115.642
116.127
116.62
117.07
117.519
117.997
118.461
118.911
119.382
119.829
120.302
120.739
121.195
121.644
122.158
122.615
123.101
123.607
124.092
124.51
125.014
125.47
125.993
126.499
126.966
127.469
127.908
128.45
128.943
129.489
129.905
130.397
130.828
131.278
131.7
132.184
132.608
133.031
133.46
133.944
134.406
134.848
135.311
135.769
136.206
136.664
137.099
137.555
137.987
138.391
138.834
139.289
139.709
140.142
140.559
140.946
141.391
141.796
142.256
142.702
143.12
143.579
144.022
144.481
144.934
145.386
145.844
146.302
146.782
147.259
147.67
148.095
148.55
149.059
149.506
149.955
150.441
150.935
151.372
151.836
152.321
152.799
153.284
153.736
154.139
154.59
155.072
155.527
155.959
156.379
156.851
157.312
157.768
158.187
158.654
159.195
159.718
160.188
160.68
161.174
161.667
162.09
162.577
163.069
163.535
164.016
164.502
165.009
165.49
166.057
166.6
167.079
167.548
168.082
168.554
169.09
169.617
170.133
170.696
171.191
171.701
172.261
172.797
173.331
173.88
174.392
174.937
175.464
175.943
176.428
176.907
177.488
177.985
178.528
179.08
179.555
180.097
180.624
181.134
181.638
182.168
182.706
183.27
183.8
184.332
184.905
185.476
186.045
186.643
187.194
187.814
188.408
189.004
189.574
190.195
190.777
191.35
191.915
192.507
193.132
193.725
194.39
195.024
195.598
196.159
196.889
197.512
198.176
198.729
199.313
199.985
200.654
201.282
201.905
202.521
203.11
203.783
204.49
205.092
205.655
206.322
207
207.646
208.308
209.02
209.695
210.375
211.057
211.791
212.442
213.187
213.81
214.543
215.284
215.933
216.682
217.359
218.085
218.904
219.716
220.573
221.375
222.126
223.042
223.913
224.848
225.601
226.585
227.508
228.492
229.462
230.422
231.392
232.282
233.288
234.275
235.244
236.336
237.286
238.225
239.274
240.302
241.218
242.18
243.235
244.221
245.288
246.212
247.274
248.245
249.249
250.288
251.249
252.314
253.336
254.253
255.26
256.189
257.23
258.246
259.203
260.122
261.12
262.072
263.118
264.163
265.113
266.173
267.141
268.119
269.039
270.077
271.054
272.149
273.209
274.188
275.158
276.095
277.07
278.081
279.083
280.001
281.114
282.078
283.103
284.11
285.161
286.2
287.197
288.206
289.291
290.39
291.428
292.531
293.712
294.863
295.962
297.128
298.338
299.572
300.713
301.925
303.152
304.403
305.702
306.999
308.222
309.458
310.717
311.812
312.957
314.318
315.234
316.284
317.377
318.53
319.583
320.797
321.969
323.188
324.485
325.717
326.908
328.13
329.394
330.758
332.043
333.229
334.486
335.788
337.205
338.57
339.962
341.286
342.704
343.921
345.386
346.975
348.464
349.973
351.496
353.047
354.518
356.086
357.651
359.353
361.082
362.738
364.517
366.413
368.167
369.843
371.511
373.499
375.472
377.282
379.143
381.19
382.948
384.656
386.741
388.538
390.472
392.249
394.085
395.721
397.623
399.279
400.868
402.698
404.444
406.086
407.731
409.591
411.555
413.494
415.29
416.931
418.889
420.596
422.267
424.085
425.876
427.673
430.105
432.427
434.941
437.759
440.32
443.101
447.319
451.417
455.431
458.713
462.137
466.172
470.777
475.316
479.506
484.444
489.831
495.174
499.953
504.555
508.676
512.948
517.628
521.758
525.921
530.307
536.152
542.609
548.362
553.91
558.578
563.594
570.852
577.243
583.915
598.222
618.238
638.853
665.538
699.193
724.758
770.277
844.943
926.913
939.834
952.611
1020.91
