2
3
3.4
3.6
4.4
5
5.28889
5.86795
5.95556
8.76667
11.8653
15.9779
22.072
24.7143
31.5707
37.1741
40.8041
44.2839
47.7427
50.5125
53.281
55.7307
57.949
59.8512
61.9669
63.5137
65.0385
66.5043
68.0537
69.5172
70.9781
72.226
73.4735
74.7498
75.9432
76.9766
78.1027
79.1521
80.1749
81.0652
82.0131
83.0667
84.0679
84.9662
85.9453
87.0219
87.9563
88.9894
89.9671
90.9726
91.8611
92.7809
93.6822
94.5605
95.4945
96.3908
97.2342
98.0719
99.0481
99.9139
100.709
101.531
102.376
103.192
103.991
104.881
105.667
106.481
107.17
107.912
108.665
109.49
110.184
110.836
111.598
112.319
113.074
113.724
114.488
115.232
115.954
116.548
117.215
117.924
118.545
119.11
119.697
120.365
120.997
121.621
122.2
122.842
123.443
123.983
124.5
124.99
125.593
126.091
126.647
127.153
127.799
128.324
128.886
129.4
129.97
130.402
130.907
131.456
131.987
132.55
133.111
133.639
134.163
134.686
135.223
135.796
136.309
136.841
137.328
137.764
138.286
138.74
139.234
139.699
140.141
140.609
141.046
141.468
142.042
142.534
142.988
143.526
143.971
144.415
144.92
145.415
145.938
146.405
146.928
147.387
147.831
148.299
148.794
149.318
149.83
150.328
150.786
151.28
151.745
152.191
152.64
153.106
153.541
154.05
154.5
154.923
155.438
155.872
156.291
156.753
157.227
157.645
158.064
158.578
159.022
159.443
159.919
160.414
160.84
161.304
161.781
162.245
162.708
163.131
163.592
164.04
164.48
164.903
165.374
165.8
166.262
166.791
167.294
167.766
168.186
168.683
169.115
169.55
170.003
170.494
170.942
171.415
171.923
172.415
172.916
173.355
173.853
174.286
174.748
175.185
175.682
176.212
176.662
177.21
177.754
178.217
178.696
179.273
179.794
180.276
180.783
181.296
181.828
182.418
182.921
183.413
183.866
184.334
184.789
185.258
185.781
186.231
186.758
187.258
187.802
188.308
188.808
189.318
189.876
190.376
190.885
191.445
191.959
192.505
192.927
193.494
194.019
194.524
194.999
195.509
196.029
196.475
196.96
197.471
197.903
198.343
198.85
199.407
199.882
200.368
200.909
201.389
201.981
202.514
202.981
203.471
203.997
204.54
205.043
205.565
206.106
206.617
207.073
207.622
208.131
208.717
209.253
209.84
210.302
210.801
211.353
211.905
212.485
213.09
213.562
214.161
214.721
215.315
215.905
216.518
217.108
217.708
218.206
218.797
219.438
219.989
220.61
221.225
221.806
222.455
223.167
223.828
224.499
225.175
225.891
226.537
227.172
227.781
228.448
229.1
229.841
230.51
231.288
231.941
232.66
233.429
234.204
234.921
235.676
236.409
237.138
237.897
238.7
239.464
240.291
241.097
241.949
242.756
243.51
244.398
245.277
246.279
247.179
248.184
249.093
250.263
251.251
252.3
253.264
254.225
255.183
256.181
257.278
258.277
259.27
260.271
261.378
262.41
263.585
264.789
265.837
267.013
268.226
269.362
270.603
272.008
273.456
274.849
276.319
277.813
279.19
280.645
282.141
283.486
284.878
286.441
288.018
289.593
291.296
293.099
294.615
296.193
297.473
298.844
300.486
301.994
303.473
304.761
306.203
307.564
308.752
310.514
312.12
313.813
315.568
317.315
319.304
321.405
323.358
325.071
327.059
328.877
330.995
332.919
334.794
336.589
338.323
339.929
341.392
342.992
344.634
346.51
348.526
350.329
352.042
353.951
355.711
357.406
358.993
360.632
362.151
363.749
365.447
367.122
368.836
370.545
371.976
373.558
374.857
376.224
377.61
378.927
380.184
381.447
382.573
383.742
384.792
385.919
386.995
388.135
389.382
390.591
391.976
393.198
394.459
395.678
396.868
397.979
399.304
400.464
401.894
403.277
404.545
406.056
407.548
408.912
410.268
411.918
413.622
415.373
417.12
418.56
420.409
421.866
423.568
425.182
426.856
428.23
429.596
431.071
432.786
434.493
436.249
438.04
439.688
441.212
442.795
444.145
445.771
447.446
449.252
450.887
452.797
454.687
456.802
458.852
461.367
463.815
466.303
468.696
471.181
474.183
476.696
479.078
481.428
483.781
486.346
489.622
492.28
495.088
497.321
500.252
503.01
505.662
508.628
511.087
513.874
516.464
518.764
521.189
523.453
526.715
529.743
533.253
536.442
539.571
543.091
547.286
552.373
558.293
564.638
571.113
578.398
585.931
593.59
601.753
609.822
616.551
627.385
640.981
821.909
862.651
996.532
