2
2.66667
3
3.5
3.75785
3.98007
4
5
5
8.331
10.6667
14.6604
21.5375
23.5781
28.5819
33.1474
36.4878
39.0831
41.6074
43.7189
45.4823
47.3674
49.4913
51.3928
53.0618
54.5928
56.1592
57.6276
58.9954
60.283
61.7685
63.1654
64.5241
65.9847
67.2069
68.4421
69.6683
70.7152
71.7857
72.7692
73.8583
74.8713
75.7437
76.6339
77.6716
78.5057
79.3869
80.2698
81.2592
82.1291
82.9445
83.7452
84.6353
85.4276
86.1485
86.8615
87.5598
88.322
89.0381
89.7184
90.4471
91.1444
91.8598
92.552
93.2544
93.9582
94.6782
95.3223
95.928
96.5012
97.1918
97.8247
98.3822
98.9394
99.629
100.201
100.784
101.399
102.011
102.547
103.091
103.677
104.303
104.841
105.383
105.914
106.449
107.01
107.539
108.097
108.618
109.035
109.536
110.052
110.563
111.032
111.499
111.998
112.526
112.949
113.377
113.78
114.207
114.667
115.128
115.614
116.084
116.581
117.004
117.45
117.892
118.329
118.697
119.147
119.565
119.999
120.416
120.788
121.235
121.669
122.063
122.502
122.931
123.394
123.765
124.185
124.585
124.98
125.468
125.96
126.371
126.787
127.233
127.655
128.056
128.478
128.869
129.241
129.666
130.06
130.465
130.857
131.234
131.629
131.992
132.415
132.81
133.241
133.625
133.998
134.392
134.777
135.202
135.63
136.041
136.446
136.846
137.204
137.613
138.004
138.433
138.815
139.21
139.661
140.017
140.434
140.858
141.247
141.675
142.086
142.495
142.876
143.311
143.68
144.104
144.535
144.948
145.373
145.798
146.191
146.57
147.006
147.409
147.865
148.294
148.696
149.121
149.581
150.007
150.53
150.99
151.469
151.932
152.322
152.816
153.259
153.701
154.079
154.542
155.047
155.532
155.993
156.419
156.808
157.216
157.641
158.084
158.533
158.954
159.428
159.873
160.266
160.728
161.159
161.632
162.152
162.576
163.044
163.498
163.942
164.375
164.834
165.277
165.795
166.268
166.702
167.178
167.675
168.17
168.641
169.093
169.617
170.183
170.67
171.234
171.748
172.284
172.893
173.503
174.094
174.707
175.385
175.905
176.493
177.143
177.791
178.42
179.045
179.681
180.296
180.909
181.548
182.14
182.874
183.532
184.154
184.797
185.547
186.216
186.859
187.539
188.252
188.928
189.541
190.21
190.823
191.513
192.189
192.879
193.495
194.2
194.974
195.645
196.406
197.018
197.665
198.345
199.038
199.811
200.453
201.078
201.722
202.334
203.007
203.733
204.415
205.181
205.993
206.742
207.44
208.169
208.79
209.532
210.237
210.965
211.734
212.562
213.212
213.941
214.745
215.531
216.155
216.9
217.724
218.428
219.165
219.892
220.597
221.41
222.195
222.851
223.657
224.395
225.1
225.814
226.485
227.24
228.019
228.815
229.643
230.492
231.323
232.156
232.872
233.673
234.507
235.307
236.132
236.975
237.805
238.627
239.437
240.249
241.047
241.88
242.666
243.455
244.089
244.836
245.633
246.318
247.057
247.748
248.556
249.306
250.079
250.91
251.716
252.523
253.26
254.027
254.844
255.67
256.54
257.413
258.218
259.202
260.116
261.005
261.922
262.827
263.787
264.725
265.799
266.623
267.623
268.648
269.769
270.656
271.534
272.636
273.611
274.695
275.688
276.668
277.705
278.674
279.628
280.571
281.672
282.843
284.04
285.315
286.422
287.471
288.863
290.167
291.51
292.728
294.13
295.504
296.472
297.63
298.804
299.951
301.023
302.054
303.16
304.258
305.342
306.418
307.473
308.807
309.884
311.089
312.236
313.346
314.382
315.485
316.646
317.758
318.763
319.986
321.089
322.223
323.352
324.473
325.572
326.648
327.73
328.861
329.884
331.204
332.335
333.484
334.468
335.532
336.639
337.788
338.978
340.274
341.401
342.844
344.225
345.782
347.173
348.609
350.106
351.608
353.406
355.039
356.528
358.077
359.898
361.652
363.623
365.701
367.347
369.172
371.152
373.162
375.168
377.387
379.53
381.883
384.341
386.654
389.034
391.876
394.602
397.061
400.284
403.054
405.828
408.41
411.061
413.731
417.055
421.341
424.665
428.209
431.494
434.647
438.039
440.694
442.845
445.223
447.301
449.373
451.187
453.357
455.238
457.285
459.499
461.549
463.801
465.592
468.163
471.169
474.239
477.466
481.702
486.976
493.75
502.455
523.264
536.56
548.534
562.559
583.847
593.902
604.31
614.718
639.509
725.36
740.632
749.897
756.653
763.168
769.115
777.177
793.223
987.887
