2
3
3.66667
3.88889
4
4
4.33333
4.40385
4.45299
8
10.9566
15.0456
21.8518
26.3858
35.3848
39.7742
42.7263
45.119
47.3712
49.1441
50.859
52.3675
53.8097
55.0539
56.3794
57.5735
58.899
60.2448
61.4369
62.7497
64.0008
65.1159
66.4795
67.7906
69.0656
70.2019
71.2209
72.3447
73.281
74.2387
75.2385
76.2542
77.1539
78.0615
79.0138
79.9267
80.8345
81.8438
82.6869
83.5907
84.4068
85.2563
85.9616
86.7391
87.5622
88.3537
89.0171
89.7434
90.4672
91.1937
91.9461
92.7012
93.3875
94.0335
94.7158
95.4154
96.1494
96.8223
97.5406
98.2137
98.9282
99.6332
100.316
100.924
101.666
102.361
103.004
103.806
104.506
105.181
105.873
106.542
107.112
107.853
108.547
109.087
109.786
110.404
111.033
111.639
112.316
112.955
113.629
114.211
114.794
115.464
116.021
116.624
117.228
117.788
118.393
118.982
119.525
120.084
120.681
121.253
121.777
122.259
122.792
123.328
123.935
124.537
125.167
125.717
126.324
126.969
127.618
128.245
128.861
129.464
130.071
130.657
131.269
131.882
132.424
132.977
133.549
134.065
134.667
135.236
135.836
136.429
136.975
137.573
138.194
138.782
139.384
139.941
140.552
141.151
141.742
142.262
142.843
143.416
143.967
144.503
144.969
145.467
145.973
146.525
147.036
147.545
148.089
148.531
149.068
149.602
150.131
150.665
151.245
151.835
152.402
152.983
153.647
154.196
154.744
155.328
155.838
156.442
156.949
157.512
158.063
158.573
159.159
159.765
160.324
160.865
161.44
161.957
162.504
163.086
163.732
164.3
164.931
165.525
166.103
166.729
167.276
167.784
168.384
168.936
169.543
170.075
170.621
171.201
171.854
172.462
173.057
173.629
174.184
174.841
175.43
176.036
176.616
177.211
177.846
178.456
179.022
179.645
180.154
180.714
181.305
181.925
182.52
183.099
183.7
184.294
184.91
185.45
185.919
186.475
187.078
187.608
188.154
188.719
189.286
189.831
190.536
191.177
191.799
192.35
192.872
193.48
194.016
194.639
195.167
195.742
196.346
196.99
197.547
198.094
198.703
199.262
199.979
200.586
201.215
201.778
202.47
203.104
203.734
204.399
205.068
205.712
206.327
206.92
207.55
208.226
208.836
209.407
210.107
210.711
211.34
211.949
212.61
213.304
214.055
214.803
215.583
216.279
216.996
217.747
218.6
219.427
220.302
221.144
222.03
222.913
223.9
224.739
225.646
226.557
227.617
228.668
229.631
230.606
231.667
232.62
233.64
234.654
235.725
236.821
237.75
238.73
239.759
240.785
241.876
242.796
243.93
244.909
245.817
246.772
247.669
248.659
249.752
250.812
251.967
252.88
254
255.217
256.412
257.635
258.696
259.746
260.841
261.911
262.919
263.909
264.822
266.069
267.32
268.631
270.007
271.209
272.464
273.521
274.685
275.735
276.89
277.929
278.917
279.868
280.757
281.825
282.837
283.819
284.862
285.922
286.935
288.021
289.175
290.225
291.194
292.287
293.393
294.661
296.169
297.484
298.873
300.351
301.949
303.927
305.875
307.938
309.837
311.788
313.632
315.352
317.047
318.794
320.387
321.815
323.177
324.692
326.027
327.495
328.777
330.153
331.631
332.902
334.176
335.608
336.984
338.451
340.065
341.503
342.826
344.036
345.236
346.586
347.661
348.677
349.706
350.694
351.804
352.81
353.906
355.049
356.096
357.048
358.036
358.962
359.906
360.681
361.502
362.445
363.44
364.306
365.23
366.116
367.023
367.977
368.904
369.887
371.008
371.946
373.005
374.099
375.235
376.309
377.398
378.572
379.606
380.534
381.569
382.651
383.719
384.645
385.731
386.705
387.565
388.652
389.61
390.692
391.776
392.923
394.218
395.353
396.547
397.571
398.578
399.664
400.713
401.872
403.176
404.338
405.456
406.488
407.524
408.585
409.787
410.94
412.07
413.436
414.577
415.684
416.993
418.296
419.55
420.721
422.036
423.413
424.768
426.366
427.93
429.606
431.149
432.682
434.395
436.369
438.187
440.735
443.044
445.537
448.171
450.543
452.838
454.892
457.302
459.7
462.237
464.665
467.036
469.577
472.031
474.537
477.301
480.259
483.117
486.471
489.583
492.77
496.265
499.777
504.07
509.24
514.688
521.968
529.619
536.618
541.553
546.986
552.141
557.57
565.573
571.755
581.621
594.502
612.653
625.07
632.323
639.503
646.825
655.367
664.675
675.564
686.811
700.178
725.34
743.382
755.12
770.751
791.309
806.079
861.696
