2
3
3
4
5.25
5.75
5.75
6.5
6.50325
10.6042
13.675
18.2793
24.5919
26.7786
30.9212
34.4175
36.963
39.1379
41.1044
43.0498
44.8992
46.5773
48.1983
49.7793
51.3058
52.904
54.1209
55.4914
56.9994
58.4312
59.8352
61.1829
62.6211
63.9957
65.2064
66.445
67.6936
68.8529
70.1623
71.4724
72.7964
74.12
75.2902
76.5704
77.875
79.162
80.3159
81.6957
83.08
84.3853
85.584
86.9498
88.1516
89.3683
90.453
91.5959
92.7238
93.8239
94.8905
95.9513
97.0535
97.9868
98.9734
100.017
101.036
102.045
102.939
103.688
104.477
105.142
105.88
106.562
107.184
107.78
108.412
108.984
109.598
110.207
110.969
111.603
112.205
112.9
113.581
114.213
114.797
115.461
116.028
116.619
117.271
117.877
118.43
119.134
119.797
120.378
120.959
121.454
122.036
122.582
123.235
123.821
124.398
124.923
125.464
126.02
126.577
127.12
127.742
128.339
128.912
129.432
130.062
130.59
131.121
131.675
132.267
132.836
133.393
134.05
134.544
135.09
135.643
136.181
136.741
137.304
137.792
138.329
138.906
139.537
140.165
140.732
141.381
141.92
142.471
143.056
143.6
144.128
144.7
145.292
145.877
146.48
147.002
147.608
148.318
148.93
149.599
150.244
150.879
151.524
152.187
152.886
153.437
154.071
154.726
155.337
156.013
156.655
157.304
157.974
158.593
159.12
159.75
160.29
160.846
161.439
162.012
162.557
163.057
163.716
164.328
164.934
165.469
165.999
166.49
167.074
167.588
168.146
168.719
169.265
169.858
170.421
171.016
171.679
172.222
172.8
173.353
173.852
174.483
175.034
175.601
176.102
176.671
177.215
177.756
178.273
178.777
179.304
179.859
180.413
180.899
181.375
181.871
182.368
182.871
183.395
183.89
184.438
185.024
185.582
186.156
186.64
187.208
187.764
188.351
188.926
189.537
190.123
190.728
191.301
191.861
192.42
193.003
193.594
194.159
194.742
195.318
195.943
196.567
197.061
197.611
198.181
198.675
199.222
199.735
200.219
200.685
201.208
201.666
202.22
202.733
203.195
203.613
204.128
204.601
205.076
205.564
206.025
206.465
206.965
207.456
207.887
208.41
208.868
209.343
209.79
210.265
210.747
211.21
211.65
212.175
212.634
213.107
213.553
214.02
214.475
214.984
215.463
215.95
216.373
216.89
217.334
217.812
218.331
218.825
219.267
219.751
220.287
220.771
221.225
221.711
222.145
222.663
223.127
223.617
224.108
224.574
225.088
225.628
226.145
226.631
227.125
227.647
228.204
228.694
229.146
229.739
230.246
230.822
231.361
231.833
232.384
232.83
233.423
233.96
234.485
235.019
235.495
236.04
236.589
237.083
237.58
238.108
238.648
239.141
239.722
240.262
240.812
241.405
241.968
242.473
243.102
243.645
244.293
244.89
245.5
246.122
246.748
247.387
248.012
248.64
249.308
249.987
250.694
251.37
251.973
252.616
253.158
253.762
254.404
255.076
255.765
256.458
257.071
257.796
258.492
259.286
260.029
260.736
261.488
262.254
263.041
263.789
264.492
265.26
266.08
266.958
267.745
268.63
269.538
270.327
271.126
272.003
272.962
273.904
274.887
275.901
276.993
278.067
279.189
280.491
281.732
283.171
284.346
285.643
286.912
288.161
289.482
290.912
292.118
293.413
294.658
295.825
297.233
298.484
299.874
301.057
302.228
303.54
304.895
306.224
307.648
309.103
310.754
312.336
313.857
315.243
316.9
318.452
319.97
321.561
323.35
325.036
326.876
328.516
329.997
331.486
332.849
334.361
335.57
336.672
337.865
338.948
340.06
341.21
342.312
343.57
344.668
345.825
347.019
348.167
349.45
350.731
352.057
353.486
354.847
356.343
357.71
359.225
360.668
362.054
363.381
364.724
366.034
367.568
369.171
370.71
372.12
373.566
375.16
376.636
378.002
379.339
380.501
381.907
383.185
384.512
385.749
387.153
388.582
389.848
391.247
392.498
393.858
395.246
396.763
398.288
400.117
401.975
403.748
405.438
407.181
408.974
410.773
412.842
415.092
417.394
420.155
423.062
425.491
428.551
431.255
433.863
436.582
438.91
441.098
443.316
445.587
447.592
449.443
451.283
453.043
454.672
456.349
457.886
459.473
461.131
462.621
464.274
465.981
467.553
469.281
471.537
473.691
476.039
478.718
481.349
484.188
487.358
491.214
495.177
500.627
505.501
512.383
521.036
537.888
580.878
680.402
690.578
698.355
706.41
713.571
722.063
736.236
837.995
