1
12
19
20.3333
23.3333
24.3333
24.8333
32.5476
34.1726
36.0615
60.2998
88.8156
122.15
211.54
295.197
351.063
412.257
450.864
487.849
520.076
556.788
585.21
611.259
636.657
671.361
706.698
731.884
752.035
767.414
783.573
802.854
822.971
844.028
865.905
888.409
912.146
938.477
959.959
980.624
1001.4
1020.35
1035.02
1049.67
1066.87
1085.16
1101.88
1118.77
1135.82
1150.07
1163.76
1180.29
1198.1
1214.48
1228.75
1241.46
1254.86
1269.35
1282.36
1293.39
1305.66
1316.49
1327.74
1339.08
1349.28
1358.92
1368.21
1376.24
1384.21
1393.1
1402.37
1411.85
1424.06
1435.35
1446.37
1458.47
1470.37
1480.87
1491.65
1502.27
1512.66
1522.69
1531.65
1541.07
1551.45
1561.08
1572.05
1583.3
1595.72
1608.36
1620.59
1633.23
1646.88
1662.13
1675.61
1689.37
1700.42
1710.51
1720.63
1730.02
1739.56
1748.4
1756.62
1764.74
1771.51
1778.84
1785.79
1791.79
1798.25
1805
1811.14
1817.22
1823.66
1828.96
1834.91
1840.87
1846.98
1852.69
1858.21
1863.51
1868.69
1873.45
1878.79
1883.94
1888.97
1894.25
1899.57
1904.94
1910.51
1915.8
1922.34
1927.88
1933.97
1940.26
1945.94
1951.28
1956.67
1961.99
1967.75
1973.33
1978.71
1984.5
1989.74
1994.48
1999.52
2004.71
2010.03
2015.78
2022.28
2027.88
2033.9
2039.56
2045.14
2050.81
2056.08
2061.07
2066.34
2072.13
2077.6
2083.41
2088.93
2094.31
2099.99
2105.44
2110.96
2116.87
2123.31
2128.81
2134.74
2141.23
2147.48
2154.32
2162.13
2169.37
2176.47
2184.52
2193.23
2202.71
2213.18
2223.02
2233.71
2243.28
2251.95
2259.99
2267.98
2276.5
2285.21
2294.27
2303.82
2313.14
2322.46
2330.61
2339.79
2348.45
2356.56
2364.09
2370.74
2377.55
2383.56
2390.29
2397.06
2403.69
2410.38
2416.51
2421.96
2427.8
2433.1
2438.33
2443.78
2448.76
2454.79
2460.28
2466.28
2472.12
2477.58
2483.03
2488.48
2494.6
2500.33
2505.77
2511.12
2516.1
2521.93
2527.06
2532.05
2537.62
2543.61
2549.06
2555.21
2561.76
2567.23
2572.89
2578.95
2584.67
2589.68
2594.9
2600.87
2606.04
2611.67
2617.48
2623.05
2628.29
2634.46
2639.67
2645.34
2651.34
2657.55
2662.98
2668.7
2674.53
2680.13
2686.32
2692.38
2698.87
2704.36
2711.11
2716.79
2723.6
2729.77
2735.65
2742.07
2748.66
2754.71
2761.14
2767.4
2773.51
2780.23
2786.98
2793.05
2799.6
2805.57
2810.64
2816.17
2821.44
2826.39
2831.29
2836.14
2841.14
2845.58
2849.72
2853.63
2857.78
2861.77
2865.67
2869.59
2873.71
2877.24
2880.96
2884.39
2888.12
2891
2893.97
2897.15
2900.39
2903.44
2906.55
2909.49
2912.7
2915.92
2918.65
2921.55
2924.79
2927.82
2930.61
2933.53
2936.49
2939.86
2942.73
2945.82
2948.86
2952.04
2955.21
2958.49
2961.51
2964.72
2967.72
2971.29
2974.48
2977.59
2980.93
2984.4
2987.89
2991.45
2994.57
2997.71
3001.35
3004.81
3007.98
3011.29
3015.11
3018.35
3021.74
3025.18
3028.53
3031.75
3034.94
3038.23
3041.44
3044.42
3047.33
3050.17
3053.09
3055.93
3058.84
3061.95
3064.96
3067.98
3071.05
3073.91
3077.02
3079.59
3082.51
3085.67
3088.43
3091.24
3093.92
3096.89
3099.56
3102.11
3104.68
3107.34
3110.2
3113.23
3115.96
3118.37
3120.77
3123.33
3126.12
3128.48
3130.92
3133.51
3136.11
3138.86
3141.68
3144.33
3146.92
3149.89
3152.65
3155.4
3158.29
3161.21
3164.13
3167.23
3170
3173.37
3176.31
3179.26
3182.24
3185.17
3188.38
3191.39
3194.46
3197.68
3201.21
3204.55
3207.62
3210.82
3214.22
3217.66
3220.88
3224.25
3227.74
3230.96
3234.57
3237.94
3241.35
3244.7
3248.09
3251.59
3254.95
3258.41
3262.23
3265.87
3269.69
