2
3
3
3.11111
3.66993
3.75
4
4
4
7.20071
9.64259
13.2636
18.8093
20.8548
25.8423
29.795
32.7644
36.3986
39.3743
42.4472
45.2186
47.9213
50.7055
53.0305
55.0693
56.9049
58.6109
60.0589
61.5555
62.8133
64.1747
65.4793
66.5966
67.7009
68.7364
69.9924
71.0843
72.2636
73.0956
74.0365
74.9754
75.8254
76.8654
77.7995
78.7888
79.6828
80.6241
81.6237
82.5439
83.5281
84.4654
85.4267
86.298
87.069
88.0146
88.9371
89.8449
90.7362
91.5775
92.4956
93.2867
94.3581
95.1279
95.878
96.7131
97.4927
98.357
99.1851
99.9451
100.882
101.708
102.485
103.265
104.189
104.925
105.763
106.596
107.463
108.291
109.222
110.058
110.998
111.903
112.833
113.819
114.7
115.551
116.436
117.285
118.157
119.064
119.87
120.72
121.586
122.381
123.281
124.109
124.884
125.91
126.725
127.56
128.402
129.21
129.95
130.739
131.531
132.278
133.046
133.775
134.508
135.263
135.989
136.623
137.339
138.079
138.832
139.514
140.233
140.886
141.459
142.033
142.583
143.129
143.759
144.454
145.107
145.744
146.368
146.968
147.62
148.212
148.788
149.395
149.996
150.643
151.187
151.713
152.283
152.868
153.41
154.049
154.58
155.174
155.726
156.342
156.898
157.38
157.931
158.492
159.01
159.498
160.03
160.585
161.124
161.61
162.197
162.749
163.341
163.847
164.388
164.962
165.442
166.003
166.471
167.042
167.638
168.186
168.715
169.26
169.841
170.362
170.961
171.672
172.296
172.901
173.453
173.983
174.583
175.186
175.826
176.462
177.059
177.644
178.19
178.767
179.251
179.804
180.43
180.957
181.442
182.057
182.642
183.265
183.792
184.345
184.925
185.498
186.097
186.636
187.234
187.821
188.351
188.95
189.582
190.111
190.686
191.283
191.899
192.488
193.073
193.688
194.192
194.721
195.314
195.906
196.568
197.179
197.755
198.335
198.958
199.643
200.332
201.008
201.627
202.248
202.877
203.502
204.171
204.86
205.559
206.344
207.07
207.818
208.427
209.187
209.939
210.656
211.437
212.124
212.832
213.608
214.382
215.098
215.921
216.748
217.61
218.369
219.072
219.94
220.669
221.453
222.155
222.866
223.613
224.474
225.371
226.317
227.192
228.014
228.886
229.9
230.764
231.544
232.398
233.214
234.052
234.841
235.616
236.413
237.201
238.029
238.841
239.683
240.526
241.44
242.227
243.126
243.969
244.861
245.603
246.39
247.231
248.091
249.063
249.902
250.74
251.578
252.282
253.222
254.106
255.052
255.875
256.842
257.81
258.824
259.726
260.591
261.558
262.364
263.215
264.013
265.025
265.914
266.88
267.732
268.545
269.426
270.278
271.164
272.156
273.075
274.048
275.025
276.03
277.12
278.111
279.269
280.49
281.667
282.816
283.961
285.09
286.066
287.122
288.241
289.277
290.277
291.352
292.584
293.696
294.858
295.804
296.734
297.788
298.766
299.758
300.763
301.663
302.762
303.748
304.65
305.689
306.602
307.506
308.529
309.745
310.92
311.974
312.971
313.914
315.021
316.175
317.388
318.658
319.939
320.984
322.234
323.331
324.507
325.847
327.051
328.144
329.439
330.538
331.814
333.151
334.604
335.86
337.373
338.544
339.954
341.353
343.009
344.551
345.999
347.377
348.792
350.135
351.629
353.066
354.456
355.796
357.147
358.374
359.658
361.08
362.423
363.72
365.33
366.693
368.222
369.821
371.333
373.029
374.945
376.651
378.484
380.325
382.371
384.719
386.745
389.107
391.401
394.017
396.346
399.046
401.471
403.696
406.222
408.299
410.258
412.662
415.094
417.328
419.517
421.691
423.838
425.739
427.804
429.502
431.69
433.631
435.435
437.257
439.042
441.023
443
445.051
447.419
449.375
451.429
453.471
455.376
457.53
459.544
461.493
463.642
465.678
467.824
470.183
472.94
476.016
480.113
484.434
488.406
492.124
495.94
499.85
502.831
506.125
508.988
511.878
514.768
517.151
519.584
521.984
524.858
527.811
530.445
533.111
535.809
538.563
541.329
543.93
546.254
548.785
551.423
554.312
556.932
559.239
561.645
563.804
565.875
567.976
570.05
571.547
573.703
575.757
577.658
580.043
582.462
584.55
586.737
589.224
591.746
594.573
597.916
601.052
604.551
608.436
611.471
614.687
617.855
621.071
623.988
626.417
629.104
631.686
634.558
637.04
640.36
643.594
647.344
651.113
656.519
662.397
668.151
672.953
680.708
690.057
706.547
813.75
997.151
