1
12
13
24.6667
27.1667
27.7667
32.7667
33.481
34.856
36.5226
67.9258
100.935
136.699
208.19
295.241
371.413
413.743
457.226
490.304
523.709
557.305
583.637
614.413
648.709
676.516
695.657
717.147
741.662
772.1
806.931
838.235
866.495
889.438
907.038
921.759
934.679
946.445
957.885
968.556
981.453
994.236
1008.03
1025.77
1044.57
1065.3
1083.97
1102.78
1119.99
1134.62
1149.61
1164.39
1177.59
1189.41
1200.09
1211.41
1224.7
1237.99
1253.11
1265.61
1276.96
1286.57
1296.87
1306.54
1317.1
1327.15
1336.9
1347.31
1358.87
1370.15
1383.6
1398.63
1411.31
1421.73
1432.54
1441.1
1450.33
1458.64
1466.87
1476.41
1484.74
1491.97
1498.59
1504.91
1511.47
1517.84
1524.07
1530.99
1537.63
1544.96
1552.87
1560.11
1568.63
1577.88
1588.14
1597.72
1607.66
1616.67
1626.38
1636.08
1645.91
1655.49
1664.34
1672.97
1680.98
1689.07
1697.84
1706.48
1714.78
1723.96
1733.74
1743.88
1755.64
1767.29
1779.96
1789.96
1801.08
1810.77
1820.65
1830.5
1839.69
1847.88
1855.76
1864.43
1872.49
1879.91
1887.35
1893.23
1899.74
1905.52
1912.06
1918.05
1924.59
1930.62
1936.89
1943.34
1948.65
1954.59
1961.25
1967.79
1974.61
1981.74
1988.26
1994.69
2001.71
2008.43
2014.95
2022.23
2029.52
2036.83
2044.06
2050.91
2058.92
2065.68
2072.59
2079.65
2086.29
2092.73
2099.04
2105.62
2112.34
2119.32
2126.17
2132.49
2139.19
2145.97
2152.59
2158.63
2165.28
2171.33
2177.99
2183.75
2190.39
2196.97
2204.3
2212.94
2221.5
2230.26
2239.5
2248.82
2257.69
2266.99
2275.09
2283.56
2291.06
2297.41
2304.54
2311.08
2317.89
2324.72
2331.6
2338.59
2345.58
2352.05
2358.2
2365.56
2371.76
2378.4
2385.23
2392.55
2399.48
2405.94
2412.87
2419.42
2426.07
2432.72
2440.23
2447.23
2454.9
2462.89
2471.72
2480.58
2489.54
2498.42
2506.25
2513.4
2520.38
2526.43
2533
2538.61
2544.62
2550.58
2556.08
2561.68
2566.8
2572.83
2578.52
2584.24
2590.23
2596.3
2602.24
2608.2
2613.87
2619.92
2625.24
2630.42
2635.77
2641.65
2646.74
2652.03
2657.24
2662.9
2668.13
2673.4
2679.31
2684.97
2690.19
2695.46
2700.72
2706.17
2712.12
2718.11
2723.97
2729.79
2735.92
2741.41
2747
2752.86
2757.94
2762.96
2767.54
2772.74
2777.18
2781.21
2785.54
2789.82
2793.97
2798.52
2802.54
2807.06
2811.22
2815.89
2820.27
2824.8
2829.09
2833.44
2837.76
2842.07
2846.22
2850.64
2854.96
2859.24
2863.21
2867.47
2872.03
2876.56
2880.69
2885.04
2889.48
2894.08
2899.44
2903.77
2907.98
2912.68
2917.7
2922.3
2927.3
2932.79
2938.65
2944
2950.42
2956.55
2961.5
2967.27
2973.55
2979.3
2985.54
2991.05
2996.91
3002.51
3008.68
3015.14
3022.02
3029.15
3036.6
3044.37
3052.39
3059.7
3067.06
3074.17
3080.85
3088.4
3095.52
3102.4
3109.32
3116.21
3122.24
3128.44
3135.18
3141.76
3149.39
3156.27
3163.59
3170.39
3176.73
3183.29
3189.39
3195.45
3200.84
3206.33
3211.72
3218.14
3224.2
3231.47
3237.19
3242.85
3249.07
3254.76
3260.7
3265.66
3270.38
3275.95
3280.55
3285.17
3290.23
3294.4
3298.71
3303.65
3308.11
3312.55
3316.98
3321.57
3325.95
3330.09
3334.31
3338.63
3343.01
3347.3
3351.38
3355.43
3359.85
3364.09
3368.65
3373.24
3377.34
3381.63
3385.94
3390.03
3393.8
3397.63
3401.52
3405.18
3409.28
3412.84
3416.09
3419.49
3423.16
3426.5
3430.13
3433.5
3436.56
3440.09
3443.25
3446.81
3450.28
3453.7
3457.13
3460.64
3464.5
3468.13
3471.95
3475.64
3479.24
3482.95
3486.9
3490.81
3494.58
3498.58
3502.31
3506.11
3510.09
3514.03
3518.03
3522.3
