2
3
3.5
4
4.34615
4.41667
4.66667
5
5.66667
8.92741
11.3866
14.4167
18.1271
19.4772
23.7898
28.1822
32.2997
35.7614
38.8308
41.6925
44.2039
46.594
48.5829
50.5719
52.5555
54.5309
56.4039
58.2453
59.716
61.1942
62.636
64.1035
65.7903
67.1301
68.7013
70.1786
71.5153
72.7014
73.8535
74.9886
76.0086
77.105
78.301
79.4181
80.4771
81.6214
82.6965
83.6954
84.8269
85.8419
86.8071
87.7321
88.7125
89.6013
90.4774
91.2602
91.9921
92.8339
93.5318
94.2703
95.0146
95.7118
96.3787
97.1616
97.8089
98.4896
99.3067
99.9995
100.712
101.34
102.04
102.674
103.292
103.971
104.563
105.222
105.772
106.368
106.912
107.566
108.201
108.817
109.436
110.052
110.656
111.292
111.908
112.53
113.219
113.872
114.454
115.036
115.639
116.189
116.807
117.361
117.939
118.507
119.071
119.627
120.142
120.646
121.197
121.79
122.301
122.833
123.376
123.951
124.491
125.005
125.541
126.01
126.539
127.045
127.598
128.077
128.528
129.07
129.538
130.038
130.47
130.976
131.47
131.951
132.466
132.904
133.39
133.847
134.307
134.857
135.315
135.801
136.249
136.686
137.143
137.597
138.076
138.639
139.144
139.597
140.135
140.677
141.189
141.782
142.301
142.847
143.324
143.783
144.264
144.696
145.163
145.655
146.165
146.629
147.18
147.663
148.146
148.646
149.146
149.718
150.25
150.725
151.259
151.814
152.295
152.777
153.341
153.97
154.539
155.131
155.653
156.183
156.765
157.403
157.925
158.534
159.006
159.636
160.211
160.778
161.36
161.901
162.401
162.945
163.581
164.135
164.683
165.287
165.847
166.445
167.069
167.686
168.319
168.874
169.447
170.112
170.76
171.315
171.928
172.568
173.175
173.768
174.392
175.089
175.666
176.319
176.959
177.616
178.275
178.938
179.73
180.583
181.244
181.962
182.68
183.39
184.075
184.89
185.619
186.392
187.199
187.994
188.759
189.551
190.373
191.225
192.014
192.854
193.675
194.449
195.188
195.942
196.622
197.278
198.044
198.784
199.479
200.249
201.053
201.892
202.614
203.444
204.348
205.032
205.783
206.584
207.348
208.089
208.911
209.669
210.483
211.276
212.096
212.907
213.736
214.613
215.452
216.363
217.234
218.121
219.136
220.017
220.848
221.831
222.81
223.642
224.658
225.701
226.646
227.757
228.721
229.826
230.921
231.976
233.01
234.065
234.965
235.889
236.802
237.731
238.585
239.497
240.344
241.196
242.048
242.891
243.668
244.47
245.317
246.143
246.91
247.725
248.469
249.228
250.012
250.799
251.535
252.455
253.299
254.18
254.969
255.769
256.714
257.527
258.358
259.396
260.452
261.178
262.03
262.926
263.892
264.718
265.817
266.765
267.532
268.402
269.3
270.208
271.26
272.179
273.17
274.118
275.075
276.09
277.14
278.214
279.247
280.333
281.363
282.344
283.282
284.386
285.558
286.677
287.841
289.026
290.261
291.422
292.475
293.474
294.603
295.669
296.681
297.848
298.956
300.055
301.237
302.411
303.656
304.915
306.313
307.64
308.984
310.286
311.477
312.761
314.085
315.287
316.73
318.271
319.496
320.672
321.848
323.225
324.604
326.033
327.489
328.844
330.272
331.707
333.253
334.95
336.453
338.094
339.669
341.289
342.843
344.409
345.82
347.35
348.964
350.771
352.679
354.215
356.005
357.744
359.646
361.456
363.234
364.916
366.616
368.197
369.694
371.097
372.42
373.835
375.147
376.321
377.472
378.761
380.143
381.487
382.892
384.132
385.528
386.958
388.488
389.922
391.394
392.698
393.957
395.177
396.329
397.545
398.48
399.494
400.646
401.863
403.091
404.263
405.331
406.387
407.505
408.724
409.781
410.796
411.734
412.679
413.908
414.847
415.945
416.958
418.097
419.257
420.458
421.509
422.562
423.667
424.821
425.946
427.021
428.115
429.139
430.349
431.539
432.985
434.295
435.816
437.064
438.46
439.84
441.463
443.023
444.391
445.928
447.38
449.026
450.769
452.445
454.534
456.522
458.445
460.526
462.79
464.907
467.165
469.638
471.886
474.116
476.508
479.135
481.413
483.473
485.778
488.153
490.258
493.107
496.089
499.735
503.086
506.476
509.705
513.318
517.335
522.393
526.298
530.032
533.696
537.032
540.242
543.753
546.7
549.73
552.566
555.767
559.005
562.376
565.784
569.356
573.009
576.909
579.672
582.679
586.111
590.425
595.927
600.769
605.585
612.674
622.747
635.185
652.872
982.556
