1
13
14
25
26
28.8
35.1333
35.7048
37.8298
39.052
60.5949
102.644
138.604
207.888
305.502
349.314
411.387
462.151
497.53
525.035
550.997
575.996
601.11
633.722
672.945
705.512
731.13
751.83
772.153
790.95
810.249
830.396
848.902
865.786
882.195
898.244
913.776
928.16
940.712
956.304
972.067
987.782
1004.64
1021.6
1042.36
1065.64
1084.27
1100.51
1116.99
1131.82
1145.51
1160.19
1178.27
1195.84
1210.96
1224.41
1237.49
1249.3
1261.72
1272.85
1283.82
1296.23
1308.71
1320.73
1334.04
1346.26
1359.82
1371.75
1383.63
1395.42
1407.7
1419.13
1430.97
1444.44
1458.5
1473.16
1488.43
1501.65
1513.42
1523.62
1533.29
1543.09
1553.9
1562.3
1572.22
1580.97
1590.3
1598.18
1607.41
1616.12
1624.63
1633.18
1643.08
1655.22
1665.69
1676.12
1686.78
1697.24
1708.31
1717.9
1726.76
1735.22
1743.22
1751.56
1759.72
1768.92
1777.95
1787.95
1797.64
1807.69
1819.88
1829.7
1840.71
1852.09
1862.29
1871.59
1879.44
1887.17
1894.56
1901.54
1907.72
1913.92
1920.51
1926.57
1931.99
1937.9
1943.13
1948.83
1954.57
1960.11
1965.11
1970.64
1975.69
1981
1986.52
1991.53
1996.26
2001.5
2007.38
2012.23
2017.37
2022.57
2027.55
2032.56
2037.38
2042.21
2047.05
2051.27
2055.19
2059.39
2062.7
2066.87
2070.77
2074.43
2077.91
2082.05
2085.97
2090.17
2094.21
2098.8
2102.8
2108.05
2113.28
2117.99
2123.85
2129.39
2134.05
2139.5
2144.53
2150.25
2155.11
2159.82
2165.34
2170.87
2175.81
2181.57
2187.1
2191.83
2197.76
2203.12
2209.06
2215.61
2221.85
2228.22
2234.21
2240.62
2246.8
2252.94
2259.41
2265.94
2272.57
2279.18
2285.34
2291.39
2298.65
2305.21
2310.76
2317.29
2322.76
2329.17
2334.39
2339.63
2345.01
2349.47
2354.44
2359.62
2364.54
2369.2
2374.04
2379.01
2384.42
2388.68
2393.83
2398.47
2403.65
2408.25
2413.37
2418.56
2423.35
2428.37
2433.07
2437.84
2442.74
2447.22
2451.68
2455.59
2459.63
2463.86
2468.36
2472.39
2476.89
2481.04
2485.51
2490.13
2494.61
2498.64
2503
2507.5
2511.55
2515.47
2519.89
2523.85
2527.77
2532.05
2536.5
2540.36
2544.05
2547.72
2551.22
2554.79
2558.9
2562.81
2566.58
2570.57
2574.17
2577.75
2581.62
2585.3
2588.96
2592.57
2596.49
2600.14
2604.13
2607.92
2611.79
2615.4
2619.24
2623.59
2627.62
2631.81
2636.39
2640.65
2645.47
2650.5
2655.88
2660.96
2665.56
2671.4
2676.36
2681.23
2686.44
2691.8
2696.7
2701.71
2706.57
2712.21
2717.13
2722.57
2728.22
2733.67
2739.44
2744.54
2749.96
2755.4
2760.8
2765.78
2771.08
2776.21
2780.82
2785.98
2790.2
2795.31
2799.84
2804.5
2809.35
2814.27
2819.35
2823.85
2828.94
2833.88
2838.67
2843.61
2848.84
2853.57
2858.3
2863.32
2867.74
2872.31
2877.29
2882.07
2885.99
2890.37
2894.59
2898.54
2902.25
2905.98
2910.43
2914.43
2918.79
2922.86
2927.65
2932.08
2936.17
2940.62
2944.78
2949.08
2953.65
2957.7
2961.61
2965.67
2969.78
2973.55
2977.62
2981.95
2986.56
2991.28
2995.91
3000.22
3004.94
3009.4
3014.04
3019.04
3024.21
3028.85
3034.07
3038.37
3042.85
3047.75
3051.59
3055.98
3060.93
3065.17
3069.73
3074.12
3078.55
3082.71
3087.12
3091.56
3096.2
3101.19
3106.68
3112.48
3118.42
3125.27
3131.54
3137.94
3144.37
3150.36
3156.92
3163.72
3169.15
3174.93
3181.45
3187.49
3193.01
3198.75
3203.69
3208.87
3213.65
3218.44
3223.68
3228.93
3233.82
3239.04
3243.55
3248.7
3254
3259.58
3264.25
3269.33
3273.71
3278.8
3283.74
3288.08
3292.78
3297.56
3302.72
3307.66
3312.28
3317.28
3322.46
3327.83
3332.25
