2
2.5
2.75
3
4.08333
5
5.25725
5.33333
5.69697
10.4384
13.1406
16.6047
22.4142
24.9588
30.2381
36.2568
40.6155
44.0999
47.2637
49.8545
51.9487
53.7382
55.5902
57.3994
59.1571
60.652
62.0712
63.6203
65.2513
66.646
68.2377
70.0371
71.3115
72.8569
74.3714
75.8534
77.2762
78.8464
80.2083
81.5365
82.7194
84.0542
85.275
86.6098
87.7403
88.9448
90.0398
91.0659
92.2438
93.269
94.307
95.3248
96.3033
97.3959
98.3852
99.3764
100.15
100.995
101.787
102.654
103.505
104.265
105.082
105.841
106.689
107.415
108.115
108.769
109.481
110.254
110.97
111.701
112.359
112.981
113.643
114.286
114.933
115.572
116.226
116.864
117.435
118.13
118.737
119.369
119.979
120.559
121.092
121.585
122.072
122.656
123.18
123.693
124.277
124.845
125.489
126.065
126.716
127.277
127.824
128.381
128.945
129.546
130.098
130.626
131.235
131.904
132.548
133.206
133.857
134.484
135.086
135.7
136.295
136.904
137.555
138.157
138.803
139.389
139.972
140.568
141.277
141.939
142.559
143.249
143.865
144.484
145.076
145.735
146.273
146.847
147.451
148.097
148.697
149.208
149.78
150.373
151.045
151.695
152.335
152.93
153.603
154.162
154.728
155.286
155.925
156.484
157.081
157.678
158.284
158.851
159.475
160.05
160.579
161.106
161.778
162.221
162.788
163.353
163.893
164.434
164.888
165.384
165.913
166.468
166.962
167.577
168.142
168.672
169.19
169.713
170.268
170.739
171.278
171.814
172.384
172.897
173.445
173.974
174.548
175.114
175.658
176.273
176.919
177.453
178.054
178.661
179.272
179.855
180.46
180.981
181.57
182.175
182.854
183.442
184.101
184.771
185.377
185.916
186.477
187.066
187.725
188.329
189.02
189.652
190.289
190.983
191.57
192.257
192.949
193.617
194.355
195.006
195.624
196.394
197.098
197.77
198.4
199.072
199.799
200.436
201.041
201.721
202.404
202.938
203.558
204.13
204.747
205.273
205.889
206.472
207.056
207.698
208.228
208.801
209.351
209.885
210.393
210.899
211.488
211.97
212.477
213.006
213.483
213.944
214.452
214.935
215.492
216.06
216.597
217.184
217.703
218.188
218.726
219.248
219.831
220.394
220.921
221.437
221.99
222.496
223.045
223.595
224.178
224.794
225.392
225.943
226.573
227.083
227.645
228.236
228.769
229.362
229.977
230.534
231.16
231.754
232.336
232.95
233.62
234.25
234.893
235.475
236.045
236.637
237.333
237.953
238.635
239.366
239.997
240.638
241.356
242.071
242.766
243.414
244.05
244.646
245.293
245.962
246.652
247.34
247.938
248.56
249.171
249.874
250.652
251.323
251.989
252.648
253.28
253.902
254.534
255.219
255.867
256.527
257.269
257.996
258.631
259.321
259.989
260.594
261.294
262.015
262.626
263.429
264.054
264.806
265.588
266.26
266.931
267.578
268.224
268.888
269.535
270.171
270.845
271.461
272.143
272.863
273.573
274.245
274.856
275.606
276.305
277.065
277.814
278.507
279.197
279.902
280.642
281.427
282.195
283.073
283.78
284.568
285.406
286.312
287.207
288.113
289.003
289.834
290.632
291.48
292.245
293.11
293.992
294.915
295.87
296.825
297.751
298.574
299.482
300.566
301.455
302.493
303.506
304.52
305.655
306.731
307.912
308.966
309.987
310.991
312.076
313.162
314.25
315.345
316.391
317.304
318.233
319.11
320.256
321.225
322.13
323.228
324.297
325.436
326.496
327.545
328.543
329.632
330.778
331.744
332.822
333.919
334.997
336.008
337.103
338.122
339.227
340.342
341.429
342.647
343.94
345.09
346.235
347.471
348.769
350.206
351.731
353.182
354.653
355.959
357.528
359.118
361.03
362.49
364.284
366.37
368.398
370.109
372.101
374.059
376.198
378.352
380.904
383.07
385.61
388.498
391.075
393.512
395.739
398.423
400.793
403.281
406.304
409.273
412.694
416.138
419.149
422.118
425.201
428.73
432.532
435.537
438.878
441.967
444.836
448.084
451.22
454.781
458.51
462.906
467.073
471.052
475.996
480.53
484.231
487.804
491.829
496.686
502.062
507.764
512.54
518.871
526.011
533.536
539.031
542.963
546.475
549.803
552.351
554.793
557.512
559.897
562.433
565.239
567.842
570.445
573.452
575.971
578.603
581.322
584.062
587.187
589.983
593.746
598.78
604.404
610.066
617.652
627.665
638.657
695.005
739.718
755.582
766.271
785.971
805.048
821.022
832.084
842.589
860.626
929.998
