1
14
15
18.3333
31.3333
32.5333
34.0333
36.0333
42.7833
43.45
66.9751
98.3182
132.872
206.937
293.776
350.428
400.537
449.865
513.481
554.844
584.473
610.426
637.112
660.152
678.541
694.986
712.005
730.483
753.156
775.351
799.842
819.197
836.35
853.679
872.052
890.156
905.347
923.546
943.372
961.328
976.55
996.434
1028.96
1056.58
1077.99
1095.97
1116.01
1134.15
1152.2
1169.38
1184.09
1196.74
1209.44
1220.15
1231.28
1242.07
1253.69
1264.35
1277.73
1290.96
1303.67
1313.59
1324.78
1334.47
1344.19
1354.7
1366.33
1377.82
1389.31
1401.48
1412.48
1424.09
1438.64
1452.1
1463.05
1475.66
1486.8
1498.36
1507.98
1517.93
1527.87
1537.76
1546.72
1557.43
1567.16
1575.29
1584.2
1591.45
1598.9
1606.19
1614.26
1622.39
1629.47
1637.13
1643.99
1651.13
1658.42
1666.4
1674.53
1683.06
1691.45
1700.13
1709.26
1716.86
1724.36
1731.64
1738.3
1744.49
1750.79
1756.88
1762.54
1768.08
1773.77
1779.43
1785.73
1791.84
1797.17
1802.33
1808.03
1813.51
1819.41
1825.32
1831.15
1836.63
1842.36
1848.65
1854.29
1860.52
1866.39
1872.09
1877.72
1884.44
1889.89
1896.35
1902.56
1908.57
1915.45
1922.73
1929.26
1935.48
1942.21
1949.35
1956.13
1962.42
1969.98
1977.05
1984.37
1991.82
1999.21
2008.3
2016.51
2025.66
2035.09
2044.26
2054.97
2065.82
2076.16
2087.67
2096.37
2106.6
2116.74
2126
2134.71
2144.33
2153.79
2163.24
2171.58
2179.16
2186.47
2193.44
2200.5
2207.42
2214.04
2220.83
2227.56
2235.1
2242.65
2249.5
2256.22
2263.85
2271.17
2278.81
2287.34
2296.42
2304.8
2313.41
2321.25
2328.64
2336.04
2344.39
2351.5
2360.16
2367.97
2376.18
2384.2
2391.63
2399.15
2405.48
2412.83
2420.34
2427.94
2436.3
2444.68
2453.16
2462.68
2471.61
2481.14
2489.45
2498.01
2506.28
2513.6
2520.22
2526.85
2532.78
2538.65
2543.84
2550.01
2554.96
2560.1
2565.3
2570.22
2575.92
2581.49
2587.24
2593.02
2599.03
2604.34
2609.99
2614.79
2619.84
2624.23
2628.62
2633.4
2637.59
2641.86
2645.74
2649.75
2653.92
2657.96
2662.05
2666.21
2670.39
2674.36
2678.59
2682.5
2686.77
2690.27
2693.97
2697.93
2701.81
2705.94
2709.66
2713.52
2717.66
2721.66
2725.6
2729.91
2733.93
2738.32
2742.46
2746.94
2751.65
2755.55
2760.19
2764.29
2768.13
2772.13
2776.34
2780.61
2784.11
2788.05
2792.06
2795.76
2799.5
2803.76
2807.27
2811.18
2814.97
2818.51
2821.99
2825.76
2829.21
2832.57
2835.93
2839.71
2843.58
2847.04
2850.24
2853.62
2857.22
2860.61
2863.67
2866.92
2870.61
2873.5
2876.7
2879.68
2882.57
2885.71
2888.74
2891.66
2894.36
2897.58
2900.56
2903.86
2906.87
2909.6
2913.06
2916.25
2919.64
2922.98
2926.16
2929.61
2932.87
2936.13
2939.12
2942.46
2945.56
2948.93
2952.17
2955.5
2959.25
2962.23
2965.34
2968.44
2971.55
2974.72
2977.75
2980.68
2983.79
2987.13
2990.19
2993.2
2996.36
2999.52
3002.73
3006.05
3009.08
3012.25
3015.64
3018.54
3021.7
3025.07
3028.41
3031.48
3034.66
3038.24
3042.47
3046.04
3049.54
3053.25
3057.45
3061.19
3065.21
3069.16
3073.42
3077.45
3082.24
3087.08
3092.74
3097.63
3102.99
3108.34
3113.37
3119.47
3125.58
3131.41
3137.53
3143.29
3149.57
3156.07
3162.68
3168.94
3175.49
3181.61
3187.65
3193.2
3199.04
3205.19
3210.5
3215.59
3221.79
3227.06
3232.13
3237.71
3243.03
3248.65
3253.12
3258.32
3263.57
3268.22
3273.33
3277.81
3282.73
3287.98
3292.5
3297.66
3302.5
3307.04
3311.56
3316.68
3321.32
3326.27
3331.5
3337.04
3343.38
3350.97
3358.84
3366.69
3373.34
3380.24
3386.25
3392.3
