2
3
4
5
6
6.42857
7
7.66667
7.9381
12
14.8167
20.7362
26.4667
28.3888
32.5333
36.5939
39.5469
42.7692
46.0563
49.4435
52.3839
54.7667
56.8698
58.9051
60.8373
62.6593
64.4533
66.3899
68.396
69.9791
71.3953
72.7725
74.1841
75.5012
76.7865
78.1136
79.2656
80.4242
81.4261
82.515
83.5298
84.3492
85.2478
86.129
87.0175
87.8235
88.6119
89.3818
90.0754
90.8637
91.5368
92.3131
93.0118
93.7907
94.5639
95.2236
95.9551
96.6669
97.3583
98.0487
98.7773
99.3725
99.9969
100.662
101.307
101.967
102.527
103.146
103.802
104.443
104.982
105.598
106.173
106.74
107.275
107.762
108.265
108.87
109.437
109.959
110.54
111.06
111.603
112.172
112.69
113.232
113.732
114.273
114.817
115.308
115.797
116.35
116.812
117.333
117.828
118.373
118.955
119.425
119.924
120.451
120.986
121.474
122.005
122.511
123.028
123.643
124.107
124.547
125.074
125.617
126.159
126.671
127.164
127.647
128.162
128.656
129.139
129.627
130.099
130.619
131.079
131.586
132.043
132.506
133.008
133.474
133.925
134.427
134.92
135.39
135.924
136.423
136.865
137.381
137.808
138.334
138.851
139.326
139.866
140.32
140.77
141.285
141.811
142.278
142.861
143.299
143.789
144.275
144.744
145.218
145.759
146.248
146.73
147.192
147.734
148.177
148.728
149.263
149.835
150.381
150.815
151.37
151.893
152.355
152.832
153.371
153.851
154.349
154.906
155.404
155.877
156.341
156.85
157.401
157.914
158.401
158.912
159.433
159.906
160.488
161.031
161.592
162.191
162.727
163.316
163.774
164.28
164.814
165.366
165.968
166.455
166.966
167.546
168.036
168.584
169.054
169.575
170.091
170.571
171.093
171.648
172.163
172.676
173.279
173.817
174.336
174.847
175.426
176.03
176.591
177.131
177.673
178.312
178.843
179.456
180.064
180.704
181.296
181.947
182.547
183.172
183.828
184.412
185.001
185.67
186.228
186.899
187.59
188.252
188.993
189.677
190.431
191.205
191.872
192.495
193.307
194.128
194.843
195.56
196.242
196.911
197.587
198.424
199.329
200.137
200.833
201.635
202.379
203.239
204.047
204.912
205.806
206.544
207.442
208.438
209.421
210.372
211.123
211.934
212.678
213.473
214.24
215.048
215.773
216.508
217.2
217.94
218.706
219.37
220.128
220.802
221.505
222.192
222.85
223.58
224.165
224.924
225.555
226.309
227.014
227.748
228.417
229.058
229.801
230.572
231.31
232.065
232.781
233.469
234.131
234.874
235.586
236.261
236.923
237.598
238.238
239.024
239.728
240.359
241.08
241.719
242.303
242.937
243.637
244.196
244.884
245.492
246.062
246.64
247.219
247.893
248.544
249.167
249.776
250.386
251.008
251.684
252.272
252.859
253.449
253.977
254.544
255.156
255.765
256.342
256.925
257.561
258.194
258.796
259.408
260.004
260.604
261.215
261.887
262.496
263.238
263.924
264.601
265.328
266.024
266.734
267.508
268.267
269.058
269.843
270.545
271.238
271.949
272.611
273.383
274.094
274.796
275.527
276.261
277.048
277.87
278.668
279.561
280.435
281.338
282.163
283.072
283.904
284.72
285.554
286.286
287.14
287.969
288.876
289.76
290.61
291.355
292.155
292.964
293.72
294.603
295.425
296.187
297.02
297.751
298.484
299.344
300.162
300.977
301.754
302.582
303.345
304.321
305.089
305.956
306.921
307.784
308.658
309.579
310.537
311.432
312.34
313.31
314.287
315.287
316.171
317.22
318.186
319.149
320.162
321.287
322.538
323.7
324.958
326.175
327.285
328.53
329.914
331.237
332.544
333.818
335.202
336.739
338.144
339.679
341.241
342.898
344.351
346.171
347.866
349.567
351.669
353.724
355.862
357.867
359.975
361.892
363.874
365.828
367.743
369.651
371.669
373.67
375.594
377.733
379.729
381.579
383.678
385.895
387.951
389.859
391.804
393.942
395.631
397.653
399.663
401.414
403.245
405.198
406.968
408.731
410.605
412.478
414.595
416.596
418.383
420.31
422.397
424.774
427.705
430.745
433.724
437.984
442.609
446.752
450.798
455.13
460.637
467.146
473.829
479.499
484.777
489.319
494.747
501.602
508.1
513.419
519.086
524.74
531.572
539.045
545.277
550.925
557.396
563.015
568.577
576.725
585.087
596.25
607.199
621.361
633.758
650.99
662.074
674.274
681.548
687.651
694.709
700.95
708.18
719.962
730.667
742.349
770.981
837.363
862.149
919.927
1013.06
