1
17
19
20.3333
21.3333
23.9333
30.6
32.4571
37.5821
42.1377
69.5818
91.1987
136.393
203.57
297.195
365.145
435.015
471.934
507.95
555.197
586.081
616.359
643.217
666.87
687.444
706.325
725.151
746.559
767.149
786.206
808.565
833.181
855.394
871.772
890.352
908.472
928.922
954.93
987.623
1017.99
1046.65
1067.24
1084.41
1098.06
1109.47
1121.28
1134.96
1147.97
1161.51
1173.76
1184.37
1194.86
1207.02
1219.26
1231.29
1244.39
1258.13
1270.79
1282.59
1291.96
1302.7
1312.93
1322.41
1333.25
1342.36
1352.59
1363.37
1373.25
1383.32
1392.42
1402.65
1411.84
1421.55
1430.85
1439.89
1448.36
1456.25
1464.57
1472.71
1480.74
1489.26
1497.6
1506.08
1515.18
1523.67
1532.24
1540.9
1550.46
1561.52
1573.64
1588.01
1603.28
1617.98
1631.68
1643.92
1655.33
1663.7
1671.94
1679.09
1686.83
1694.55
1702.51
1709.4
1716.31
1723.6
1730.2
1736.35
1743.21
1750.08
1757.53
1764.91
1771.9
1779.4
1787.19
1794.44
1800.92
1807.74
1814.05
1820.69
1826.92
1833.22
1839.72
1846.18
1852.58
1858.79
1866.07
1873.17
1879.61
1886.18
1891.99
1898.53
1904.49
1911.01
1916.61
1922.79
1928.07
1932.74
1938.06
1943.7
1949.2
1955.1
1960.55
1967.25
1973.68
1981.03
1988.47
1996.41
2003.91
2010.87
2018.06
2024.44
2031.54
2038.58
2046.03
2053.57
2060.69
2067.07
2073.83
2079.88
2085.48
2091.94
2097.46
2103.98
2109.37
2115.57
2121.48
2127.82
2133.54
2139.66
2145.13
2151.06
2156.8
2163.18
2169.29
2175.3
2181.21
2187.08
2192.97
2199.45
2205.37
2211.05
2216.83
2222.41
2227.12
2232.74
2237.89
2242.52
2248.44
2254.46
2260.22
2266.11
2272.87
2279.95
2287.07
2293.86
2300.99
2307.94
2316.27
2324.65
2333.3
2341.85
2349.92
2358.06
2365.77
2372.63
2379.93
2386.46
2394
2401.44
2409.43
2417.23
2425.62
2433.85
2441.77
2450.08
2458.55
2465.75
2474.43
2481.91
2488.7
2495.77
2502.97
2510.93
2519.39
2526.28
2534.86
2542.88
2550.05
2556.74
2563.4
2569.6
2575.02
2580.93
2586.33
2592.48
2598.13
2603.61
2609.07
2614.29
2618.92
2623.36
2628.63
2633.8
2639.14
2643.99
2649.19
2654.11
2658.97
2663.81
2668.17
2672.54
2676.99
2681.35
2685.56
2689.56
2693.5
2697.51
2701.36
2705.49
2709.59
2714.07
2718.77
2723.38
2728.24
2732.09
2736.34
2741.06
2745.82
2750.72
2755.96
2760.21
2765.46
2770.55
2775.41
2780.48
2785.97
2790.06
2794.72
2799.63
2804.6
2809.17
2813.95
2818.19
2822.83
2827.37
2832.19
2836.71
2841.26
2845.61
2849.93
2853.87
2857.97
2861.93
2865.96
2869.91
2873.6
2877.1
2881.18
2885.04
2888.88
2892.8
2896.3
2900.1
2904.19
2908.02
2911.73
2915.32
2918.56
2922.44
2926.27
2929.85
2933.64
2937.05
2940.3
2944.22
2948.11
2951.82
2956.18
2960.23
2964.32
2968.24
2972.4
2976.42
2980.3
2984.01
2987.58
2991.14
2994.44
2997.71
3001.25
3004.62
3008.59
3012.21
3015.7
3019.29
3022.86
3026.44
3029.99
3033.54
3036.8
3040.06
3043.41
3046.97
3050.73
3054.18
3057.75
3060.94
3064.24
3067.54
3070.94
3074.09
3077.1
3080.61
3083.73
3087.28
3090.95
3094.31
3098.25
3102.03
3105.92
3109.87
3114.14
3117.98
3121.45
3125.89
3129.68
3133.6
3137.36
3140.99
3145.12
3149.28
3153.37
3157.11
3160.76
3164.31
3167.64
3171.47
3175.34
3178.7
3182.12
3186.08
3189.82
3193.77
3197.45
3201.92
3205.82
3209.63
3213.37
3217.4
3221.49
3224.9
3228.28
3232.22
3235.8
3239.38
3243.39
3246.88
3250.27
3254.23
3257.7
3261.12
3264.77
3268.42
3272.07
3275.85
3279.21
3282.94
3286.54
3290.16
3293.73
3297.25
3300.63
3304.39
