1
13
14
16
27.75
27.75
28.4167
35.8452
40.0952
44.9841
72.0785
94.9271
138.867
203.892
292.614
340.652
388.728
433.781
467.42
493.004
539.554
611.769
644.849
670.78
692.75
708.858
724.19
740.69
757.825
776.636
795.237
813.617
833.878
859.056
885.041
907.853
929.463
947.852
964.201
981.17
996.875
1012.07
1027.28
1041.93
1055.46
1068.34
1083.14
1098.86
1111.47
1125.37
1137.5
1150.53
1163.5
1175.1
1190.26
1204.18
1218.41
1234.37
1247.76
1263.23
1276.28
1289.93
1302.65
1314.82
1329.24
1342.29
1355.43
1368.07
1380.41
1392.21
1404.53
1415.58
1425.64
1435.73
1446.04
1456.57
1466.51
1476.08
1485.06
1492.41
1500.38
1507.53
1515.55
1523.25
1531.3
1538.8
1547.63
1556.91
1566.47
1574.57
1583.87
1592.8
1601.92
1610.18
1618.68
1626.25
1633.51
1640.79
1648.3
1655.54
1662.68
1669.78
1677.08
1684.46
1692.12
1700.74
1708.72
1716.89
1724.16
1731.39
1737.99
1744.63
1751.02
1757.65
1764.27
1771.76
1777.89
1784.96
1790.74
1796.87
1802.46
1807.98
1813.48
1819.41
1824.37
1830.4
1835.17
1840.55
1845.67
1850.33
1855.39
1860.76
1866.94
1873.12
1879.3
1885.96
1891.77
1898.32
1904.8
1910.72
1916.92
1922.6
1928.43
1934.92
1941.55
1948.61
1956.23
1964.27
1972.01
1979.16
1985.76
1992.9
1999.79
2006.48
2014.59
2021.43
2027.96
2034.81
2041.8
2048.91
2055.78
2063.02
2069.4
2077.23
2084.62
2094.38
2102.21
2110.19
2117
2123.35
2129.46
2136.7
2143.35
2150.3
2157.62
2164.58
2172.52
2180.14
2187.45
2195
2202.77
2209.95
2218.04
2225.29
2234.42
2241.93
2249.37
2256.29
2263.62
2269.64
2275.98
2281.54
2287.92
2293.8
2300.35
2307.32
2313.3
2320.29
2326.82
2333.15
2339.39
2345.55
2351.88
2358.88
2365.94
2372.79
2379.86
2387.24
2395.23
2403.35
2411.87
2420.16
2427.41
2434.39
2441.82
2448.44
2454.42
2460.68
2467.39
2473.87
2480.16
2487.48
2494.35
2500.17
2506.11
2511.88
2517.82
2523.42
2530.17
2536.06
2541.21
2546.34
2551.66
2556.79
2562.58
2568.27
2572.97
2578.72
2584.2
2590.79
2596.24
2601.95
2607.47
2613.27
2618.86
2624.6
2630
2635.68
2641.16
2647.27
2653.89
2660.71
2667.4
2674.16
2680.74
2686.79
2693.14
2698.75
2703.78
2709.8
2714.88
2719.94
2725.44
2730.14
2735.31
2741.08
2746.27
2751.88
2757.62
2762.95
2768.25
2773.47
2779.04
2784.77
2790.51
2796.35
2802.31
2807.47
2813.66
2819.34
2825.93
2832.1
2838.15
2844.21
2850.18
2855.38
2861.19
2865.94
2871.2
2876.09
2881.44
2886.88
2891.96
2896.95
2902.73
2907.87
2913.05
2917.99
2923.58
2929.21
2934.35
2940.11
2945.68
2952.05
2958.31
2965.03
2972.5
2980.17
2987.86
2995.3
3003.8
3013.42
3024.5
3039.57
3054.27
3067.83
3081.44
3095.75
3109.19
3120.78
3131.25
3142.29
3151.23
3159.53
3166.92
3174.4
3181.7
3189.17
3195.22
3202.15
3208.5
3214.48
3220.21
3225.99
3231.51
3237.39
3242.54
3248.57
3253.62
3258.94
3264.13
3269.18
3274.26
3278.04
3282.06
3286.1
3289.76
3293.23
3296.71
3300.15
3303.5
3306.75
3309.99
3313.14
3316.44
3319.95
3323.46
3326.45
3329.48
3333.02
3336.46
3340.19
3343.44
3346.54
3349.59
3353.2
3356.11
3359.31
3362.57
3366.08
3369.43
3372.85
3376.28
3379.69
3382.67
3386.23
3389.52
3392.82
3395.84
3399.32
3402.01
3405.08
3408.24
3411.27
3414.41
3417.86
3420.62
3423.87
3427.01
3429.97
3432.99
3435.88
3439.14
3442.36
3444.93
3448.02
3450.83
3453.77
3456.36
3459.48
3462.37
3465.14
3468.1
3470.81
3473.53
3476.33
3478.9
3481.29
3484.39
3487.27
3489.88
3492.31
3495.43
