1
14
21.5
22.5
23
24.4
24.5667
37.4238
37.5488
39.6599
65.3064
86.8005
131.049
212.036
275.811
332.461
392.304
436.248
470.673
509.317
548.163
578.005
602.145
628.677
664.114
711.444
764.522
794.431
817.846
839.483
858.416
876.437
892.665
904.406
917.349
931.344
944.521
957.32
970.736
982.543
995.714
1009.27
1022.85
1036.48
1052.03
1066.53
1080.88
1095.46
1109.03
1122.09
1134.88
1146.25
1157.66
1167.44
1177.07
1189.42
1201.86
1213
1226.61
1240.29
1254.27
1268.86
1285.06
1301.32
1316.47
1333.93
1348.68
1361.1
1373.01
1384.79
1396.73
1409.24
1420.45
1432.67
1443.36
1453.63
1462.9
1473.27
1485
1495.51
1506.88
1519.74
1531.8
1543.44
1555.1
1567.1
1578.16
1589.62
1599.6
1610.15
1619.51
1628.94
1637.64
1646.66
1655.88
1663.79
1673.28
1682.65
1691.52
1700.23
1708.23
1718.78
1729.18
1738.45
1747.37
1756.65
1766.21
1775.6
1786.48
1797.69
1808.47
1818.62
1828.4
1838.41
1849.04
1859.02
1869.94
1879.87
1890.2
1899.7
1908.85
1917.51
1926.29
1934.98
1942.53
1949.92
1957.26
1964.16
1971.51
1978.7
1985.07
1990.94
1997.34
2003.23
2008.71
2014.72
2020.26
2026.26
2032.46
2038.37
2044.12
2050.08
2056.16
2062.08
2067.94
2074.01
2080.98
2089.16
2097.91
2106.82
2115.44
2123.43
2132.14
2139.91
2147.78
2155.36
2163.62
2170.67
2178.45
2186.6
2194.12
2201.03
2208.11
2213.96
2220.13
2225.65
2231.72
2237.94
2244.24
2250.44
2257.12
2263.38
2269.02
2274.99
2280.8
2286.17
2291.5
2297.17
2301.95
2307.05
2312.2
2317.01
2321.78
2326.86
2332.47
2337.42
2342.74
2348.15
2353.2
2357.67
2362.06
2366.74
2370.94
2375.35
2379.89
2384.65
2388.76
2393.88
2398.68
2403.36
2408.26
2413.72
2419.13
2423.93
2429.15
2433.63
2438.03
2442.79
2447.41
2452.05
2457.38
2463.1
2468.69
2474.02
2480.22
2485.4
2490.57
2496.04
2501.12
2506.37
2511.33
2516.76
2520.94
2525.56
2530.04
2535.08
2539.45
2544.17
2548.21
2552.72
2557.57
2561.62
2566.18
2571.14
2575.77
2580.42
2585.38
2589.75
2594.51
2599.54
2604
2608.59
2613.28
2617.96
2622.47
2626.98
2631.6
2636.68
2641.57
2646.58
2651.5
2656.36
2662.11
2667.97
2673.9
2680.27
2685.94
2692.18
2698.18
2703.85
2708.73
2714.26
2719.58
2725.15
2730.83
2735.9
2741.68
2747.56
2752.93
2758.29
2763.73
2769.13
2774.62
2780.03
2784.52
2789.79
2794.14
2798.72
2803.93
2808.73
2814.01
2818.5
2823.13
2827.66
2832.06
2836.36
2840.21
2844.65
2848.58
2852.27
2856.21
2859.86
2863.87
2867.63
2871.43
2874.5
2878.3
2882.1
2885.53
2889.56
2893.76
2896.95
2900.59
2904.67
2908.58
2912.33
2916.6
2920.32
2923.84
2927.64
2931.1
2935.34
2939.07
2942.95
2946.89
2950.83
2954.85
2958.69
2962.92
2966.76
2970.69
2974.35
2978.05
2981.79
2985.87
2989.65
2993.44
2996.75
3000.47
3004.39
3008.23
3011.51
3015.12
3018.47
3021.95
3025.48
3028.63
3032.03
3035.46
3039.22
3042.89
3046.39
3050.05
3053.85
3057.47
3060.98
3064.35
3067.93
3071.32
3074.47
3077.58
3081.19
3084.95
3088.54
3092.09
3096.09
3099.48
3103.26
3107.28
3111.32
3115.09
3118.91
3122.74
3126.95
3130.6
3134.64
3138.83
3142.55
3146.6
3150.14
3153.81
3157.6
3161.02
3164.97
3168.57
3172.1
3176.1
3180.35
3184.81
3189.44
3193.91
3198.42
3202.69
3207.69
3212.27
3216.53
3221.18
3226.19
3230.36
3235.54
3240.27
3244.71
3248.89
3253.28
3257.77
3262.2
3266.6
3270.48
3275.09
3279.63
3283.21
3287.25
3291.09
3295.2
3299.26
3303.13
3306.67
3311.15
3315.21
3319.36
3323.79
3327.62
3331.63
