1
14
16.5
17.1667
25.6667
25.8667
29.0333
32.0333
34.2833
36.95
67.2956
96.2271
129.737
218.362
288.791
356.209
408.618
463.582
502.668
536.09
564.003
592.414
631.166
662.761
687.008
704.078
720.741
740.256
760.9
783.531
806.934
831.458
854.712
877.177
901.53
922.826
942.637
958.047
971.308
983.667
997.399
1011.41
1023.59
1037.39
1053.1
1075.07
1092.06
1108.38
1127.19
1144.8
1164.07
1181.09
1196.07
1208.88
1223.02
1238.81
1253.25
1265.96
1278.71
1291.11
1303.7
1314.65
1326.51
1338
1349.43
1359.84
1370.88
1381.71
1391.64
1402.62
1413.4
1423.87
1434.26
1444.67
1454.93
1465.85
1475.47
1486.07
1494.4
1503.5
1512.47
1522.32
1532.01
1541.37
1550.7
1559.98
1568.82
1576.59
1584.36
1591.79
1599.12
1606.19
1613.72
1620.69
1628.35
1635.87
1643.49
1650.65
1658.39
1665.13
1672.04
1679.25
1686.25
1693.21
1700.2
1705.97
1711.91
1717.66
1724.03
1729.41
1735.97
1742.42
1749.38
1757.13
1764.75
1773.13
1780.67
1788.45
1796.85
1805.28
1813.29
1821.4
1829.15
1836.07
1843.01
1850.23
1858.41
1866.14
1874.54
1884.25
1892.54
1900.73
1908.51
1916.81
1925.06
1932.79
1940.16
1946.47
1952.83
1959.29
1965.15
1971
1977.25
1983.05
1988.51
1994.1
2000.47
2006.58
2012.24
2017.58
2022.69
2027.39
2032.6
2037.43
2042.16
2046.88
2052.48
2057.63
2063.19
2068.21
2073.81
2079.32
2084.85
2090.91
2096.93
2102.37
2107.71
2113.35
2118.64
2123.51
2129.3
2135.11
2140.43
2145.87
2151.65
2157.46
2163.13
2168.7
2174.42
2180.49
2186.26
2191.83
2197.23
2202.27
2207.79
2213.49
2219.52
2225.84
2232.45
2240.05
2247.73
2254.87
2260.64
2266.79
2271.41
2276.6
2281.75
2286.23
2290.84
2295.89
2300.59
2304.84
2309.58
2314.05
2318.35
2322.93
2327.76
2332.86
2337.35
2342.36
2346.99
2352.23
2357.23
2362.49
2367.31
2372.17
2376.92
2381.84
2387.15
2393.04
2398.48
2404.42
2409.41
2414.1
2419.43
2424.31
2429.1
2434.16
2439.38
2444.56
2450.11
2455.51
2461.38
2466.45
2472.94
2478.08
2483.51
2489.84
2495.41
2500.45
2506.46
2512.13
2518.16
2524.45
2530.56
2536.74
2542.91
2548.97
2555.48
2562.16
2569.14
2575.71
2581.31
2587.04
2592.4
2597.51
2602.82
2607.89
2613.44
2619.16
2625.06
2631.16
2637.84
2644.36
2651.4
2657.81
2665.52
2673.38
2680.35
2687.03
2693.24
2699.43
2705.49
2711.52
2717.78
2723.83
2729.55
2735.39
2740.86
2746.34
2752.16
2757.03
2762.5
2768.02
2773.19
2778.58
2783.96
2789.42
2794.63
2800.07
2805.19
2810.65
2816.16
2821.71
2826.46
2831.09
2836.47
2841.2
2846.79
2852.16
2857.94
2863.4
2868.93
2874.43
2880.59
2886.9
2892.88
2899.41
2906.02
2912.48
2918.93
2926.52
2933.86
2940.88
2949.64
2958.32
2966.33
2974.23
2983.09
2992.63
3001.5
3012.58
3024.1
3034.69
3044.54
3054.33
3063.56
3072.54
3081.73
3090.47
3098.13
3106.11
3113.34
3120.73
3128.62
3135.56
3142.45
3149.9
3156.18
3163.08
3170.01
3176.68
3182.6
3188.44
3193.57
3199.54
3204.78
3210.2
3215.28
3219.58
3225.13
3230.09
3234.52
3239.33
3244.16
3248.24
3252.72
3257.03
3261.17
3265.2
3269.33
3273.15
3276.9
3280.8
3284.63
3288.09
3291.82
3295.7
3299.39
3302.92
3306.48
3310.17
3313.69
3316.81
3319.93
3323.26
3326.47
3329.64
3332.95
3336.64
3339.69
3343.25
3347.1
3350.43
3354.09
3357.58
3361.08
3364.53
3367.82
3371.08
3374.24
3377.3
3380.47
3383.51
3386.39
3389.44
3392.28
3395.2
3398.14
3400.9
3403.88
3406.8
3409.95
3412.78
3415.92
3418.85
3421.7
3424.73
3427.75
3430.7
3433.69
3436.87
3439.97
