1
15
16
17.6667
19.6667
26.8667
36.5333
36.5333
36.6583
40.2139
64.7081
101.563
133.362
197.898
304.918
354.963
410.561
471.357
500.377
527.75
555.867
583.72
613.693
639.68
667.108
710.576
736.801
764.828
790.512
809.948
825.815
839.507
853.702
866.919
880.236
894.203
907.427
922.065
936.252
948.59
961.163
975.464
990.595
1005.71
1019.38
1032.49
1048.65
1069.05
1098.9
1119.93
1137.77
1156.62
1173.69
1191.04
1208.74
1226.77
1240.25
1252.44
1263.02
1275.2
1287.16
1300.05
1312.92
1324.14
1335.46
1345.92
1355.24
1363.9
1373.41
1381.7
1390.74
1399.64
1408.05
1418.66
1429.4
1441.35
1452.34
1464.23
1476.95
1489.84
1501.73
1517.33
1531.9
1544.19
1556.49
1567.22
1578.14
1588.39
1600.07
1610.67
1619.01
1628.67
1639.31
1648.96
1658.35
1665.94
1673.71
1682.46
1689.96
1698.39
1707.02
1715.33
1723.97
1733.83
1742.86
1754.61
1765.18
1777.57
1787.68
1798.73
1809.35
1820.44
1830.72
1841.33
1851.03
1860.84
1870.04
1880.29
1890.27
1899.72
1908.77
1916.34
1924.18
1931.52
1939.78
1947.92
1955.99
1963.47
1969.61
1977
1983.53
1988.98
1994.78
2001.63
2008.13
2015.19
2022.22
2028.73
2035.63
2041.99
2048.45
2054.95
2061.41
2067.57
2074.11
2081.1
2087.88
2093.87
2100.34
2107.56
2114.69
2122.84
2130.87
2140.4
2149.44
2159.13
2168.4
2177.27
2185.78
2194.16
2202.08
2209.27
2216.15
2223.05
2228.94
2234.89
2241.18
2247.28
2253.55
2259.45
2265.5
2271.06
2276.93
2282.63
2288.35
2293.98
2299.9
2306.11
2312.74
2318.42
2324.57
2331.41
2337.14
2343.29
2349.04
2354.53
2359.93
2365.34
2370.06
2374.92
2379.3
2384.51
2389.03
2393.35
2398.14
2402.72
2407.63
2413.07
2418.84
2424.31
2430.45
2435.99
2442.58
2448.58
2455.06
2461.82
2468.47
2474.31
2480.66
2486.99
2492.6
2498.66
2503.81
2509.07
2514.43
2520.32
2526.3
2532.82
2539.05
2545.01
2551.28
2557.53
2564.26
2570.91
2578.11
2584.33
2590.36
2597.37
2603.17
2609.85
2616.08
2621.98
2627.54
2633.23
2638.72
2644.26
2649.77
2655
2659.65
2665.28
2670.39
2676.17
2681.74
2687.5
2692.83
2697.69
2702.94
2707.69
2712.63
2716.73
2721.4
2725.5
2729.72
2734.28
2738.3
2742.3
2746.79
2751.04
2755.64
2759.88
2764.08
2768.04
2771.64
2775.58
2779.42
2783.45
2787.33
2790.95
2794.8
2798.25
2802.17
2805.81
2809.5
2813.15
2817.02
2820.93
2824.63
2828.43
2832.3
2836.33
2840.13
2843.74
2848.07
2852.1
2855.83
2859.75
2863.82
2868.23
2872.12
2875.77
2879.29
2883.3
2887
2890.71
2894.84
2898.71
2902.58
2906.66
2910.92
2914.56
2918.92
2922.8
2926.53
2930.12
2933.71
2937.49
2941.36
2945.62
2949.63
2953.39
2957.24
2961.75
2965.62
2969.1
2973.18
2977.22
2981.2
2985.53
2989.3
2993.45
2997.68
3002.24
3006.23
3010.02
3014.09
3018.37
3022.62
3027.21
3030.99
3035.05
3038.91
3043.27
3046.78
3051.02
3055.21
3058.99
3062.49
3066.19
3070.22
3074.31
3078.02
3082.12
3085.58
3089.56
3093.73
3097.72
3101.82
3105.58
3109.56
3114.35
3118.21
3122.69
3126.76
3130.63
3134.71
3138.71
3142.78
3146.62
3150.67
3154.96
3159.45
3162.92
3167.39
3171.73
3175.45
3179.43
3183.31
3186.6
3190.26
3193.85
3197.81
3201.43
3205.64
3209.16
3212.97
3216.62
3220.85
3224.94
3229.17
3232.73
3236.43
3239.74
3243.44
3247.09
3250.71
3254.15
3257.86
3262.05
3265.55
3269.48
3273.39
3277.27
3281.92
3286.59
3290.42
3294.46
3299.56
3304.21
3308.59
3312.62
3317.09
3321.53
3325.72
3330.36
3334.96
3339.17
3344.03
3349.37
3354.54
3360.01
3365.01
3370.13
3375.13
