1
16
16
17.6667
24.9167
26.9167
30.9167
34.0595
34.9345
38.8234
69.8827
90.6657
127.083
198.133
292.83
371.177
409.623
446.73
480.244
522.745
559.303
594.592
627.256
648.862
669.195
687.257
702.125
716.752
731.898
751.115
777.167
812.939
839.898
867.186
888.194
912.749
935.529
955.073
972.022
989.443
1003.93
1018.73
1030.87
1042.42
1054.5
1065.97
1079.51
1091.84
1104.67
1117.06
1130.08
1143.45
1155.83
1168.92
1181.48
1194.64
1207.35
1219.32
1231.07
1242.53
1255.82
1269.39
1282.81
1295.45
1307.58
1319.13
1330.07
1341.78
1353.84
1365.33
1375.59
1385.56
1395.42
1404.21
1412.95
1422.2
1431.48
1441.77
1451.61
1462.29
1471.58
1481.68
1492.63
1504.34
1516.89
1527.57
1538.08
1547.22
1556.44
1566.3
1578.85
1591.67
1604.63
1615.47
1627.36
1639.25
1650.16
1660.35
1669.86
1678.55
1686.46
1693.71
1700.94
1708.24
1714.63
1721.31
1726.86
1733.29
1739.46
1746.15
1752.62
1759.28
1766.1
1773.2
1781.08
1788.05
1795.19
1802.51
1809.85
1818
1825.87
1835.37
1845.28
1856.51
1865.33
1873.25
1881.34
1890.18
1898.32
1908.76
1919.76
1931.35
1941.86
1953.08
1964.82
1976.55
1987.1
1997.25
2006.34
2015.37
2024.24
2033.07
2041.67
2049.28
2056.79
2064.78
2072.03
2079.95
2087.65
2094.97
2103.45
2111.17
2119.1
2126.24
2134.27
2141.23
2148.64
2156.98
2164.24
2171.03
2176.98
2183.08
2189.19
2195.7
2201.95
2208.13
2214.15
2219.62
2225.35
2230.54
2235.53
2240.87
2245.78
2250.64
2255.52
2260.6
2265.87
2270.38
2275.71
2280.75
2285.92
2291.12
2296.67
2301.47
2306.38
2311.09
2315.88
2320.62
2325.65
2330.4
2334.95
2339.37
2343.86
2348.59
2353.55
2358.6
2364.39
2370.07
2376.47
2382.74
2389.29
2395.58
2401.28
2407.14
2413.29
2419.67
2425.35
2431.24
2436.78
2442.55
2447.7
2453.64
2458.4
2464.44
2469.98
2475.97
2481.65
2487.17
2492.47
2497.58
2502.64
2507.79
2513.42
2518.75
2523.26
2527.24
2531.91
2536.03
2540.26
2544.82
2548.76
2553.05
2557.71
2561.91
2565.63
2569.91
2574.1
2578.51
2582.94
2587.54
2592.18
2597.25
2602.33
2607.34
2612.11
2617.23
2622.37
2627.59
2632.61
2638.04
2643.62
2649.07
2654.02
2659.33
2664.12
2669.14
2674
2678.85
2684.09
2689.12
2694.15
2698.62
2702.88
2707.62
2712.01
2716.25
2721.15
2725.96
2730.82
2735.58
2740.3
2744.53
2749.41
2754.15
2759.25
2764.2
2769.89
2775.14
2780.86
2786.24
2791.42
2796.48
2802.33
2808.01
2814.64
2820.95
2827.64
2834.37
2842.45
2848.62
2855.73
2862.61
2868.81
2875.93
2882.76
2889.57
2896.06
2902.72
2908.46
2914.76
2920.97
2927.5
2932.55
2937.54
2942.98
2948.4
2953.79
2958.92
2963.83
2969.06
2974.55
2980.01
2985.76
2991.45
2995.82
3001.55
3006.56
3011.46
3016.55
3021.12
3026.48
3031.59
3035.89
3040.47
3045.05
3049.55
3053.78
3057.85
3061.98
3065.68
3069.78
3073.76
3077.2
3081.14
3085.11
3088.9
3092.54
3096.63
3100.42
3104.42
3109.15
3113.54
3117.81
3122.54
3126.74
3131.51
3136.31
3141.3
3146.14
3150.24
3154.27
3158.71
3163.5
3167.8
3172.22
3177.12
3181.82
3185.84
3190.01
3193.74
3197.91
3202.08
3205.91
3209.82
3213.64
3217.28
3221.31
3225.02
3228.73
3232.02
3235.6
3239.35
3242.67
3245.91
3249.3
3252.47
3255.75
3258.69
3262.13
3265.13
3268.32
3271.77
3275.01
3278.46
3281.85
3285.12
3288.51
3291.79
3294.92
3298.28
3301.79
3305.19
3308.58
3312.15
3315.96
3319.47
3322.81
3326.33
3329.61
3332.97
3336.14
3339.05
3342.57
3345.66
3348.64
3351.67
3354.64
3357.78
3360.75
3363.59
3366.47
3369.53
3372.31
