2
3
3.75
4
4.75
5
5.30952
5.5
5.60115
9.85539
12.3537
15.1665
21.1118
23.5353
29.8439
37.4042
41.2084
43.9099
46.3655
48.4108
50.2741
52.1132
53.7076
55.2629
56.6455
57.9909
59.3139
60.676
61.9171
63.1854
64.3703
65.3789
66.55
67.7164
68.8717
69.9579
71.1914
72.4089
73.5456
74.7083
75.8268
76.8888
77.8447
78.8973
79.9727
81.0931
82.1616
83.2291
84.3232
85.355
86.4717
87.6605
88.7326
89.6862
90.915
91.9666
92.9772
93.9652
95.0146
96.0284
97.0606
97.9247
98.7814
99.7173
100.665
101.495
102.424
103.207
104.147
105.035
105.968
106.906
107.819
108.569
109.427
110.126
110.85
111.542
112.328
113.084
113.73
114.441
115.108
115.794
116.447
117.091
117.867
118.534
119.142
119.781
120.36
121.018
121.766
122.42
123.117
123.807
124.467
125.121
125.722
126.394
127.046
127.508
128.084
128.603
129.166
129.705
130.221
130.752
131.27
131.86
132.344
132.88
133.351
133.881
134.353
134.87
135.404
135.978
136.542
137.037
137.587
138.14
138.686
139.265
139.748
140.257
140.802
141.3
141.785
142.323
142.886
143.414
143.918
144.5
145.036
145.632
146.141
146.692
147.235
147.806
148.384
148.944
149.475
150.167
150.828
151.426
152.021
152.665
153.316
153.922
154.523
155.14
155.728
156.346
156.97
157.538
158.106
158.709
159.284
159.848
160.481
161.066
161.624
162.152
162.717
163.286
163.796
164.376
164.981
165.605
166.166
166.728
167.284
167.844
168.402
168.903
169.466
169.945
170.487
171.019
171.511
172.04
172.622
173.173
173.669
174.214
174.719
175.241
175.816
176.372
176.856
177.381
177.898
178.46
178.914
179.361
179.84
180.378
180.895
181.392
181.889
182.387
182.971
183.522
184.072
184.562
185.141
185.631
186.213
186.713
187.247
187.887
188.502
189.09
189.727
190.333
190.899
191.499
192.099
192.634
193.246
193.931
194.559
195.169
195.75
196.269
196.814
197.405
198.027
198.63
199.261
199.902
200.551
201.159
201.746
202.361
202.97
203.584
204.178
204.883
205.564
206.173
206.845
207.448
208.07
208.709
209.397
210.063
210.653
211.342
212.13
212.852
213.621
214.374
215.05
215.734
216.494
217.255
217.953
218.746
219.495
220.218
220.973
221.702
222.407
223.132
223.884
224.642
225.428
226.168
226.888
227.619
228.401
229.215
230.004
230.725
231.581
232.407
233.341
234.098
234.902
235.609
236.326
237.121
237.837
238.606
239.309
240.044
240.786
241.527
242.395
243.191
243.975
244.776
245.602
246.453
247.232
248.061
248.867
249.785
250.63
251.499
252.405
253.298
254.208
255.007
255.894
256.734
257.655
258.579
259.468
260.408
261.496
262.514
263.484
264.486
265.417
266.395
267.414
268.494
269.512
270.614
271.621
272.513
273.543
274.321
275.295
276.143
277.09
277.983
278.956
279.787
280.705
281.464
282.383
283.367
284.247
285.224
286.254
287.19
288.138
288.933
289.86
290.774
291.575
292.451
293.334
294.205
295.133
296.029
296.936
297.856
298.791
299.536
300.409
301.226
302.257
303.154
304.063
304.896
305.803
306.724
307.651
308.512
309.37
310.271
311.325
312.308
313.305
314.233
315.109
316.09
317
317.958
318.775
319.616
320.442
321.237
322.1
322.978
323.822
324.669
325.468
326.265
327.058
327.924
328.833
329.631
330.591
331.408
332.211
333.291
334.297
335.204
336.162
337.225
338.312
339.45
340.49
341.595
342.881
344.1
345.291
346.441
347.532
348.72
349.981
351.258
352.692
354.025
355.388
356.548
357.87
359.193
361.067
362.57
364.181
365.648
367.181
369.062
371.131
373.209
375.186
377.016
378.961
381.028
383.126
385.282
387.33
389.372
391.158
393.176
395.17
396.999
398.951
400.659
402.771
404.619
406.724
409.458
412.048
414.192
416.533
418.596
420.384
422.183
423.917
425.79
427.839
430.028
432.092
434.553
436.737
438.834
441.306
443.716
446.39
448.952
451.738
454.65
457.481
460.586
463.217
466.551
469.482
472.107
474.954
477.923
481.337
484.345
487.976
491.749
495.816
499.864
503.68
506.854
510.031
513.529
516.795
519.989
524.346
529.247
534.914
540.013
545.449
553.956
566.758
585.542
597.373
604.022
609.222
613.388
618.119
623.191
629.229
635.156
642.177
651.223
659.601
670.719
681.6
687.963
693.907
700.508
708.069
717.974
726.997
736.66
752.475
763.914
776.927
863.806
1102.15
