2
3.53509
3.66842
4
4.13509
4.5
5
5.07832
5.31837
7.93333
11.7433
15.5478
19.4114
20.7578
26.027
30.6999
34.8492
38.4012
42.1641
45.4188
48.5116
51.6635
54.7271
57.2171
59.4994
61.6711
63.71
65.62
67.7169
69.4728
71.2347
72.743
74.2316
75.4498
76.8303
78.2095
79.497
80.7558
81.9767
83.1333
84.1333
85.3588
86.4693
87.5663
88.5317
89.4495
90.4678
91.4142
92.428
93.5094
94.4998
95.4735
96.5034
97.5564
98.457
99.1848
100.105
100.937
101.816
102.724
103.555
104.456
105.263
106.001
106.862
107.551
108.314
109.056
109.79
110.582
111.32
112.202
112.931
113.754
114.472
115.194
116.047
116.774
117.47
118.162
118.893
119.65
120.318
120.991
121.736
122.333
122.951
123.618
124.213
124.754
125.36
125.991
126.654
127.243
127.789
128.349
129.016
129.518
130.082
130.616
131.196
131.814
132.398
132.943
133.492
134.136
134.674
135.3
135.933
136.425
136.954
137.465
138.018
138.537
139.026
139.531
140.088
140.643
141.132
141.617
142.159
142.731
143.242
143.746
144.203
144.677
145.254
145.837
146.306
146.793
147.373
147.903
148.469
149.029
149.605
150.187
150.758
151.304
151.879
152.424
152.953
153.466
153.993
154.491
155.009
155.569
156.072
156.624
157.135
157.683
158.202
158.673
159.21
159.727
160.225
160.677
161.25
161.708
162.157
162.635
163.088
163.604
164.061
164.507
164.969
165.446
165.888
166.381
166.91
167.411
167.86
168.33
168.778
169.291
169.746
170.213
170.709
171.239
171.756
172.193
172.676
173.161
173.726
174.173
174.702
175.15
175.632
176.136
176.577
177.037
177.482
177.938
178.386
178.913
179.451
179.881
180.39
180.836
181.285
181.792
182.259
182.698
183.164
183.582
184.028
184.505
184.977
185.432
185.881
186.334
186.828
187.347
187.821
188.345
188.882
189.391
189.872
190.372
190.91
191.412
191.905
192.417
192.938
193.484
194.025
194.573
195.161
195.667
196.172
196.729
197.275
197.844
198.411
198.967
199.512
200.108
200.66
201.231
201.816
202.444
202.956
203.505
204.08
204.631
205.224
205.772
206.386
206.981
207.55
208.185
208.788
209.39
210.107
210.661
211.282
211.916
212.553
213.202
213.856
214.452
215.083
215.656
216.345
216.998
217.694
218.438
219.134
219.761
220.402
221.072
221.687
222.349
223.138
223.731
224.467
225.24
225.908
226.644
227.322
228.095
228.835
229.544
230.337
231.094
231.928
232.701
233.485
234.303
234.938
235.719
236.436
237.181
237.903
238.615
239.41
240.201
240.98
241.601
242.305
243.092
243.745
244.475
245.194
245.838
246.488
247.03
247.803
248.393
249.078
249.676
250.425
250.948
251.627
252.281
252.923
253.568
254.259
254.975
255.679
256.381
257.117
257.866
258.534
259.197
259.944
260.605
261.32
261.982
262.647
263.327
263.965
264.629
265.264
265.86
266.508
267.115
267.817
268.461
269.203
269.908
270.578
271.161
271.905
272.575
273.295
274.002
274.756
275.588
276.401
277.178
278.033
278.885
279.636
280.427
281.435
282.353
283.271
284.175
285.119
286.124
287.22
288.21
289.328
290.606
291.736
293.017
294.43
295.751
296.674
297.993
299.085
300.434
301.572
302.902
304.1
305.572
306.95
308.284
309.651
310.883
312.155
313.28
314.465
315.489
316.538
317.476
318.469
319.302
320.256
321.136
322.009
322.953
323.883
324.702
325.581
326.414
327.225
327.986
328.672
329.529
330.316
331.13
331.938
332.653
333.395
334.117
334.808
335.622
336.363
337.149
338.024
338.755
339.583
340.466
341.349
342.115
342.875
343.681
344.601
345.397
346.266
347.088
348.046
348.905
349.827
350.715
351.669
352.66
353.559
354.634
355.723
356.633
357.788
359.102
360.286
361.531
362.777
364.069
365.196
366.488
367.832
369.099
370.355
371.554
372.844
374.066
375.24
376.621
378.138
379.68
381.101
382.664
384.313
386.07
387.936
389.804
391.567
393.271
395.089
397.037
399.06
400.906
402.854
404.723
406.694
408.582
410.529
412.376
414.528
416.597
418.693
420.949
423.161
425.292
427.466
429.7
432.239
434.574
436.908
439.215
441.969
444.701
447.335
450.02
452.655
455.375
458.243
461.745
464.981
467.998
470.853
473.911
476.838
479.863
482.88
486.255
489.558
493.034
496.946
501.735
506.645
512.047
521.106
535.596
551.644
579.536
602.04
612.765
620.523
629.089
641.174
665.278
888.261
