1
12
18
19.6667
20.4167
32.6167
32.95
34.3786
36.6286
39.2952
66.9557
94.802
140.716
209.177
282.983
345.249
401.809
443.124
474.989
520.524
567.835
601.34
630.378
652.175
677.944
707.121
730.824
751.539
769.048
784.778
800.185
815.219
829.55
844.144
857.713
871.607
888.917
908.428
926.345
944.618
959.7
973.965
987.346
1003.46
1021.37
1039.42
1060.01
1079.12
1095.56
1110.98
1125.74
1139.97
1154.2
1170.52
1191.08
1211.57
1233.89
1254.57
1273.54
1289.37
1305.03
1319.15
1333.2
1345.77
1358.11
1371.21
1383.59
1395.03
1407.83
1419.19
1428.81
1438.3
1447.73
1457.73
1467.15
1475.33
1484.14
1492.26
1500.83
1508.59
1516.61
1524.59
1532.61
1540.62
1549.56
1557.08
1564.44
1572.35
1579.99
1587.53
1595.98
1604.44
1611.79
1620.54
1630.11
1640.57
1652.45
1662.81
1671.72
1679.56
1687.81
1696.27
1705.89
1714.57
1722.63
1730.1
1736.91
1742.86
1749.49
1755.48
1761.81
1767.46
1772.96
1778.71
1784.05
1789.63
1795.01
1799.98
1805.37
1810.39
1815.82
1821.41
1827.32
1833.32
1838.9
1844.96
1851.41
1857.93
1864.15
1870.24
1875.85
1881.52
1887.56
1893.35
1899.94
1905.94
1912.27
1917.84
1924.2
1930.41
1936.44
1942.51
1948.18
1954.08
1959.41
1964.72
1970.01
1975.54
1981.31
1987.04
1993.86
2000.31
2006.44
2013.42
2021.11
2028.45
2037.61
2045.19
2053.85
2061.43
2069.05
2076.43
2083.33
2090.25
2097.11
2104.12
2110.99
2117.77
2125.28
2132.28
2139.57
2146.02
2153.24
2160.29
2168.33
2176.51
2186.47
2195.89
2204.61
2213.13
2220.8
2230.44
2241.19
2252.27
2263.5
2274.52
2285.06
2295.34
2306.16
2317.22
2328.1
2340.87
2356.63
2371.87
2384.68
2397
2407.63
2418.79
2429.18
2438
2445.66
2453.67
2460.51
2467.34
2474.91
2482.14
2489.83
2497.97
2504.02
2510.92
2518.37
2524.73
2531.39
2538.45
2545.69
2552.65
2559.25
2565.89
2572.47
2579.1
2586.1
2592.69
2598.6
2603.91
2609.18
2614.49
2619.81
2624.81
2629.06
2633.83
2639.31
2644.27
2649.04
2654.47
2660.12
2665.82
2671.43
2677.43
2683.36
2688.77
2694.54
2700.11
2705.71
2710.86
2715.7
2721.49
2726.69
2731.76
2737.18
2742.31
2747.11
2752.6
2757.7
2762.63
2767.68
2772.15
2776.77
2781.22
2785.83
2790.02
2794.54
2799.17
2803.55
2807.78
2812.36
2817.12
2821.4
2825.13
2829.27
2833.13
2836.66
2840.23
2843.87
2847.54
2851.18
2854.83
2858.99
2862.97
2866.33
2870.2
2874.17
2877.46
2880.66
2883.9
2887.56
2890.99
2894.24
2897.65
2901.09
2904.04
2906.98
2910.36
2913.72
2917.2
2920.4
2923.65
2927.09
2930.59
2934.21
2937.67
2941.15
2944.83
2948.68
2952.22
2956.13
2959.25
2962.9
2966.26
2969.97
2973.33
2976.81
2980.47
2983.95
2987.77
2991.53
2995.47
2998.98
3002.24
3006.39
3010.19
3013.92
3017.76
3021.25
3024.77
3028.26
3032.03
3035.67
3039.05
3042.89
3046.34
3049.64
3052.98
3056.62
3059.8
3063.25
3066.43
3069.64
3072.88
3076.01
3079.08
3082
3085.27
3088.41
3092.1
3095.75
3099.81
3103.68
3107.7
3111.75
3116.13
3120.58
3124.59
3128.52
3132.39
3136.66
3140.43
3144.24
3148.36
3152.25
3156.81
3160.56
3164.63
3168.75
3172.76
3176.96
3181.14
3185.35
3189.35
3193.43
3197.52
3201.66
3206.19
3210.64
3215.05
3219.22
3224.05
3228.25
3232.49
3236.69
3241.12
3245.79
3250.1
3254.32
3258.23
3262.2
3266.32
3269.98
3273.76
3277.58
3281.47
3285.34
3289.39
3293.67
3297.44
3301.51
3305.72
3310.34
3314.36
3318.58
3322.87
3327.01
3331.45
3335.48
3339.37
3343.67
3347.8
3352.09
3356.6
3360.85
3364.74
3368.61
3372.72
3376.79
