1
16
20.5
20.5
20.5
22.5
31.8333
33.119
33.244
34.3552
61.4422
88.013
133.947
185.867
286.417
365.447
415.193
467.542
504.259
535.405
565.235
594.107
621.55
651.237
675.324
696.206
714.815
731.68
747.706
766.507
789.782
829.618
866.957
897.765
922.335
939.391
956.2
972.42
987.365
1002.02
1017.55
1030.55
1043.43
1056.75
1071.03
1084.45
1097.18
1111.66
1124.74
1137.56
1149.24
1161.68
1174.01
1186.75
1199.61
1212.47
1224.5
1237.53
1250.04
1261.69
1273.91
1286.61
1299.04
1311.14
1323.32
1335.58
1348.65
1361.48
1374.08
1385
1396.39
1406.87
1416.52
1425.53
1434.05
1443.02
1452.09
1461.22
1470.05
1478.41
1486.36
1494.67
1503.7
1511.82
1519.68
1528.42
1536.12
1545.21
1555.79
1566.77
1577.85
1588.41
1599.84
1610.19
1620.15
1630.69
1639.88
1650.45
1659.72
1669.76
1678.89
1688.17
1696.3
1705.3
1714.97
1724.51
1734.28
1743.99
1753.3
1763.54
1773.08
1783.05
1793.34
1804.55
1816.25
1827.46
1839.24
1852.53
1864.06
1873.71
1882.44
1890.29
1898.1
1905.46
1912.44
1920.18
1927.01
1933.76
1940.64
1947.28
1953.68
1959.41
1965.7
1971.93
1978.44
1984.53
1990.89
1996.62
2002.57
2008.98
2015.07
2020.46
2026.42
2032.44
2037.9
2044.4
2050.94
2058.05
2064.62
2071
2077.57
2084.19
2090.57
2097.17
2104.18
2109.78
2115.19
2120.39
2126.02
2130.76
2135.93
2141.24
2146.93
2152.7
2158.39
2163.92
2168.77
2173.95
2179.52
2184.66
2189.42
2195.23
2200.24
2205.67
2211.48
2217.74
2223.71
2229.99
2236.67
2242.92
2249.47
2255.74
2261.84
2267.62
2273.36
2278.91
2284.48
2290.14
2295.71
2302.15
2308.63
2314.38
2320.97
2327.41
2333.28
2339.26
2345.32
2350.48
2356.73
2362.01
2366.92
2371.65
2376.49
2381.36
2385.76
2390.86
2395.59
2400.03
2404.47
2408.97
2413.42
2418.38
2422.89
2427.42
2431.39
2435.72
2440.3
2444.99
2448.93
2453.56
2458.03
2462.12
2466.89
2472.03
2476.58
2482.08
2487.46
2492.98
2497.88
2502.47
2507.44
2511.96
2516.94
2521.51
2526.35
2530.79
2535.71
2540.6
2545.25
2549.76
2555.08
2560.27
2565.2
2571.07
2576.41
2582.06
2587.46
2593.31
2598.23
2603.03
2608.08
2613.19
2618.2
2623.11
2628.45
2633.44
2638.4
2643.22
2648.08
2652.84
2657.58
2662.29
2666.44
2671.09
2675.68
2679.91
2683.97
2687.69
2692.05
2695.66
2699.7
2703.77
2707.68
2711.71
2715.98
2720.45
2724.49
2729.13
2733.71
2738.06
2742.3
2746.32
2750.56
2754.74
2758.93
2763.2
2766.65
2770.14
2774.12
2777.57
2781.11
2785.27
2788.65
2792.54
2795.98
2799.7
2803.12
2807.16
2810.56
2814.05
2817.71
2821.42
2825.7
2829.53
2833.82
2837.93
2841.67
2845.76
2849.74
2853.02
2856.5
2860.46
2864.23
2868.19
2871.7
2875.59
2879.87
2883.78
2888
2892.39
2896.64
2900.9
2905.04
2909.07
2912.45
2916.4
2920.86
2924.86
2928.54
2932.54
2936.81
2941.41
2946.32
2950.35
2954.46
2959.42
2963.91
2967.75
2972.24
2976.15
2979.86
2984.09
2988.52
2992.26
2996.12
3000.36
3004.63
3008.65
3012.88
3016.74
3020.54
3024.55
3028.19
3032.45
3036.86
3040.5
3044.2
3048.01
3051.53
3055.04
3058.59
3062.01
3065.42
3068.63
3072.15
3074.92
3078.64
3082.09
3085.52
3089.12
3092.35
3095.62
3098.81
3101.86
3105.33
3108.27
3111.41
3114.41
3117.89
3121.43
3124.56
3127.74
3131.23
3134.39
3137.49
3140.77
3143.86
3146.85
3150.37
3153.64
3157.26
3160.45
3163.46
3166.64
3169.96
3173.13
3176.4
3179.54
3182.59
3186.28
3190.09
3193.86
3197.67
3201.08
3204.78
3208.24
3211.86
3215.59
3219.47
3223.26
3226.62
3230.18
3233.98
