1
13
16.5
16.5
23.5
24.7
25.8667
27.4381
32.1881
44.1881
62.8868
92.7377
134.435
193.482
295.234
350.104
396.094
435.555
476.443
517.083
557.367
589.368
618.112
643.996
669.321
698.96
728.191
756.607
786.163
815.708
843.171
870.757
896.455
916.669
932.6
947.814
961.83
973.914
987.004
1000.48
1013.56
1026
1039.82
1053.35
1066.67
1081.43
1093.6
1107.34
1120.35
1136.46
1151.88
1165.71
1178.36
1189.71
1199.54
1208.85
1217.51
1225.71
1234.47
1243.49
1253.5
1263.69
1275.11
1287.99
1299.13
1309.78
1319.96
1329.64
1341.29
1351.85
1363.89
1376.44
1391.07
1406.8
1422.6
1437.93
1451.58
1464.94
1477.21
1490.29
1501.73
1512.53
1521.98
1532.67
1542.86
1553.73
1565.94
1576.47
1586.67
1597.16
1608.3
1617.52
1628.16
1637.62
1647.71
1657.26
1666.99
1676.93
1686.36
1695.91
1703.43
1711.39
1720.17
1728.33
1736.28
1743.6
1750.14
1757.44
1763.89
1770.14
1776.8
1783.29
1789.93
1796.74
1803.53
1810.38
1817.46
1825.64
1835.67
1845.24
1856.13
1866.04
1874.88
1882.77
1891.33
1899.55
1908.01
1915.23
1922.75
1930.08
1936.79
1943.67
1950.83
1957.26
1963.98
1971.06
1977.27
1982.97
1988.36
1994.11
1999.48
2004.69
2009.77
2015.96
2021.19
2026.89
2032.43
2037.92
2043.51
2049.86
2055.2
2060.89
2066.88
2072.69
2078.31
2083.79
2090.11
2096.25
2103.23
2109.83
2118.59
2125.82
2132.87
2141.33
2148.88
2156.8
2165.89
2174.52
2184.57
2193.83
2203.74
2212.17
2221.41
2229.47
2237.61
2245.62
2253.35
2262.46
2271.17
2280.54
2291.41
2301.22
2310.59
2320.48
2329.96
2338.7
2347.53
2356.41
2365.19
2373.79
2381.85
2390.1
2397.55
2405.25
2413.05
2420.91
2427.71
2435.06
2441.1
2448.17
2454.62
2460.85
2467.82
2473.68
2479.13
2485.29
2490.96
2496.2
2501.68
2507.42
2513.52
2518.15
2523.93
2529.04
2534.13
2539.9
2545.61
2551.54
2556.74
2562.09
2567.27
2573.03
2578.1
2583.07
2588.45
2593.79
2598.64
2603.76
2608.39
2612.92
2617.42
2622.26
2626.97
2631.69
2637.06
2642.52
2647.45
2652.41
2657.94
2663.62
2668.72
2673.63
2679.2
2684.32
2689.46
2695.13
2700.53
2705.21
2710.3
2715.67
2720.49
2725.19
2729.31
2733.93
2738.07
2742.36
2746.59
2750.88
2754.98
2759.45
2763.59
2767.76
2772.01
2776.06
2780.11
2784.39
2788.71
2792.67
2796.83
2800.64
2804.83
2809.01
2813.15
2817.89
2822.24
2826.25
2831.28
2835.73
2840.17
2844.65
2849.33
2853.81
2858.48
2863.36
2868.74
2873.37
2878.17
2883.77
2888.29
2893.51
2897.98
2903.38
2908.18
2913.41
2918.75
2923.98
2929.36
2934.88
2939.5
2944.7
2949.49
2954.04
2958.25
2962.87
2967.18
2972
2975.9
2980.79
2985.08
2989.65
2993.97
2998.3
3002.68
3006.68
3010.85
3015.55
3019.73
3024.12
3028.25
3032.16
3035.99
3040.21
3044.11
3048.18
3051.75
3055.91
3060.21
3064.41
3068.33
3072.62
3076.77
3081.06
3085.71
3089.89
3093.85
3098.27
3102.49
3107.37
3111.89
3117.1
3122.57
3127.35
3132.64
3137.54
3142.47
3147.35
3152.59
3157.36
3161.94
3166.48
3171.87
3176.13
3181.09
3185.73
3190.72
3195.84
3200.23
3204.97
3209.38
3213.95
3218.61
3224.15
3229.41
3234.64
3239.66
3244.27
3249.05
3253.96
3259.45
3264.01
3269.05
3274.21
3278.75
3283.1
3288.41
3293.38
3298.64
3303.78
3309.11
3315.19
3320.41
3325.34
3330.14
3334.93
3339.47
3344.18
3348.32
3352.45
3356.26
3360.3
3364.28
3368.99
3372.78
3377.17
3380.95
3384.68
3388.77
3392.18
3396.04
3400.55
3404.82
3409.24
3413.11
3417.05
3421.11
3425.12
3428.91
3432.77
3436.54
3440.57
3443.83
3447.87
3451.93
