2
2.33333
3
3.33333
4
4.25
4.40385
4.52917
4.85714
8
11.225
16.7618
22.0835
23.3393
27.7656
31.5074
35.1452
38.304
40.6713
43.1618
45.6155
47.7206
49.6895
51.8023
53.5505
55.4268
57.2939
58.8699
60.3342
61.9534
63.402
65.0288
66.726
68.2244
69.5246
70.9457
72.2704
73.3946
74.5027
75.4199
76.4753
77.5367
78.5081
79.5474
80.3844
81.3106
82.2362
83.2921
84.2183
85.15
86.1002
87.134
88.0568
88.996
90.0914
91.1731
92.0975
92.9788
93.8978
94.9309
95.8717
96.9076
97.7572
98.6941
99.4808
100.288
101.099
101.867
102.727
103.589
104.353
105.124
105.875
106.618
107.394
108.097
108.775
109.507
110.215
110.878
111.609
112.439
113.284
113.989
114.727
115.449
116.205
117.032
117.799
118.595
119.397
120.277
121.06
121.852
122.853
123.701
124.422
125.173
126.065
126.814
127.663
128.396
129.058
129.77
130.471
131.151
131.873
132.519
133.245
133.926
134.702
135.477
136.258
137.003
137.744
138.444
139.194
139.889
140.59
141.383
142.103
142.779
143.38
144.032
144.696
145.411
146.004
146.654
147.335
147.969
148.587
149.16
149.876
150.5
151.122
151.77
152.409
153.058
153.663
154.363
154.988
155.695
156.357
157.05
157.627
158.302
158.954
159.519
160.184
160.941
161.657
162.311
162.98
163.568
164.306
164.991
165.648
166.325
167.107
167.848
168.55
169.24
169.897
170.615
171.28
171.873
172.565
173.21
173.843
174.516
175.184
175.929
176.561
177.262
178.003
178.691
179.425
180.047
180.742
181.488
182.181
182.921
183.607
184.253
184.86
185.539
186.274
186.865
187.566
188.304
189.001
189.669
190.363
191.077
191.897
192.615
193.206
193.815
194.571
195.222
195.94
196.546
197.303
197.969
198.672
199.342
200.049
200.778
201.373
202.066
202.731
203.439
203.963
204.543
205.097
205.695
206.331
207.019
207.674
208.314
208.873
209.529
210.128
210.738
211.317
211.879
212.481
213.106
213.714
214.351
214.89
215.464
215.985
216.563
217.118
217.692
218.293
218.795
219.365
219.946
220.547
221.112
221.689
222.286
222.935
223.539
224.186
224.766
225.378
225.999
226.641
227.223
227.826
228.432
229.009
229.658
230.277
230.799
231.361
231.99
232.525
233.086
233.608
234.192
234.722
235.351
235.824
236.391
236.983
237.575
238.177
238.655
239.144
239.697
240.194
240.745
241.327
241.845
242.331
242.884
243.446
243.962
244.565
245.086
245.653
246.263
246.85
247.4
247.985
248.516
249.013
249.593
250.254
250.856
251.497
252.087
252.685
253.375
254.001
254.615
255.268
255.884
256.559
257.163
257.823
258.401
259.083
259.784
260.373
261.085
261.704
262.41
263.189
263.913
264.648
265.325
265.982
266.654
267.288
267.992
268.682
269.331
269.967
270.7
271.46
272.156
272.886
273.611
274.362
275.174
275.981
276.719
277.479
278.272
279.097
279.969
280.911
281.704
282.606
283.457
284.313
285.187
286.11
286.974
287.945
288.859
289.805
290.742
291.578
292.628
293.55
294.587
295.674
296.758
297.833
299.028
300.363
301.436
302.586
303.923
305.255
306.43
307.674
308.855
309.95
311.108
312.331
313.582
314.729
315.847
316.999
318.125
319.232
320.358
321.322
322.36
323.469
324.622
325.792
326.775
327.949
329.151
330.379
331.491
332.619
333.69
334.826
335.838
336.907
338.078
339.451
340.622
341.9
343.112
344.183
345.375
346.611
347.808
348.758
350.091
351.235
352.394
353.678
355.044
356.353
357.589
358.904
360.282
361.738
363.332
365.102
366.725
368.872
370.943
373.234
375.467
377.489
379.78
382.251
385.297
387.972
390.263
392.886
395.318
397.37
399.418
401.492
403.053
404.682
406.367
407.904
409.538
411.081
412.592
413.878
415.143
416.378
417.712
418.943
420.258
421.494
422.714
423.746
424.907
425.998
427.245
428.457
429.642
430.784
431.846
432.929
434.222
435.633
436.885
438.369
439.618
441.007
442.413
443.762
445.215
446.641
448.025
449.62
451.045
452.465
453.872
455.255
456.717
457.833
459.357
460.92
462.437
463.987
465.64
467.326
469.164
470.946
472.986
474.864
476.887
479.455
482.101
484.349
487.25
489.969
492.832
495.753
498.691
502.304
506.181
510.543
514.527
518.668
522.692
526.887
531.87
537.759
544.972
557.088
570.665
582.568
599.077
658.383
714.121
743.259
753.913
764.332
780.733
797.84
816.105
831.342
846.766
933.13
