1
15
19
20.3333
21.0833
25.0833
31.0833
34.7976
35.0476
38.2698
57.8324
87.0202
136.416
210.211
286.533
351.175
415.828
453.682
498.889
531.84
559.239
587.92
613.358
641.315
666.997
689.734
708.669
733.912
758.101
786.74
809.2
828.895
847.582
868.611
891.587
914.283
934.443
959.461
980.669
1005.29
1027.39
1048.68
1066.75
1079.75
1092.4
1103.45
1112.85
1122.2
1129.91
1138.1
1147.2
1154.38
1162.47
1172.26
1181.11
1190.08
1199.23
1208.54
1219.15
1229.88
1243.06
1257.85
1271.52
1284.78
1299.81
1313.74
1330.02
1347.54
1361.11
1374.56
1386.31
1397.96
1408.89
1419.88
1430.06
1440.53
1451.53
1461.85
1471.82
1481.06
1491.09
1500.3
1510.7
1520.07
1528.65
1538.04
1549.12
1557.74
1566.8
1576.9
1586.26
1594.67
1603.28
1612.42
1621.13
1629.06
1636.89
1645.2
1652.8
1661.38
1670.53
1681.43
1691.83
1703.07
1713.17
1723.89
1734.85
1745.61
1754.47
1763.67
1771.4
1779.72
1787.21
1795.07
1802.75
1809.45
1816.11
1823.73
1831.69
1838.84
1846.38
1853.17
1859.84
1867.45
1874.68
1882.04
1890.46
1899.32
1907.38
1915.83
1923.46
1930.84
1937.61
1944.31
1950.71
1957.29
1963.98
1969.68
1975.91
1982.33
1988.45
1995.29
2002.12
2009.43
2016.57
2023.63
2030.17
2036.69
2042.79
2048.66
2054.26
2059.55
2065.84
2072.1
2078.23
2084.84
2091.78
2098.31
2106.39
2113.59
2120.79
2127.07
2133.85
2140.06
2147.11
2153.86
2161.17
2168.56
2176.11
2183.6
2190.45
2196.81
2203.53
2209.73
2215.88
2222.18
2228.3
2234.17
2240.75
2247.95
2255.62
2263.68
2271.21
2277.83
2284.46
2292.37
2298.74
2305.12
2311.83
2318.29
2325.25
2332.54
2340.14
2347.64
2354.85
2363.51
2371.74
2379.86
2387.99
2397.05
2405.9
2414.58
2422.84
2432.03
2440.22
2448.06
2455.57
2463.43
2471.02
2478.78
2484.73
2491.48
2497.39
2502.85
2508.3
2513.62
2518.84
2524.05
2528.86
2533.82
2539.59
2544.9
2550.59
2555.79
2560.47
2565.21
2570.28
2575.07
2579.71
2584.19
2588.78
2592.99
2597.27
2601.49
2605.81
2610.49
2614.86
2619.51
2624.12
2629.32
2633.68
2638.56
2643.7
2649
2653.84
2658.62
2664.14
2669.18
2674.32
2679.98
2684.97
2689.72
2694.49
2699.09
2703.76
2707.93
2712.89
2716.66
2720.77
2724.82
2729.12
2733.02
2736.98
2741.33
2745.9
2749.78
2753.67
2757.71
2761.85
2766
2770.47
2774.36
2778.25
2782.22
2786.13
2790.04
2793.89
2797.94
2802.2
2806.08
2810.21
2814.93
2819.19
2823.66
2827.93
2832.54
2836.77
2841.19
2845.3
2849.43
2853.12
2856.86
2860.85
2864.76
2868.69
2872.88
2877.02
2881.45
2885.2
2889.3
2893.27
2896.8
2900.43
2904.61
2908.67
2913.28
2916.83
2920.5
2924.18
2927.59
2930.99
2934.06
2937.13
2940.51
2943.84
2947.12
2950.18
2953.04
2956.47
2959.97
2963.54
2966.76
2970.21
2974.06
2977.72
2981.2
2984.97
2988.9
2993.07
2996.94
3000.85
3004.83
3009.01
3013.3
3017.35
3021.6
3025.8
3030.3
3034.79
3038.96
3043.53
3047.55
3051.32
3055.25
3059.41
3063.62
3067.51
3071.27
3075.34
3079.31
3083.72
3087.59
3091.93
3096.13
3100.31
3104.97
3109.11
3113.59
3118.39
3122.63
3126.66
3131.66
3136.37
3141.24
3146.03
3150.64
3155.64
3160.35
3165.07
3170.11
3174.31
3179.08
3183.72
3188.21
3193.08
3197.35
3201.9
3206.2
3210.11
3214.3
3218.17
3222.04
3225.71
3229.95
3233.9
3237.79
3242.04
3246.2
3250.88
3254.93
3259.1
3263.2
3267.43
3271.49
3275.52
3279.51
3283.77
3287.66
3291.73
3295.73
3299.74
3303.71
3308.45
3312.39
3316.26
3320.25
3323.61
3327.6
3331.53
3335.08
3338.22
3341.77
3345.13
