1
12
13.5
15.5
20.75
25.35
25.6833
26.1119
26.3619
28.8063
49.0044
69.11
97.3974
140.489
182.116
212.06
235.34
254.117
270.911
285.312
299.175
310.58
320.772
330.328
337.777
345.027
351.69
359.046
365.764
373.208
379.814
387.076
394.346
400.702
407.508
414.397
422.218
430.257
439.923
451.25
461.273
470.439
480.293
490.87
500.046
508.113
514.559
521.22
526.84
532.821
538.051
543.622
549.119
555.056
560.574
566.566
572.347
577.172
582.412
587.404
592.12
596.318
600.473
604.498
608.136
611.747
615.111
618.68
622.1
625.354
628.69
631.988
634.619
637.824
640.898
643.846
646.971
649.442
652.22
655.037
658.125
660.569
663.333
665.845
668.533
671.275
673.989
676.52
679.015
681.66
684.14
686.674
689.282
691.897
694.363
696.821
698.963
701.503
703.821
706.475
708.902
711.234
713.612
716.05
718.488
721.16
723.497
725.833
728.14
730.489
732.848
734.863
737.257
739.455
741.54
743.811
746.062
748.095
750.479
752.655
754.86
756.975
759.278
761.55
763.688
765.876
768.007
770.108
772.252
774.278
776.697
778.82
780.869
782.926
784.886
787.01
789.136
791.337
793.575
795.494
797.547
800.011
802.047
804.391
806.804
809.103
811.329
813.714
815.945
817.852
819.926
822.168
824.383
826.447
828.302
830.365
832.404
834.447
836.616
838.482
840.522
842.455
844.589
846.59
848.626
850.553
852.54
854.465
856.488
858.797
860.826
862.981
864.966
866.879
869.068
871.136
873.529
875.695
877.733
880.059
882.133
884.391
886.446
888.198
890.208
891.996
893.581
895.402
897.353
899.34
901.241
902.931
904.57
906.146
908.085
909.775
911.66
913.473
915.308
916.925
918.826
920.49
922.334
924.022
925.903
927.69
929.555
931.149
932.864
934.332
935.884
937.778
939.628
941.324
943.03
944.535
945.968
947.497
948.896
950.398
952.25
953.964
955.424
957.033
958.543
960.147
961.539
962.955
964.475
965.927
967.712
969.203
970.555
972.001
973.458
974.737
976.321
977.783
979.089
980.585
981.988
983.386
984.706
986
987.526
989.039
990.383
991.763
993.047
994.426
995.613
996.885
997.999
999.121
1000.33
1001.46
1002.61
1003.85
1005.26
1006.33
1007.57
1008.73
1009.95
1011.07
1012.15
1013.31
1014.29
1015.33
1016.45
1017.6
1018.75
1019.88
1020.94
1022.02
1023.1
1024.17
1025.15
1026.17
1027.21
1028.1
1029.12
1030.17
1031.24
1032.22
1033.16
1034.14
1035.13
1036.05
1037.02
1038.03
1039.02
1039.99
1040.88
1041.81
1042.72
1043.58
1044.54
1045.36
1046.24
1047.18
1048.04
1048.94
1049.98
1050.84
1051.76
1052.65
1053.54
1054.41
1055.23
1056.12
1056.98
1057.76
1058.56
1059.31
1060.21
1061.05
1061.87
1062.71
1063.56
1064.39
1065.15
1066.03
1066.8
1067.7
1068.55
1069.41
1070.18
1070.96
1071.78
1072.64
1073.52
1074.29
1075.19
1076.04
1076.93
1077.76
1078.69
1079.54
1080.38
1081.21
1082.13
1082.95
1083.85
1084.72
1085.6
1086.51
1087.31
1088.18
1089.01
1089.97
1090.77
1091.65
1092.53
1093.29
1094.09
1094.93
1095.83
1096.71
1097.75
1098.63
1099.57
1100.42
1101.34
1102.17
1103
1103.8
1104.57
1105.44
1106.26
1107.09
1107.96
1108.81
1109.65
1110.57
1111.42
1112.38
1113.41
1114.28
1115.08
1115.96
1116.76
1117.66
1118.53
1119.33
1120.11
1120.91
1121.8
1122.58
1123.5
1124.28
1125.08
1125.91
1126.73
1127.54
1128.29
1129.15
1130.02
1130.85
1131.71
1132.5
1133.33
1134.28
1135.1
1135.87
1136.75
1137.64
1138.49
1139.3
1140.02
1140.85
1141.66
1142.46
1143.35
