1
14
14
15
17.75
17.75
24.25
26.6786
30.9286
31.4841
50.0374
64.5061
93.3572
136.846
194.92
225.018
252.845
277.088
299.636
319.05
336.492
354.542
367.974
378.541
388.063
399.384
409.305
418.015
426.208
434.831
442.034
449.685
457.139
463.781
469.768
475.522
480.485
485.351
490.715
495.986
501.281
506.217
510.9
515.61
520.335
524.753
529.925
534.665
538.988
543.462
547.61
552.094
556.762
561.683
566.511
571.826
576.721
582.128
586.695
592.298
597.557
602.295
607.58
612.075
616.44
621.366
625.208
629.393
633.832
637.741
641.673
645.74
649.557
653.555
657.143
660.495
663.685
667.319
670.883
674.146
677.389
680.282
683.581
686.954
689.907
693.147
696.852
700.329
703.792
707.063
710.965
714.526
718.147
721.767
724.84
728.233
731.816
735.008
737.746
740.8
743.951
746.99
749.655
752.035
754.691
757.354
759.974
762.724
765.214
767.254
769.234
771.594
773.749
775.863
777.82
779.948
781.887
783.762
785.839
787.799
789.407
791.45
793.337
795.22
796.939
798.909
800.655
802.438
804.133
805.978
807.599
809.246
810.905
812.885
814.628
816.469
818.208
820.023
821.905
823.706
825.375
827.31
829.031
830.684
832.525
834.157
835.606
837.051
838.605
840.083
841.798
843.494
844.979
846.347
847.703
848.954
850.537
851.929
853.313
854.697
856.12
857.361
858.699
860.026
861.313
862.697
864.06
865.387
866.607
867.756
868.933
870.355
871.631
872.91
874.24
875.393
876.623
877.934
879.078
880.29
881.439
882.687
883.791
885.143
886.363
887.603
888.778
889.96
891.199
892.604
893.734
895.168
896.286
897.522
898.849
900.063
901.258
902.42
903.649
904.849
905.891
906.991
908.28
909.37
910.72
912.008
913.23
914.35
915.427
916.686
917.811
918.968
920.173
921.251
922.439
923.615
924.825
925.99
927.292
928.578
929.76
930.951
932.131
933.277
934.463
935.518
936.657
937.983
939.092
940.388
941.476
942.759
943.974
945.188
946.399
947.637
948.718
949.753
950.836
951.894
953.045
954.121
955.356
956.478
957.597
958.671
959.777
960.883
962.211
963.307
964.43
965.566
966.747
967.846
969.137
970.35
971.509
972.688
973.897
975.13
976.304
977.489
978.615
979.833
980.984
982.189
983.325
984.487
985.61
986.929
988.137
989.281
990.338
991.42
992.537
993.576
994.849
996.053
997.212
998.361
999.52
1000.68
1001.94
1003.19
1004.51
1005.6
1006.75
1007.95
1009.08
1010.29
1011.32
1012.5
1013.77
1014.97
1016.03
1017.15
1018.18
1019.2
1020.31
1021.49
1022.53
1023.64
1024.74
1025.98
1027.22
1028.41
1029.48
1030.54
1031.62
1032.65
1033.81
1034.92
1035.99
1037.14
1038.29
1039.38
1040.46
1041.63
1042.72
1043.96
1044.97
1045.99
1046.94
1047.97
1048.9
1049.81
1050.89
1051.79
1052.75
1053.65
1054.59
1055.68
1056.56
1057.71
1058.51
1059.41
1060.39
1061.36
1062.25
1063.27
1064.17
1065.1
1066.08
1066.96
1067.84
1068.67
1069.54
1070.37
1071.31
1072.23
1073.04
1074.02
1074.87
1075.76
1076.64
1077.61
1078.44
1079.28
1080.16
1081.06
1082.04
1082.88
1083.79
1084.68
1085.52
1086.38
1087.31
1088.2
1089.07
1090
1090.91
1091.79
1092.78
1093.56
1094.45
1095.33
1096.23
1097.16
1097.97
1098.91
1099.81
1100.64
1101.4
1102.16
1102.95
1103.77
1104.6
1105.32
1106.08
1106.94
1107.77
1108.57
1109.36
1110.12
1111
1111.78
1112.57
1113.37
1114.29
1115.17
1116.02
1116.85
1117.61
1118.42
1119.15
1119.94
1120.71
1121.58
1122.34
1123.22
1124.01
1124.75
1125.5
