2
6
6.2
7
7.33333
8
8.7
10.4167
10.5
12.9291
17.5935
23.6658
38.3947
42.636
55.8599
71.6209
80.0236
87.49
96.1569
103.926
112.34
118.499
124.901
133.731
140.637
147.196
151.474
155.297
158.814
162.044
164.601
167.124
169.526
171.825
174.023
176
178.154
180.06
182.133
184.194
185.978
187.57
189.347
190.99
192.49
194.323
195.886
197.448
199.013
200.438
201.849
203.323
204.918
206.351
207.791
209.173
210.544
211.781
213.048
214.451
215.562
216.77
218.17
219.46
220.81
222.009
223.355
224.52
225.535
226.709
227.834
229.03
230.267
231.505
232.693
233.816
235.006
236.021
237.007
237.988
238.862
239.774
240.802
241.831
242.785
243.619
244.46
245.256
246.074
246.914
247.792
248.706
249.51
250.33
251.05
251.839
252.636
253.387
254.068
254.894
255.657
256.399
257.119
257.835
258.643
259.312
260.034
260.826
261.648
262.398
263.049
263.691
264.286
264.869
265.555
266.234
266.852
267.571
268.223
268.908
269.539
270.192
270.891
271.615
272.334
272.992
273.695
274.36
274.989
275.655
276.223
276.902
277.544
278.142
278.77
279.382
279.93
280.467
281.071
281.614
282.156
282.674
283.224
283.827
284.323
284.791
285.35
285.853
286.421
286.951
287.467
287.991
288.512
289.039
289.525
290.019
290.548
291.049
291.672
292.111
292.643
293.174
293.658
294.16
294.695
295.204
295.733
296.235
296.749
297.284
297.802
298.339
298.813
299.329
299.749
300.22
300.708
301.235
301.667
302.128
302.614
303.062
303.587
304.146
304.662
305.195
305.652
306.071
306.538
306.992
307.455
307.988
308.464
308.882
309.337
309.799
310.32
310.798
311.382
311.92
312.4
312.856
313.401
313.954
314.488
314.986
315.488
316.042
316.561
317.073
317.562
318.092
318.589
319.059
319.559
320.013
320.515
320.973
321.533
322.024
322.48
322.978
323.514
323.978
324.45
324.961
325.47
326.024
326.54
327.054
327.515
327.979
328.432
328.936
329.424
329.82
330.307
330.786
331.256
331.748
332.216
332.652
333.129
333.588
334.062
334.522
334.931
335.398
335.912
336.379
336.862
337.422
338.039
338.562
339.125
339.691
340.187
340.683
341.2
341.704
342.24
342.808
343.335
343.882
344.386
344.956
345.461
346.056
346.6
347.149
347.708
348.205
348.801
349.351
349.899
350.56
351.212
351.853
352.518
353.172
353.779
354.444
355.065
355.655
356.295
356.941
357.512
358.119
358.847
359.612
360.329
360.979
361.589
362.182
362.968
363.656
364.434
365.087
365.789
366.507
367.193
367.83
368.523
369.225
369.814
370.599
371.264
371.872
372.541
373.277
373.873
374.581
375.193
375.897
376.585
377.192
377.842
378.402
379.066
379.685
380.368
381.02
381.561
382.213
382.861
383.462
384.113
384.729
385.29
385.987
386.69
387.353
388.138
388.822
389.426
390.137
390.78
391.442
392.197
392.89
393.736
394.498
395.195
395.925
396.703
397.442
398.202
398.908
399.611
400.303
400.961
401.573
402.358
403.059
403.675
404.335
405.076
405.817
406.445
407.003
407.634
408.253
408.855
409.453
410.054
410.636
411.274
411.982
412.627
413.244
413.86
414.433
415.03
415.719
416.374
416.905
417.466
417.995
418.675
419.312
419.957
420.485
421.073
421.767
422.324
422.892
423.555
424.228
424.833
425.437
426.098
426.738
427.474
428.125
428.768
429.449
430.064
430.744
431.477
432.205
432.901
433.617
434.402
435.167
436
436.749
437.51
438.295
438.997
439.704
440.372
441.167
441.962
442.822
443.622
444.469
445.292
446.212
447.101
448.024
448.955
449.863
450.875
451.826
452.849
453.916
455.041
456.187
457.297
458.431
459.433
460.595
461.807
463.189
464.721
465.984
467.312
468.61
469.829
471.202
472.599
474.152
475.697
477.341
478.966
480.914
482.5
483.989
485.549
487.491
489.374
491.069
492.656
494.461
496.144
497.721
499.386
501.126
502.801
504.289
505.92
507.536
509.347
510.827
512.593
514.404
515.907
517.744
519.444
521.382
523.402
525.747
527.638
530.071
532.94
535.821
538.168
540.84
543.132
545.666
548.107
550.046
552.192
554.376
556.287
558.463
560.629
562.733
564.899
567.212
569.349
571.442
573.461
575.544
577.481
579.623
581.551
583.868
586.554
589.16
591.811
594.872
597.946
600.601
603.898
607.189
610.911
615.846
624.07
638.626
652.216
667.18
763.95
