2
3
5
5.5
5.58333
7
7.06502
7.75
7.94597
12.125
22.6265
32.8298
39.5146
41.7767
47.1166
51.7266
57.4305
61.9637
66.7259
71.1162
74.7917
78.2396
81.7886
84.9087
88.2928
91.7203
94.5727
97.9853
100.757
103.26
106.302
108.874
111.499
114.202
117.052
119.309
121.766
124.075
126.315
128.153
130.337
132.785
135.368
137.745
140.095
142.274
144.694
147.199
149.73
152.012
154.323
156.306
158.49
160.717
163.231
165.324
167.34
169.373
171.256
173.389
175.602
177.644
179.65
181.839
184.032
186.167
188.076
190.293
192.065
194.103
196.051
197.941
199.737
201.382
203.231
204.943
206.591
208.06
209.712
211.386
213.131
214.627
216.185
217.843
219.301
220.927
222.334
223.909
225.32
226.904
228.35
229.784
231.09
232.552
233.919
235.076
236.425
237.664
238.94
240.174
241.539
242.918
244.3
245.589
246.764
248.105
249.408
250.876
251.985
253.116
254.322
255.469
256.806
257.909
259.159
260.242
261.293
262.293
263.454
264.511
265.441
266.344
267.328
268.237
269.06
270.04
271.07
272.054
272.892
273.868
274.745
275.592
276.509
277.396
278.188
278.946
279.679
280.42
281.278
282.056
282.742
283.566
284.483
285.285
286.104
287.012
287.786
288.607
289.463
290.3
291.047
291.991
292.892
293.727
294.519
295.497
296.458
297.291
298.139
299.037
299.911
300.861
301.822
302.608
303.481
304.282
305.063
305.889
306.684
307.415
308.251
308.988
309.797
310.531
311.273
311.977
312.736
313.439
314.093
314.912
315.564
316.296
316.995
317.581
318.226
318.877
319.585
320.216
320.83
321.472
322.081
322.717
323.262
323.844
324.478
325.16
325.775
326.358
326.993
327.567
328.171
328.791
329.36
330.031
330.591
331.244
331.81
332.348
332.869
333.482
334.108
334.687
335.347
335.869
336.441
336.983
337.57
338.152
338.733
339.245
339.798
340.385
340.947
341.434
342.007
342.526
343.083
343.668
344.234
344.736
345.178
345.689
346.169
346.735
347.196
347.772
348.29
348.76
349.246
349.723
350.303
350.81
351.316
351.806
352.306
352.834
353.387
353.88
354.433
354.951
355.46
355.957
356.43
356.889
357.348
357.912
358.415
358.915
359.388
359.91
360.41
360.95
361.39
361.775
362.309
362.772
363.255
363.695
364.15
364.698
365.196
365.677
366.099
366.574
367.079
367.628
368.101
368.621
369.07
369.539
369.968
370.438
370.852
371.292
371.756
372.201
372.71
373.211
373.708
374.195
374.683
375.142
375.609
376.098
376.581
377.062
377.551
378.037
378.482
378.983
379.397
379.799
380.202
380.629
381.05
381.507
381.973
382.463
382.906
383.411
383.888
384.428
384.849
385.371
385.964
386.416
386.95
387.483
387.971
388.508
388.971
389.508
390.014
390.506
391.023
391.519
392.082
392.614
393.167
393.73
394.194
394.754
395.33
395.909
396.503
397.085
397.645
398.211
398.745
399.316
399.869
400.493
401.021
401.583
402.089
402.653
403.301
403.915
404.478
405.081
405.748
406.34
406.968
407.573
408.182
408.81
409.336
410.01
410.649
411.254
411.904
412.489
413.112
413.778
414.431
415.073
415.728
416.406
417.125
417.783
418.439
419.045
419.762
420.507
421.162
421.941
422.634
423.275
423.877
424.627
425.279
425.972
426.66
427.401
428.146
429.025
430.031
430.714
431.5
432.226
433.032
433.827
434.619
435.481
436.269
436.966
437.731
438.479
439.192
440.025
440.788
441.505
442.202
443.063
443.795
444.594
445.411
446.113
446.864
447.638
448.399
449.087
449.757
450.473
451.276
451.934
452.682
453.447
454.143
454.954
455.767
456.517
457.335
458.148
458.881
459.7
460.488
461.201
461.988
462.659
463.398
464.185
464.881
465.692
466.544
467.287
467.988
468.852
469.551
470.348
471.183
472.015
472.869
473.606
474.429
475.319
476.195
477.046
478.005
478.904
479.946
480.98
482.044
482.94
484.084
485.182
486.221
487.456
488.437
489.548
490.673
491.815
492.86
493.884
495.081
496.243
497.427
498.716
499.837
500.937
502.321
503.493
504.657
505.903
507.235
508.571
510.018
511.571
513.15
514.738
516.413
518.13
520.366
522.222
524.472
527.215
529.656
531.764
534.126
536.585
539.355
542.183
545.055
548.022
551.284
554.683
557.903
561.101
564.177
568.33
572.64
577.145
581.925
586.77
591.341
595.806
601.34
608.469
616.954
647.578
663.069
689.738
749.652
