2
4
4.58333
5
6
6.33333
6.33333
6.47222
7
9.50456
13.7805
18.2117
27.5672
29.6225
40.6435
56.0177
64.8032
69.8987
74.316
78.6666
82.466
85.7669
89.4322
93.0719
96.5619
100.008
103.354
106.842
109.906
112.645
115.342
117.903
120.757
123.475
126.02
128.557
130.831
132.928
134.854
137.02
139.192
141.01
142.723
144.292
146.236
147.878
149.485
151.06
152.787
154.476
156.277
157.938
159.589
161.088
162.889
164.599
166.008
167.448
168.87
170.39
171.744
173.166
174.349
175.931
177.176
178.505
179.763
180.953
182.019
183.081
184.156
185.234
186.374
187.436
188.376
189.418
190.356
191.368
192.344
193.253
194.06
194.807
195.656
196.356
197.188
197.924
198.573
199.283
200.012
200.79
201.49
202.299
203.181
203.956
204.756
205.597
206.549
207.34
208.222
209.027
209.85
210.728
211.584
212.473
213.272
214.211
215.042
215.896
216.705
217.448
218.328
219.096
219.959
220.723
221.462
222.333
223.079
223.859
224.587
225.37
226.131
226.949
227.712
228.526
229.326
230.118
230.9
231.683
232.509
233.218
233.949
234.647
235.336
235.966
236.672
237.313
238.019
238.689
239.322
239.884
240.473
241.076
241.712
242.425
243.072
243.743
244.349
244.954
245.537
246.185
246.828
247.43
248.023
248.661
249.326
249.918
250.507
251.063
251.598
252.177
252.732
253.335
253.95
254.473
255.081
255.639
256.154
256.684
257.264
257.837
258.376
258.858
259.42
259.996
260.568
261.147
261.764
262.351
262.853
263.413
263.938
264.595
265.156
265.706
266.22
266.771
267.315
267.857
268.468
269.006
269.572
270.136
270.637
271.11
271.684
272.262
272.796
273.296
273.838
274.297
274.829
275.243
275.712
276.152
276.633
277.127
277.584
278.068
278.559
279.136
279.663
280.208
280.709
281.157
281.66
282.134
282.651
283.201
283.686
284.175
284.693
285.164
285.622
286.145
286.596
287.079
287.603
288.037
288.504
289.034
289.534
290.046
290.56
291.125
291.66
292.205
292.748
293.269
293.825
294.344
294.843
295.422
295.934
296.458
296.955
297.446
297.971
298.52
299.076
299.55
300.127
300.613
301.152
301.736
302.286
302.87
303.427
303.908
304.452
305.002
305.469
306.014
306.494
307.045
307.624
308.143
308.678
309.279
309.767
310.416
310.975
311.553
312.098
312.604
313.114
313.548
314.093
314.6
315.138
315.652
316.203
316.758
317.3
317.831
318.344
318.859
319.447
319.957
320.532
321.081
321.632
322.164
322.723
323.348
323.985
324.575
325.062
325.536
326.033
326.474
326.977
327.4
327.928
328.448
328.982
329.459
329.893
330.41
330.852
331.294
331.815
332.309
332.799
333.245
333.727
334.217
334.789
335.313
335.791
336.31
336.806
337.352
337.789
338.286
338.739
339.209
339.73
340.207
340.679
341.182
341.644
342.177
342.594
343.051
343.515
343.988
344.514
344.971
345.452
345.939
346.39
346.916
347.401
347.93
348.427
348.88
349.34
349.857
350.372
350.926
351.462
351.933
352.52
353.096
353.627
354.134
354.653
355.137
355.791
356.306
356.821
357.41
358.079
358.703
359.297
359.964
360.563
361.092
361.597
362.221
362.874
363.486
364.182
364.772
365.393
366.075
366.692
367.354
368.032
368.652
369.286
369.898
370.584
371.22
371.903
372.495
373.119
373.762
374.326
375.093
375.705
376.428
377.176
377.904
378.627
379.334
380.002
380.716
381.38
382.146
382.955
383.676
384.414
385.159
385.967
386.652
387.366
388.101
388.95
389.698
390.444
391.309
392.147
392.963
393.667
394.446
395.266
396.137
396.875
397.549
398.293
398.993
399.843
400.629
401.403
402.213
403.007
403.978
404.902
405.757
406.553
407.452
408.243
409.072
409.945
410.725
411.514
412.415
413.28
414.081
415.014
416.038
417.138
418.118
419.201
420.314
421.345
422.516
423.547
424.585
425.504
426.506
427.608
428.772
429.865
431.084
432.301
433.392
434.541
435.783
437.012
438.323
439.584
440.901
442.27
443.753
445.298
446.788
448.251
449.946
451.583
453.145
454.874
456.591
458.34
460.148
461.875
463.628
465.136
466.576
468.479
470.054
471.701
473.405
475.184
477.382
479.386
481.551
483.759
486.414
489.596
492.808
496.103
500.536
505.198
508.773
512.646
518.011
525.499
533.818
542.418
558.958
577.688
587.107
597.211
604.94
611.622
618.742
626.226
633.476
640.324
650.715
696.484
