1
12
13.5
15.1667
20.4167
23.4167
26.5833
26.7262
28.4762
32.9206
54.16
72.1589
100.854
139.604
170.802
189.404
206.236
220.445
233.854
244.915
257.22
268.001
279.086
289.161
298.48
306.537
313.474
320.025
326.43
332.486
338.187
343.204
348.104
352.805
357.021
361.183
365.896
370.831
375.286
379.842
384.583
389.132
393.142
397.609
402.555
407.38
412.27
416.831
421.188
426.357
431.004
435.709
440.644
445.622
450.396
454.69
459.267
463.381
467.277
471.043
474.482
478.204
481.682
485.013
488.646
491.863
495.49
498.823
502.347
505.905
509.456
512.864
516.642
520.194
523.89
527.966
531.548
535.061
539.064
542.662
546.878
550.791
554.712
558.08
561.976
565.592
568.925
572.408
575.598
578.959
582.336
585.685
588.911
592.134
595.512
598.808
602.059
605.468
608.663
611.879
614.652
617.454
620.199
622.961
625.522
628.23
630.714
633.396
635.832
638.574
641.202
643.647
646.384
649.067
651.442
653.809
656.269
658.666
661.244
663.341
665.418
667.679
670.018
672.569
674.827
677.257
679.529
681.617
683.75
685.82
688.106
690.43
692.414
694.535
696.366
698.43
700.466
702.422
704.226
706.148
708.215
710.178
712.154
713.828
715.391
717.067
718.833
720.472
722.157
723.921
725.668
727.132
728.908
730.632
732.164
733.562
735.006
736.628
738.191
739.767
741.278
742.645
744.075
745.637
747.166
748.56
750.052
751.468
753.067
754.606
756.266
757.649
759.198
760.713
762.174
763.744
765.248
766.783
768.284
769.813
771.332
772.818
774.343
775.86
777.358
778.932
780.41
781.793
783.245
784.531
786.132
787.412
788.872
790.372
791.605
793.061
794.58
796.047
797.554
798.972
800.326
801.724
803.11
804.505
805.953
807.203
808.696
810.169
811.543
812.997
814.34
815.773
817.217
818.703
820.12
821.594
823.134
824.758
826.158
827.583
829.01
830.328
831.747
833.164
834.465
835.948
837.393
838.698
839.873
841.161
842.549
843.846
845.255
846.727
848.048
849.498
850.871
852.163
853.511
854.889
856.203
857.343
858.753
860.172
861.473
862.707
863.891
865.346
866.593
867.809
869.052
870.329
871.545
872.872
874.176
875.45
876.731
877.881
879.059
880.249
881.512
882.678
883.957
885.157
886.418
887.659
888.916
890.008
891.198
892.339
893.443
894.604
895.731
896.8
897.933
898.994
900.111
901.169
902.264
903.338
904.463
905.565
906.631
907.763
908.805
909.769
910.807
911.928
913.077
914.148
915.175
916.226
917.305
918.52
919.584
920.665
921.648
922.725
923.669
924.622
925.623
926.621
927.524
928.504
929.467
930.403
931.422
932.389
933.217
934.248
935.243
936.169
937.172
938.164
939.201
940.22
941.142
942.124
943.058
944.244
945.121
946.129
946.998
947.971
949.021
950.132
951.217
952.137
953.091
954.143
955.057
956.053
957.186
958.279
959.225
960.158
961.21
962.153
963.18
964.174
965.266
966.227
967.243
968.298
969.319
970.275
971.287
972.224
973.114
974.128
975.133
976.185
977.304
978.305
979.354
980.384
981.321
982.301
983.417
984.411
985.36
986.432
987.446
988.487
989.442
990.458
991.527
992.583
993.642
994.654
995.705
996.721
997.752
998.738
999.708
1000.73
1001.75
1002.74
1003.82
1004.89
1005.96
1006.98
1008.18
1009.36
1010.39
1011.62
1012.79
1013.88
1014.86
1015.91
1016.83
1017.84
1018.97
1020.16
1021.23
1022.45
1023.6
1024.62
1025.7
1026.78
1027.84
1028.85
1029.87
1030.91
1031.95
1032.94
1034.01
1034.97
1036.02
1037.05
1037.95
1038.96
1039.97
