2
3
4
5.5
6
6.5
6.96667
7
7.5
11
15.2067
22.5061
33.7512
37.7094
48.7761
61.977
70.0019
76.6134
82.9051
87.6691
91.7513
95.6949
99.3634
102.314
104.895
107.69
110.529
112.935
115.785
118.272
120.666
123.133
125.706
128.492
131.056
133.825
136.07
138.495
140.873
143.258
145.651
148.013
149.953
152.011
153.963
155.835
158.325
160.449
162.643
165.008
167.467
169.655
172.106
174.307
175.952
178.12
180.112
182.369
184.434
186.878
189.207
191.536
193.94
196.211
198.517
200.756
203.084
205.107
206.857
208.818
210.596
212.482
214.322
216.013
217.57
219.195
220.613
222.158
223.372
224.628
226.049
227.256
228.578
229.958
231.18
232.366
233.586
234.53
235.5
236.479
237.393
238.253
239.102
239.975
240.787
241.72
242.519
243.266
244.145
244.913
245.719
246.431
247.16
247.909
248.541
249.309
250.088
250.82
251.496
252.205
252.871
253.59
254.317
254.987
255.65
256.312
256.952
257.511
258.145
258.825
259.487
260.166
260.755
261.4
262.005
262.647
263.244
263.794
264.35
264.948
265.602
266.191
266.855
267.368
267.907
268.468
269.086
269.546
270.086
270.633
271.092
271.702
272.273
272.83
273.406
273.93
274.521
275.133
275.718
276.327
276.942
277.611
278.239
278.78
279.376
279.969
280.526
281.097
281.699
282.295
282.882
283.472
283.99
284.674
285.269
285.856
286.489
287.103
287.687
288.282
288.816
289.365
289.957
290.466
291.04
291.564
292.093
292.664
293.255
293.803
294.46
295.052
295.585
296.167
296.743
297.28
297.857
298.448
299.027
299.574
300.184
300.829
301.343
301.831
302.44
303.031
303.646
304.245
304.799
305.389
305.905
306.472
307.051
307.595
308.101
308.677
309.202
309.721
310.202
310.718
311.226
311.755
312.305
312.881
313.424
313.992
314.52
315.076
315.604
316.161
316.682
317.256
317.724
318.247
318.789
319.278
319.798
320.241
320.695
321.209
321.763
322.252
322.812
323.28
323.814
324.31
324.794
325.247
325.712
326.196
326.631
327.121
327.644
328.169
328.675
329.216
329.7
330.219
330.67
331.164
331.726
332.16
332.602
333.063
333.504
333.995
334.439
334.945
335.419
335.963
336.467
336.92
337.386
337.869
338.338
338.838
339.28
339.741
340.165
340.635
341.055
341.553
342.059
342.556
343.01
343.501
343.98
344.434
344.908
345.355
345.754
346.232
346.675
347.142
347.561
348.01
348.468
348.888
349.355
349.774
350.169
350.643
351.126
351.551
351.99
352.444
352.861
353.333
353.752
354.155
354.597
354.962
355.462
355.903
356.335
356.74
357.205
357.608
358.006
358.428
358.838
359.237
359.68
360.064
360.48
360.867
361.372
361.807
362.262
362.663
363.096
363.54
364.047
364.466
364.896
365.335
365.774
366.219
366.698
367.117
367.528
367.965
368.398
368.822
369.251
369.674
370.152
370.636
371.16
371.571
372.016
372.445
372.87
373.376
373.907
374.386
374.852
375.292
375.784
376.251
376.727
377.212
377.724
378.19
378.711
379.223
379.778
380.3
380.845
381.418
382.007
382.589
383.132
383.655
384.201
384.735
385.469
386.139
386.808
387.472
388.094
388.692
389.327
390.003
390.655
391.335
391.969
392.621
393.35
394.083
394.774
395.44
396.188
396.794
397.522
398.158
398.843
399.551
400.223
400.898
401.559
402.234
402.966
403.716
404.409
405.071
405.785
406.419
407.172
407.871
408.623
409.379
410.151
410.857
411.483
412.16
412.893
413.507
414.196
414.856
415.61
416.355
417.035
417.983
418.766
419.444
420.142
420.854
421.538
422.19
422.833
423.533
424.138
424.959
425.681
426.424
427.113
427.901
428.612
429.348
430.026
430.838
431.629
432.457
433.343
434.167
434.964
435.759
436.591
437.421
438.234
439.021
439.907
440.832
441.829
442.817
443.716
444.63
445.638
446.567
447.38
448.394
449.427
450.388
451.361
452.47
453.501
454.448
455.452
456.367
457.567
458.701
459.737
461.026
462.217
463.396
464.568
465.652
466.861
468.184
469.461
470.727
472.083
473.438
474.747
476.234
477.773
479.287
480.798
482.335
483.928
485.421
487.25
489.112
491.314
493.529
495.723
498.244
500.616
502.91
505.002
507.19
509.511
511.393
513.541
515.29
517.473
519.72
522.393
525.023
528.218
531.254
533.921
537.185
540.752
545.113
550.229
556.336
568.112
586.326
612.416
661.114
804.821
