2
3
3
4
4
4.8
5
6
6.19048
12
16.8791
20.5813
26.3525
28.6419
36.6099
46.061
54.446
61.5151
66.823
71.1739
75.1066
78.6042
82.1657
85.4915
88.039
90.8752
93.4199
96.317
99.0712
101.762
104.393
106.918
109.651
111.721
114.064
116.496
118.738
120.695
122.584
124.125
125.933
127.731
129.358
130.995
132.431
134.166
135.946
137.575
139.001
140.585
142.556
144.339
145.815
147.484
148.956
150.403
151.719
153.178
154.474
156.016
157.212
158.445
159.796
161.034
162.446
163.935
165.095
166.351
167.849
169.11
170.468
171.636
172.787
173.99
175.119
176.475
177.642
178.987
180.305
181.658
182.901
183.989
185.095
186.254
187.368
188.431
189.583
190.622
191.627
192.765
193.892
195.085
196.007
196.997
198.18
199.319
200.414
201.498
202.546
203.646
204.715
205.749
206.953
208.135
209.326
210.533
211.661
212.823
214.088
215.151
216.268
217.323
218.262
219.364
220.45
221.453
222.502
223.557
224.585
225.711
226.772
227.659
228.563
229.616
230.671
231.704
232.605
233.618
234.585
235.623
236.534
237.365
238.24
239.068
239.966
240.818
241.686
242.575
243.45
244.261
245.243
246.245
247.087
248.059
248.953
249.846
250.784
251.661
252.441
253.378
254.425
255.409
256.312
257.214
258.005
258.905
259.839
260.699
261.553
262.363
263.22
263.996
264.868
265.755
266.628
267.516
268.336
269.188
270.028
270.88
271.555
272.391
273.168
273.955
274.719
275.584
276.353
277.183
277.842
278.581
279.353
280.172
280.904
281.58
282.34
283.003
283.678
284.331
284.964
285.601
286.293
287.025
287.68
288.368
289.007
289.559
290.176
290.792
291.37
292.052
292.595
293.191
293.86
294.503
295.112
295.738
296.394
297.009
297.634
298.154
298.75
299.334
299.901
300.486
301.084
301.653
302.291
302.886
303.524
304.174
304.803
305.423
306.03
306.774
307.405
307.996
308.595
309.25
309.777
310.348
310.931
311.513
312.076
312.635
313.148
313.702
314.2
314.839
315.42
315.962
316.533
317.008
317.556
318.103
318.702
319.282
319.828
320.316
320.874
321.399
322.036
322.598
323.163
323.737
324.298
324.962
325.525
326.145
326.704
327.3
327.91
328.522
329.032
329.641
330.239
330.85
331.453
332.045
332.6
333.192
333.772
334.339
334.852
335.436
335.949
336.461
337.085
337.632
338.226
338.815
339.374
340.017
340.584
341.18
341.804
342.393
342.889
343.435
344.07
344.686
345.306
345.878
346.464
347.055
347.67
348.231
348.842
349.524
350.125
350.772
351.404
351.986
352.651
353.287
353.885
354.525
355.167
355.73
356.346
356.932
357.587
358.312
358.912
359.554
360.195
360.92
361.648
362.315
362.981
363.637
364.312
365.04
365.695
366.337
367.023
367.759
368.371
369.055
369.784
370.552
371.232
371.942
372.63
373.36
374.043
374.792
375.438
376.147
376.893
377.554
378.18
378.847
379.524
380.218
380.856
381.616
382.267
382.954
383.594
384.284
385.062
385.844
386.527
387.287
388.122
388.944
389.705
390.461
391.214
392.009
392.789
393.476
394.314
395.072
395.817
396.551
397.347
397.973
398.704
399.359
400.095
400.793
401.562
402.334
403.147
403.928
404.712
405.403
406.138
406.852
407.651
408.366
409.085
409.842
410.577
411.21
411.909
412.687
413.475
414.214
414.969
415.711
416.496
417.199
417.936
418.847
419.645
420.498
421.278
422.139
422.948
423.819
424.677
425.512
426.377
427.16
427.932
428.702
429.593
430.316
431.028
431.82
432.578
433.362
434.147
434.916
435.737
436.415
437.118
437.882
438.677
439.443
440.218
440.973
441.636
442.424
443.222
444.022
444.854
445.697
446.534
447.352
448.021
448.803
449.632
450.317
451.091
451.849
452.656
453.483
454.367
455.243
455.98
456.885
457.745
458.615
459.436
460.375
461.1
462.088
463.018
463.903
465.028
466.004
467.023
467.925
468.944
469.987
470.953
471.988
473.075
474.204
475.3
476.408
477.601
478.858
480.178
481.466
482.62
483.63
484.871
485.989
487.124
488.312
489.53
490.747
492.137
493.277
494.559
495.8
497.062
498.5
499.924
501.353
502.905
504.553
506.06
507.76
509.294
510.936
512.511
514.113
515.671
517.482
519.584
521.584
523.678
526.027
528.828
532.857
538.088
544.646
552.316
567.696
593.18
601.293
608.935
619.482
630.311
641.093
664.172
689.643
751.417
