2
2.5
2.66667
3
4
4.16667
5
5.33333
5.33333
9.61667
14.1337
17.4233
23.962
26.6864
31.1497
36.5309
41.1416
45.368
49.6879
54.439
60.0356
66.0556
70.7584
76.1171
80.5707
85.5876
90.9161
96.4754
102.842
108.513
113.245
117.833
122.361
126.02
129.703
132.828
135.42
137.784
140.074
142.321
144.516
146.513
148.497
150.111
151.577
153.063
154.385
155.592
156.779
157.971
159.368
160.755
161.898
163.013
164.257
165.523
166.6
167.628
168.787
169.873
170.907
172.092
173.189
174.362
175.322
176.415
177.438
178.389
179.244
180.376
181.301
182.127
182.985
183.977
184.976
186.017
186.977
188.088
189.13
190.144
191.016
191.934
192.909
193.755
194.75
195.747
196.707
197.636
198.397
199.259
200.092
200.905
201.741
202.603
203.438
204.429
205.332
206.269
207.125
208.093
209.009
209.913
210.762
211.674
212.664
213.659
214.489
215.529
216.449
217.427
218.301
219.183
219.927
220.9
221.872
222.807
223.659
224.681
225.601
226.468
227.296
228.252
229.026
229.895
230.785
231.68
232.606
233.485
234.496
235.4
236.268
237.337
238.261
239.142
239.966
240.804
241.672
242.455
243.381
244.193
245.145
246.067
246.867
247.592
248.393
249.173
250.067
250.88
251.674
252.39
253.151
253.856
254.558
255.449
256.268
256.953
257.758
258.465
259.216
259.981
260.866
261.654
262.493
263.267
264.025
264.763
265.561
266.333
267.149
267.92
268.659
269.304
269.99
270.636
271.376
272.044
272.797
273.545
274.331
275.026
275.786
276.485
277.197
277.932
278.598
279.34
280.052
280.856
281.592
282.251
282.974
283.688
284.423
285.201
285.873
286.633
287.42
288.15
288.984
289.947
290.859
291.649
292.542
293.343
294.244
295.18
296.089
297.117
298.021
298.84
299.739
300.591
301.445
302.343
303.101
304.059
304.916
305.706
306.613
307.461
308.333
309.236
310.038
311.022
311.851
312.735
313.652
314.57
315.379
316.217
317.034
317.846
318.607
319.376
320.234
320.981
321.76
322.461
323.278
324
324.731
325.445
326.156
326.828
327.515
328.396
329.104
329.779
330.565
331.295
332.082
332.891
333.619
334.402
335.079
335.941
336.761
337.58
338.326
339.042
339.935
340.773
341.611
342.357
343.264
344.072
344.832
345.698
346.499
347.445
348.348
349.28
350.203
351.184
352.157
353.034
354.163
355.186
356.127
357.118
358.242
359.289
360.321
361.445
362.469
363.682
364.726
365.877
366.886
367.929
368.969
369.926
370.872
371.852
372.876
373.933
374.856
375.846
376.861
377.867
378.793
379.691
380.549
381.454
382.43
383.482
384.359
385.282
386.342
387.495
388.652
389.76
390.947
392.031
393.368
394.587
395.943
397.239
398.68
399.946
401.138
402.243
403.351
404.501
405.786
406.909
408.16
409.126
410.22
411.336
412.576
413.73
414.873
416.073
417.292
418.517
419.628
420.803
421.849
422.793
423.878
425.148
426.436
427.43
428.581
429.592
430.631
431.651
432.726
433.666
434.587
435.522
436.368
437.281
438.332
439.233
440.234
441.123
442.053
442.934
443.812
444.724
445.582
446.506
447.267
448.096
449.113
450.116
450.919
451.755
452.682
453.632
454.574
455.484
456.419
457.351
458.302
459.118
459.995
461.028
461.936
462.76
463.663
464.71
465.752
466.834
467.8
468.794
469.76
470.704
471.627
472.599
473.559
474.46
475.376
476.22
477.312
478.206
479.178
480.082
481.111
481.918
482.889
483.797
484.785
485.737
486.72
487.559
488.487
489.333
490.131
490.983
491.748
492.602
493.5
494.218
495.074
495.812
496.453
497.187
497.987
498.758
499.584
500.591
501.408
502.232
503.095
503.916
504.785
505.691
506.614
507.396
508.244
509.071
509.889
510.83
511.729
512.683
513.556
514.418
515.277
516.267
517.003
517.842
518.716
519.73
520.706
521.638
522.501
523.449
524.463
525.392
526.195
527.208
528.125
529.044
529.86
530.786
531.72
532.625
533.646
534.772
535.698
536.921
538.041
539.219
540.48
541.831
543.101
544.462
545.786
547.176
548.648
550.003
551.364
552.875
554.211
555.53
556.891
558.396
560.179
561.603
563.229
564.633
566.196
567.696
569.035
570.665
572.671
574.527
576.486
578.303
580.208
582.308
584.608
587.005
589.477
592.056
594.404
597.54
601.094
604.688
608.01
611.541
615.41
619.321
624.256
630.144
637.295
646.895
700.355
725.106
829.677
