1
13
13.5
14.1667
23.9167
24.5167
27.5167
27.9452
28.5702
29.4591
56.6824
71.8979
88.9266
139.239
181.895
205.227
223.437
239.858
257.055
274.126
290.704
304.011
315.321
325.76
336.28
344.647
353.232
360.339
367.351
373.212
379.773
385.812
391.367
397.127
402.767
408.699
414.368
419.939
425.495
431.641
437.656
443.327
448.95
454.115
459.266
464.047
469.155
474.284
478.626
482.941
487.836
492.13
496.32
500.869
505.197
509.589
513.878
518.22
521.959
526.28
530.664
534.82
539.292
543.162
547.951
552.308
556.811
560.662
564.751
568.596
572.294
576.202
579.993
583.793
587.429
590.95
594.553
597.729
600.86
604.069
607.256
610.181
613.348
616.286
619.245
622.087
625.159
627.956
630.777
633.428
635.995
638.427
641.009
643.35
645.688
647.892
650.375
652.82
655.077
657.294
659.419
661.438
664.015
666.472
668.826
671.144
673.466
675.976
678.123
680.472
682.776
685.15
687.553
689.876
692.138
694.604
697.131
699.704
702.525
704.765
706.976
709.139
711.475
714.028
716.487
718.683
720.76
723.007
725.559
727.849
730.038
732.233
734.677
737.148
739.323
741.698
744.053
746.566
748.858
751.133
753.638
755.966
758.431
760.932
763.615
766.136
768.498
770.976
773.287
775.524
778.099
780.517
783.081
785.487
787.765
790.055
792.372
794.746
796.983
799.353
801.434
803.706
806.08
808.301
810.361
812.487
814.696
816.888
819.214
821.157
823.282
825.209
827.256
829.423
831.447
833.793
835.716
837.642
839.487
841.588
843.879
845.772
847.718
849.648
851.55
853.305
855.16
856.983
858.859
860.735
862.571
864.618
866.408
868.31
869.943
871.95
873.787
875.551
877.307
879.185
880.919
882.686
884.751
886.404
888.188
889.839
891.69
893.645
895.383
897.006
898.795
900.523
902.345
904.037
905.823
907.448
909.122
910.84
912.244
914.021
915.558
917.153
918.729
920.226
921.625
923.184
924.711
926.172
927.644
929.094
930.572
931.983
933.439
934.86
936.283
937.634
938.903
940.202
941.592
942.979
944.352
945.808
947.202
948.629
949.928
951.121
952.47
953.669
955.016
956.359
957.611
958.792
960.067
961.276
962.432
963.524
964.701
965.798
967.03
968.287
969.485
970.734
971.976
973.122
974.209
975.319
976.382
977.552
978.731
979.808
980.875
982.097
983.317
984.409
985.53
986.628
987.599
988.548
989.638
990.633
991.582
992.815
993.87
994.888
995.968
997.14
998.141
999.24
1000.25
1001.34
1002.39
1003.37
1004.33
1005.41
1006.43
1007.38
1008.38
1009.45
1010.46
1011.64
1012.65
1013.68
1014.74
1015.89
1017
1018.21
1019.41
1020.57
1021.75
1022.9
1023.77
1025.06
1026.21
1027.45
1028.48
1029.61
1030.8
1031.94
1033.14
1034.23
1035.5
1036.7
1037.82
1039.09
1040.27
1041.54
1042.55
1043.72
1044.71
1045.92
1046.94
1048.23
1049.34
1050.51
1051.56
1052.68
1053.78
1054.86
1055.95
1056.99
1058.17
1059.22
1060.4
1061.5
1062.66
1063.91
1064.97
1066.14
1067.22
1068.43
1069.52
1070.82
1071.97
1073.18
1074.28
1075.34
1076.44
1077.52
1078.58
1079.74
1080.79
1081.94
1083.11
1084.14
1085.24
1086.2
1087.34
1088.45
1089.48
1090.5
1091.53
1092.61
1093.68
1094.62
1095.66
1096.58
1097.65
1098.72
1099.89
1100.99
1102.07
1103.2
1104.29
1105.2
1106.13
1107.16
1108.21
1109.35
1110.4
1111.41
1112.41
1113.53
1114.59
1115.55
1116.51
1117.62
1118.62
1119.63
1120.72
1121.75
1122.66
1123.66
1124.64
1125.68
1126.64
1127.56
1128.62
1129.6
1130.62
1131.58
1132.49
1133.38
1134.36
