1
12
16.5
19.5
19.5
29.1
29.6
29.7429
29.9929
32.6595
50.1093
69.8166
98.8302
136.975
165.666
191.906
209.926
224.116
236.65
251.081
267.137
279.76
291.561
303.191
314.302
325.179
336.829
346.319
355.258
364.832
372.575
381.708
390.523
399.303
407.78
414.713
420.25
426.162
431.002
436.016
440.87
445.437
450.202
454.214
458.235
462.177
465.998
469.721
473.19
477.04
480.455
483.778
486.582
489.638
492.486
495.524
498.151
500.646
503.145
505.402
507.761
510.399
512.482
514.859
517.255
519.509
521.713
523.895
525.977
528.19
530.175
532.369
534.336
536.379
538.522
540.606
542.788
545.124
547.431
549.69
552.143
554.172
556.442
558.874
561.384
563.96
566.328
568.883
571.63
574.312
576.918
579.627
582.654
585.365
588.506
591.873
594.842
597.781
600.993
604.232
607.101
609.834
612.986
616.193
619.126
621.78
624.816
627.571
630.687
633.405
636.494
639.462
642.501
644.865
647.814
650.555
653.31
656.07
658.876
661.54
664.444
667.156
669.988
673.093
676.087
679.172
682.624
686.04
689.296
692.351
695.976
699.501
702.612
705.768
708.953
711.886
714.636
717.646
720.627
723.395
725.911
728.767
731.45
733.996
736.464
739.306
742.292
745.287
747.82
750.614
753.523
755.971
758.703
761.43
764.075
766.956
769.593
772.134
774.93
777.34
780.24
782.849
785.586
788.213
791.081
793.911
796.743
799.525
801.888
804.438
807.052
809.288
811.662
813.828
816.093
818.391
820.474
822.404
824.439
826.545
828.388
830.167
832.108
833.968
835.604
837.364
839.186
840.926
842.921
844.784
846.521
848.208
849.629
851.226
852.634
854.205
855.809
857.344
858.915
860.445
861.985
863.486
864.986
866.53
867.985
869.413
870.931
872.449
873.875
875.243
876.61
877.898
879.386
880.892
882.233
883.535
884.836
885.978
887.352
888.568
889.814
891.13
892.686
894.098
895.495
896.886
898.336
899.584
900.917
902.28
903.713
905.151
906.494
907.776
909.047
910.428
911.737
913.157
914.4
915.702
917.081
918.313
919.605
920.79
921.877
923.178
924.367
925.588
926.797
927.911
929.155
930.331
931.599
932.83
934.022
935.227
936.459
937.757
939.087
940.214
941.602
942.963
944.182
945.424
946.702
948.04
949.258
950.497
951.704
953.053
954.326
955.424
956.602
957.84
959.049
960.244
961.411
962.508
963.751
964.978
966.082
967.489
968.753
970.074
971.264
972.62
973.838
975.098
976.381
977.614
978.643
979.902
981.17
982.445
983.629
984.982
986.277
987.486
988.636
989.812
991.046
992.39
993.617
994.752
995.805
997.08
998.319
999.598
1000.86
1002.14
1003.48
1004.66
1006.01
1007.09
1008.31
1009.54
1010.96
1012.05
1013.36
1014.59
1015.74
1017
1018.31
1019.51
1020.89
1022.19
1023.53
1024.9
1026.07
1027.13
1028.3
1029.47
1031.01
1032.35
1033.58
1034.8
1036.15
1037.43
1038.65
1039.76
1040.92
1042
1043.19
1044.34
1045.45
1046.5
1047.67
1048.93
1050.04
1051.17
1052.27
1053.34
1054.34
1055.44
1056.5
1057.5
1058.45
1059.35
1060.34
1061.45
1062.49
1063.47
1064.52
1065.65
1066.62
1067.54
1068.62
1069.55
1070.58
1071.54
1072.53
1073.44
1074.32
1075.36
1076.38
1077.36
1078.23
1079.15
1080.06
1080.94
1081.98
1082.92
1083.78
1084.79
1085.7
1086.77
1087.7
1088.59
1089.59
1090.57
1091.45
1092.32
1093.15
1094.11
1095.1
1096
1096.92
1097.84
1098.83
1099.73
1100.76
1101.8
1102.8
1103.85
1104.82
1105.72
1106.62
1107.56
1108.56
1109.52
1110.46
1111.52
1112.52
