2
5
6.5
6.72222
7
7.33333
7.66667
8
9
12.629
17.7991
25.1704
32.2533
36.2468
47.6609
55.9374
62.1291
68.0808
71.8223
75.0588
77.975
80.5539
82.9876
85.1337
87.5151
89.7399
92.1666
94.5973
96.7556
99.1758
101.578
104.17
106.365
108.565
111.066
113.092
115.03
117.335
119.28
121.058
122.522
124.061
125.547
127.025
128.434
129.678
131.095
132.404
133.834
135.135
136.484
137.714
139.008
140.449
141.572
142.884
143.976
145.106
146.218
147.346
148.469
149.757
150.951
152.161
153.418
154.39
155.496
156.551
157.633
158.807
159.99
161.042
162.185
163.294
164.285
165.288
166.175
166.966
167.829
168.704
169.591
170.508
171.514
172.487
173.46
174.334
175.226
176.049
176.915
177.704
178.517
179.313
180.194
181.001
181.869
182.802
183.709
184.536
185.542
186.443
187.34
188.384
189.332
190.347
191.258
192.187
193.102
194.011
194.79
195.594
196.394
197.231
198.046
198.836
199.664
200.454
201.328
202.157
203.041
203.853
204.6
205.41
206.174
206.883
207.597
208.293
209.13
209.998
210.817
211.676
212.509
213.325
214.164
214.931
215.704
216.558
217.387
218.148
218.889
219.715
220.701
221.582
222.385
223.339
224.223
225.082
225.906
226.717
227.507
228.361
229.338
230.204
231.074
232.006
232.906
233.738
234.661
235.569
236.331
237.016
237.808
238.539
239.255
239.892
240.677
241.484
242.25
243.073
243.845
244.611
245.424
246.211
246.989
247.769
248.637
249.482
250.197
250.963
251.573
252.218
252.943
253.605
254.281
255.048
255.676
256.41
257.123
257.798
258.399
259.118
259.833
260.47
261.112
261.702
262.337
262.961
263.592
264.141
264.729
265.297
265.905
266.549
267.165
267.814
268.428
269.057
269.736
270.363
271.014
271.598
272.309
272.91
273.553
274.141
274.841
275.561
276.153
276.933
277.659
278.339
279.02
279.694
280.409
281.015
281.648
282.332
283.048
283.725
284.409
285.213
285.928
286.594
287.23
287.893
288.578
289.28
289.996
290.682
291.391
291.982
292.688
293.286
293.937
294.655
295.344
296.062
296.709
297.398
298.03
298.741
299.381
300.047
300.719
301.396
302.006
302.699
303.335
304.081
304.786
305.5
306.234
306.929
307.659
308.396
309.096
309.785
310.504
311.22
311.99
312.689
313.396
314.121
314.84
315.549
316.204
316.927
317.577
318.253
319.005
319.642
320.33
321.002
321.735
322.497
323.244
323.908
324.626
325.32
326.084
326.863
327.549
328.327
329
329.711
330.332
331.055
331.684
332.328
333.026
333.771
334.433
335.139
335.873
336.509
337.201
337.784
338.395
339.006
339.703
340.469
341.085
341.743
342.443
343.071
343.762
344.518
345.331
346.11
346.794
347.424
348.091
348.789
349.443
350.027
350.671
351.392
351.923
352.516
353.261
353.786
354.394
354.999
355.534
356.061
356.641
357.188
357.82
358.431
358.99
359.548
360.095
360.621
361.243
361.812
362.351
362.999
363.612
364.164
364.758
365.334
365.907
366.535
367.106
367.709
368.351
368.874
369.516
370.09
370.7
371.281
371.871
372.472
373.054
373.857
374.506
375.098
375.744
376.376
376.973
377.668
378.369
378.982
379.662
380.215
380.819
381.456
382.057
382.751
383.422
384.147
384.847
385.595
386.291
387.1
387.775
388.525
389.22
389.901
390.618
391.338
392.059
392.902
393.752
394.555
395.288
396.142
396.983
397.843
398.863
399.707
400.595
401.491
402.505
403.466
404.373
405.223
406.193
407.057
407.886
408.891
409.777
410.572
411.324
412.217
413.137
414.045
414.976
415.866
416.701
417.679
418.673
419.468
420.373
421.22
422.084
422.94
423.847
424.667
425.616
426.492
427.397
428.309
429.192
430.032
430.919
431.759
432.631
433.525
434.359
435.421
436.319
437.28
438.278
439.235
440.141
440.976
442.024
443.036
443.936
444.813
445.897
446.8
447.657
448.711
449.761
450.706
451.716
452.688
453.844
455.011
456.115
457.392
458.497
459.889
461.153
462.239
463.458
464.762
465.917
467.11
468.381
469.673
470.853
472.136
473.713
475.048
476.319
477.924
479.144
480.533
481.988
483.369
484.941
486.545
488.203
489.925
491.658
493.249
495.081
497.022
498.939
501.052
503.533
505.732
508.31
510.96
514.123
517.435
520.608
523.517
526.541
530.052
533.79
538.176
543.741
551.243
563.4
577.541
589.613
599.559
613.395
627.225
695.826
