1
13
14.5
16.5
16.5
23.9
25.2333
27.0905
27.7155
28.9377
44.6978
70.3311
98.1401
134.598
172.424
200.757
223.436
243.049
258.488
270.768
282.267
292.467
302.038
311.107
319.492
326.534
335.18
342.543
349.986
357.063
364.496
371.489
378.679
386.165
392.29
399.316
405.188
411.644
418.325
424.637
431.479
437.181
442.918
448.946
454.935
460.683
465.822
471.14
476.713
481.951
487.211
492.079
497.117
502.342
507.579
513.043
517.956
523.237
528.814
534.614
539.803
545.135
549.803
555.032
559.852
564.818
569.103
573.674
577.543
581.579
585.744
589.654
593.183
596.668
600.284
603.492
606.831
610.287
613.747
617.17
620.289
623.571
626.645
629.968
633.113
636.019
638.905
642.194
645.452
648.159
651.123
654.064
657.309
660.034
663.1
665.801
668.702
671.623
674.441
677.054
679.852
682.884
685.684
688.484
691.689
694.77
697.863
701.217
704.589
708.401
711.981
715.657
719.765
723.653
727.639
731.893
735.01
738.419
741.785
745.091
748.389
751.396
754.513
757.475
760.385
763.538
766.481
769.811
772.666
775.566
778.628
781.368
784.34
787.01
790.309
793.569
796.212
798.74
802.167
805.23
807.962
810.517
813.022
815.623
818.063
820.324
822.673
824.799
826.993
829.182
831.466
833.618
835.935
838.301
840.137
842.523
844.787
846.902
849.049
851.092
853.432
855.567
857.692
859.764
861.895
864.142
866.209
868.342
870.581
872.617
874.439
876.489
878.578
880.728
883.057
885.041
886.901
888.906
890.855
892.845
894.981
897.054
898.962
901.071
903.24
905.51
907.596
909.565
911.625
913.845
916.097
918.068
919.999
921.746
923.788
925.464
927.328
929.55
931.424
933.161
934.825
936.568
938.309
940.235
942.073
943.833
945.667
947.587
949.454
951.228
953.127
954.802
956.599
958.328
960.179
962.074
963.937
965.732
967.526
969.123
970.673
972.448
974.251
975.95
977.682
979.336
981.017
982.733
984.502
986.404
988.095
989.659
991.379
993.112
994.79
996.694
998.304
999.983
1001.63
1003.42
1005.13
1006.81
1008.7
1010.5
1012.25
1013.94
1015.7
1017.23
1019.05
1020.48
1022.06
1023.66
1025.33
1027.1
1028.64
1030.19
1031.81
1033.26
1034.76
1036.22
1037.54
1039
1040.63
1042.24
1043.83
1045.48
1047.09
1048.5
1049.99
1051.34
1052.76
1054.22
1055.6
1057.07
1058.48
1059.93
1061.48
1062.86
1064.22
1065.62
1066.91
1068.33
1069.67
1071.05
1072.36
1073.56
1075
1076.35
1077.64
1078.97
1080.35
1081.72
1083.08
1084.38
1085.73
1086.98
1088.34
1089.63
1090.96
1092.24
1093.63
1094.9
1096.14
1097.51
1098.79
1100.11
1101.35
1102.43
1103.78
1104.98
1106.27
1107.57
1108.75
1110
1111.2
1112.55
1113.78
1115.04
1116.19
1117.48
1118.7
1119.91
1121.01
1122.2
1123.52
1124.77
1126.13
1127.44
1128.75
1130.15
1131.38
1132.56
1134.15
1135.53
1136.86
1138.05
1139.41
1140.74
1141.9
1143.2
1144.44
1145.68
1147.01
1148.27
1149.49
1150.68
1151.89
1153.19
1154.59
1155.83
1157.22
1158.43
1159.62
1160.86
1162.1
1163.37
1164.54
1165.9
1167.16
1168.48
1169.8
1171.08
1172.26
1173.47
1174.79
1176.07
1177.05
1178.28
1179.51
1180.9
1182.14
1183.18
1184.46
1185.62
1186.86
1188
1189.1
1190.18
1191.28
1192.37
1193.55
1194.84
1195.98
1197.01
1198.17
1199.28
1200.48
1201.59
1202.8
1203.86
1205
1206.15
1207.26
1208.41
1209.52
1210.61
1211.78
1213.01
1214.06
1215.13
1216.13
1217.28
1218.39
1219.39
1220.41
1221.55
1222.57
1223.73
1224.76
1225.8
1226.9
1227.9
1228.92
