2
2.33333
3
5
5.66667
6
7.33333
7.5
8
12.9381
21.796
28.6422
39.1606
41.533
49.6569
56.6583
62.519
68.9589
74.6877
80.3527
84.6678
88.3082
92.1439
95.891
100.093
104.538
108.251
112.733
116.671
119.958
123.253
126.374
130.125
133.396
136.717
140.164
143.628
146.607
149.991
152.852
156.181
159.464
162.632
165.415
168.205
171.299
174.013
176.914
180.052
183.017
185.361
188.499
191.11
193.513
195.848
198.221
200.321
202.203
204.533
206.063
207.764
209.342
210.937
212.603
214.175
215.667
217.036
218.584
219.981
221.187
222.479
223.729
225.103
226.32
227.458
228.514
229.559
230.551
231.622
232.672
233.796
234.676
235.526
236.404
237.297
238.164
239.003
239.89
240.733
241.56
242.332
243.053
243.761
244.396
245.029
245.785
246.432
247.134
247.887
248.512
249.145
249.69
250.267
250.942
251.482
252.092
252.634
253.227
253.817
254.442
255.052
255.626
256.176
256.69
257.211
257.801
258.36
258.946
259.488
260.009
260.527
261.051
261.562
262.075
262.498
263.022
263.545
264.093
264.594
265.168
265.626
266.142
266.619
267.223
267.841
268.441
269.132
269.637
270.242
270.845
271.439
272.032
272.601
273.214
273.812
274.424
275.012
275.628
276.202
276.768
277.311
277.807
278.351
278.877
279.447
279.944
280.474
281.093
281.68
282.282
282.854
283.387
283.957
284.58
285.15
285.644
286.092
286.681
287.146
287.715
288.239
288.78
289.332
289.896
290.404
290.914
291.41
291.879
292.364
292.907
293.466
294.019
294.536
294.981
295.438
295.923
296.368
296.825
297.283
297.78
298.244
298.682
299.12
299.634
300.15
300.612
301.033
301.474
301.945
302.39
302.8
303.264
303.64
304.129
304.61
305.074
305.58
305.99
306.461
306.917
307.398
307.791
308.212
308.68
309.287
309.788
310.195
310.646
311.025
311.458
311.86
312.29
312.713
313.167
313.578
313.988
314.436
314.846
315.342
315.768
316.206
316.614
317.034
317.428
317.833
318.233
318.694
319.102
319.505
319.875
320.264
320.684
321.125
321.5
321.898
322.315
322.814
323.273
323.716
324.187
324.631
325.085
325.481
325.917
326.335
326.773
327.195
327.647
328.082
328.513
328.986
329.398
329.852
330.33
330.722
331.168
331.58
331.986
332.452
332.888
333.292
333.745
334.188
334.646
335.112
335.568
336.042
336.552
336.988
337.477
337.986
338.484
338.961
339.491
340.06
340.527
341.032
341.523
342.072
342.587
343.147
343.59
344.068
344.56
345.056
345.613
346.117
346.574
347.042
347.487
347.913
348.396
348.87
349.303
349.707
350.122
350.535
351.028
351.461
351.891
352.324
352.76
353.163
353.579
353.99
354.467
354.833
355.227
355.634
356.052
356.474
356.837
357.255
357.714
358.193
358.607
359.015
359.424
359.883
360.329
360.757
361.171
361.636
362.064
362.51
362.923
363.329
363.734
364.164
364.624
365.028
365.448
365.9
366.333
366.736
367.197
367.61
368.098
368.555
369.034
369.432
369.883
370.36
370.79
371.192
371.608
372.01
372.441
372.922
373.364
373.808
374.273
374.718
375.156
375.604
376.054
376.51
376.897
377.356
377.799
378.173
378.591
379.085
379.568
380
380.445
380.851
381.343
381.75
382.171
382.662
383.113
383.51
383.948
384.37
384.871
385.353
385.739
386.196
386.622
387.057
387.474
387.905
388.343
388.794
389.178
389.599
390.068
390.471
390.934
391.342
391.763
392.21
392.635
393.098
393.539
394.038
394.531
394.981
395.485
396.008
396.466
396.964
397.402
397.932
398.416
398.988
399.539
400.051
400.642
401.173
401.675
402.158
402.664
403.16
403.717
404.316
404.908
405.472
406.093
406.712
407.376
407.999
408.665
409.242
409.895
410.637
411.387
412.109
412.843
413.656
414.397
415.134
415.867
416.739
417.56
418.318
419.097
419.978
420.76
421.56
422.379
423.293
424.11
425.068
426.065
426.97
427.962
428.856
429.939
431.094
432.159
433.196
434.065
435.166
436.259
437.295
438.411
439.52
440.816
442.02
443.253
444.621
445.89
447.263
448.611
450.048
451.389
452.806
454.275
456.092
457.545
459.31
461.124
463.308
465.215
467.227
469.291
471.325
473.198
475.053
477.089
479.269
481.148
483.215
485.205
487.499
490.278
492.676
495.324
498.648
501.939
507.006
512.849
517.885
525.588
532.645
539.567
549.739
575.39
609.114
664.251
748.572
