2
2.75
3
3.5
3.81944
4
4.25
5.14444
5.5
10.7544
13.6926
21.8637
35.4356
39.9862
50.3436
61.7385
69.2484
74.9131
80.0474
83.9388
88.2474
92.03
95.8249
98.9359
101.995
104.87
107.106
109.18
111.162
113
114.86
116.681
118.445
120.077
121.649
123.231
124.602
125.991
127.322
128.79
130.195
131.467
132.802
134.242
135.31
136.571
137.793
139.015
140.177
141.268
142.37
143.499
144.631
145.818
146.958
148.005
148.965
149.968
150.965
151.883
152.915
153.801
154.697
155.591
156.61
157.528
158.541
159.589
160.703
161.7
162.84
163.88
164.979
165.954
167.032
168.175
169.233
170.215
171.347
172.394
173.36
174.258
175.277
176.304
177.382
178.279
179.289
180.215
181.226
182.244
183.179
184.043
184.872
185.781
186.607
187.425
188.266
189.079
189.921
190.787
191.685
192.541
193.331
194.302
195.256
196.267
197.31
198.256
199.282
200.145
201.265
202.254
203.171
204.094
204.976
205.859
206.747
207.506
208.295
209.08
209.858
210.656
211.572
212.383
213.223
214.085
214.909
215.708
216.498
217.31
218.125
218.945
219.703
220.53
221.352
222.214
223.045
223.796
224.44
225.208
225.984
226.824
227.586
228.307
229.081
229.804
230.573
231.415
232.111
233.029
233.792
234.63
235.594
236.613
237.593
238.541
239.457
240.385
241.376
242.424
243.455
244.439
245.379
246.338
247.331
248.296
249.351
250.336
251.351
252.217
253.223
254.088
255.069
256.002
256.947
257.946
259.025
259.977
260.942
262.007
262.928
263.989
265.164
266.112
266.999
267.918
268.839
269.925
270.927
271.943
272.997
273.967
274.809
275.933
276.853
277.759
278.723
279.587
280.434
281.368
282.174
283.049
283.84
284.663
285.452
286.247
287.018
287.835
288.538
289.339
290.128
290.854
291.576
292.345
293.115
293.843
294.543
295.2
295.961
296.613
297.293
297.918
298.572
299.244
299.927
300.614
301.358
301.901
302.539
303.179
303.851
304.482
305.082
305.683
306.266
306.816
307.491
307.966
308.521
309.104
309.655
310.242
310.884
311.499
312.123
312.623
313.15
313.678
314.265
314.824
315.352
315.887
316.427
317
317.527
318.155
318.765
319.292
319.92
320.498
321.066
321.622
322.198
322.745
323.266
323.881
324.509
325.132
325.72
326.297
326.847
327.476
328.009
328.587
329.113
329.649
330.181
330.734
331.228
331.809
332.362
332.922
333.39
333.964
334.548
335.131
335.752
336.278
336.784
337.442
338.013
338.543
339.149
339.792
340.421
341.06
341.681
342.359
342.913
343.488
344.085
344.708
345.254
345.837
346.485
347.157
347.839
348.544
349.213
349.915
350.532
351.072
351.701
352.397
353.027
353.667
354.284
354.915
355.584
356.309
356.966
357.624
358.296
358.937
359.622
360.238
360.856
361.465
362.099
362.827
363.421
364.132
364.815
365.475
366.163
366.758
367.392
368.099
368.828
369.535
370.165
370.913
371.556
372.269
373.074
373.772
374.507
375.141
375.866
376.742
377.515
378.248
379.046
379.879
380.641
381.421
382.345
383.281
384.111
384.839
385.805
386.717
387.636
388.631
389.624
390.493
391.443
392.384
393.302
394.181
395.096
396.1
396.968
397.862
398.854
399.871
400.862
401.987
403.027
404.133
405.234
406.401
407.545
408.77
410.029
411.193
412.44
413.577
414.762
415.893
417.176
418.404
419.755
420.825
422.156
423.315
424.628
425.933
427.288
428.814
430.32
431.527
432.74
434.168
436.01
437.445
438.813
440.298
441.908
443.53
445.185
446.588
448.204
449.792
451.583
453.42
455.244
457.151
459.216
461.223
463.039
464.877
466.923
468.559
470.163
471.927
473.462
475.155
476.812
478.597
480.426
482.077
483.803
485.529
487.127
488.761
490.339
491.655
492.899
494.143
495.461
496.74
498.092
499.38
500.683
501.796
503.024
504.044
505.234
506.224
507.414
508.487
509.67
510.795
511.937
512.971
514.103
515.188
516.411
517.473
518.584
519.661
520.828
521.888
522.997
524.059
524.921
525.85
526.819
527.934
528.891
529.914
531.046
532.008
533.03
534.012
535.085
536.089
537.155
538.271
539.303
540.437
541.83
543.087
544.524
546.28
547.79
549.681
551.574
553.639
555.526
557.927
559.854
561.968
564.281
567.171
570.075
572.427
575.444
578.094
580.94
583.731
587.451
591.409
595.896
601.279
608.211
615.733
627.681
652.995
665.752
679.411
734.297
