1
13
13
16.3333
26.5833
27.3833
28.2167
28.6452
29.6452
39.8675
52.0623
70.9037
90.1386
124.924
161.005
183.568
199.259
213.215
226.894
241.378
254.593
264.864
274.069
283.177
291.494
301.085
309.092
317.62
325.591
333.594
340.034
347.685
354.239
359.904
366.842
372.362
378.52
385.833
393.06
399.399
404.989
409.715
414.28
419.005
423.073
426.91
430.695
434.689
438.071
441.307
444.514
447.475
450.508
453.601
456.714
460.037
463.334
466.691
470.085
473.095
476.115
479.599
482.517
485.181
488.328
491.382
494.12
496.996
499.953
502.634
505.54
508.204
511.248
513.96
517.188
519.608
522.521
525.029
527.595
530.197
532.773
535.751
538.676
541.369
543.952
546.335
548.989
551.771
554.658
557.566
560.065
562.5
564.999
567.561
570.352
572.979
575.615
578.535
581.276
584.168
586.935
589.739
592.611
595.24
598.201
601.213
604.226
607.581
610.566
613.138
616.127
618.948
621.934
624.569
627.8
630.264
632.971
635.481
638.123
640.896
643.967
646.818
649.528
652.003
654.609
657.228
659.572
662.221
664.716
667.191
670.258
673.068
675.831
678.724
681.589
684.77
687.887
691.317
694.105
697.503
701.303
704.066
707.256
710.227
713.204
715.996
718.779
721.739
724.54
727.048
729.693
731.99
734.696
736.91
739.365
741.409
743.544
745.705
748.04
750.232
752.572
754.624
756.624
758.971
761.019
763.079
765.277
767.383
769.713
771.8
773.884
775.881
777.782
779.874
781.845
783.94
785.825
787.93
789.837
791.723
793.602
795.369
797.309
799.239
801.058
802.866
804.665
806.385
808.091
809.661
811.394
813.288
815.062
816.849
818.389
819.995
821.578
823.419
824.951
826.676
828.289
829.855
831.349
832.958
834.464
836.103
837.665
839.215
840.71
842.149
843.81
845.39
846.809
848.227
849.744
851.388
852.847
854.546
855.968
857.323
858.726
860.156
861.397
862.936
864.253
865.73
867.164
868.538
869.794
871.018
872.235
873.35
874.608
875.874
877.059
878.315
879.69
880.893
882.139
883.307
884.55
885.7
886.978
888.078
889.166
890.442
891.546
892.711
893.965
895.217
896.582
897.671
898.861
899.923
901.025
902.106
903.224
904.289
905.355
906.544
907.665
908.657
909.787
910.994
911.977
913.072
914.097
915.275
916.38
917.47
918.623
919.642
920.741
921.788
922.781
923.996
925.145
926.231
927.388
928.395
929.437
930.543
931.731
932.789
933.765
934.764
935.832
936.896
938.001
939.098
940.238
941.293
942.455
943.523
944.722
945.87
947.052
948.111
949.268
950.4
951.629
952.672
953.688
954.704
955.808
956.939
958.023
959.028
960.003
961.08
962.297
963.395
964.46
965.393
966.428
967.489
968.566
969.733
970.709
971.728
972.792
973.785
974.83
976.03
976.981
977.977
979.021
980.088
981.156
982.312
983.354
984.406
985.401
986.425
987.389
988.423
989.394
990.587
991.569
992.586
993.663
994.637
995.751
996.834
997.767
998.903
999.854
1000.83
1001.84
1002.88
1003.84
1004.88
1005.79
1006.89
1007.92
1008.98
1009.9
1010.96
1011.86
1012.89
1013.78
1014.72
1015.63
1016.52
1017.48
1018.49
1019.42
1020.48
1021.51
1022.54
1023.52
1024.43
1025.49
1026.49
1027.55
1028.66
1029.66
1030.65
1031.58
1032.61
1033.71
1034.62
1035.71
1036.74
1037.69
1038.75
1039.69
1040.76
1041.7
1042.73
1043.78
1044.66
1045.58
1046.54
1047.53
1048.41
1049.28
1050.23
1051.21
1052.04
1052.97
1053.85
1054.78
1055.74
1056.7
1057.6
1058.51
1059.54
1060.44
1061.49
1062.45
1063.28
1064.16
