1
12
16
16.3333
18.5833
21.1833
22.1833
26.8976
27.1476
30.9254
48.9828
68.0354
87.8963
118.818
169.352
201.294
225.756
249.013
266.401
280.165
291.771
302.285
312.05
323.166
333.544
343.516
352.416
361.164
369.441
377.22
385.59
394.103
403.39
411.955
420.721
430.687
441.28
450.803
459.794
467.744
475.262
482.417
488.392
493.733
499.234
503.263
507.439
511.61
515.431
518.947
522.365
525.635
529.044
532.674
535.833
539.062
542.15
545.22
548.083
550.996
553.84
556.981
559.691
562.307
564.669
567.174
570.098
572.84
574.978
577.248
579.437
581.915
584.436
586.799
588.927
590.876
593.163
595.319
597.692
599.732
602.061
604.316
606.433
608.728
610.898
613.547
615.789
618.269
620.626
622.791
625.153
627.321
629.442
631.761
633.637
635.785
638.119
640.009
642.071
643.955
645.692
647.762
649.874
651.707
653.58
655.451
657.155
658.88
660.718
662.498
664.276
666.467
668.412
670.248
672.158
673.861
675.609
677.533
679.205
681.166
683.031
684.805
686.688
688.405
690.117
691.799
693.373
694.898
696.65
698.207
699.906
701.481
702.983
704.643
706.251
708.01
709.62
711.164
712.496
713.969
715.467
717.269
718.827
720.322
722.058
723.694
725.399
726.938
728.629
730.405
732.188
733.867
735.411
737.042
738.705
740.36
742.113
743.811
745.492
747.329
749.024
750.68
752.377
754.005
755.709
757.382
759.049
760.639
762.117
763.885
765.408
766.818
768.516
770.13
771.91
773.368
774.972
776.685
778.225
779.7
781.235
782.776
784.427
785.884
787.19
788.808
790.387
791.879
793.531
795.039
796.698
798.256
799.864
801.398
802.891
804.345
806.008
807.446
808.954
810.638
811.985
813.343
814.783
816.561
818.116
819.974
821.748
823.457
825.093
826.669
828.37
830.059
831.831
833.637
835.436
837.073
838.86
840.614
842.233
843.85
845.686
847.433
849.004
850.543
852.238
853.646
855.453
857.127
858.618
860.175
861.602
863.175
864.523
866.063
867.515
868.947
870.352
871.661
873.159
874.429
875.702
876.943
878.521
879.904
881.217
882.511
883.805
884.974
886.161
887.28
888.482
889.676
890.857
891.882
893.013
894.082
895.055
896.198
897.356
898.499
899.598
900.675
901.756
902.678
903.748
904.752
905.698
906.761
907.832
908.737
909.672
910.53
911.505
912.496
913.437
914.306
915.294
916.294
917.363
918.355
919.343
920.306
921.234
922.182
923.085
924.105
925.077
926.048
926.955
927.934
928.937
929.94
930.9
931.781
932.715
933.668
934.614
935.656
936.634
937.657
938.667
939.585
940.584
941.656
942.601
943.73
944.838
945.919
946.886
947.919
948.906
950.038
951.085
952.024
953.155
954.085
955.018
956.015
957.102
958.168
959.238
960.351
961.253
962.336
963.39
964.478
965.502
966.531
967.568
968.47
969.401
970.376
971.36
972.358
973.294
974.351
975.386
976.288
977.313
978.218
979.262
980.294
981.265
982.296
983.259
984.173
985.138
986.076
987.054
987.905
988.825
989.704
990.684
991.625
992.509
993.447
994.348
995.302
996.273
997.302
998.233
999.152
1000.01
1000.85
1001.8
1002.65
1003.62
1004.57
1005.39
1006.29
1007.23
1008.1
1008.94
1009.9
1010.84
1011.66
1012.53
1013.42
1014.4
1015.23
1016.02
1016.92
1017.85
1018.78
1019.78
1020.68
1021.6
1022.42
1023.3
1024.2
1025.02
1025.83
1026.63
1027.4
1028.22
1029.15
1030.05
1030.85
1031.71
1032.56
1033.39
1034.23
1035.09
1035.9
1036.79
1037.6
1038.46
1039.27
1040.12
1040.91
1041.77
1042.56
1043.33
