3
4
4.33333
6
6.75595
7.28929
7.33333
8.08929
8.33333
12.0779
15.3727
23.4394
34.6313
37.7894
45.8449
55.8646
63.6537
69.2097
73.4182
76.8442
80.0905
83.2455
86.145
89.2463
92.1336
95.4149
98.3914
101.72
104.519
107.645
110.487
113.164
115.876
118.608
121.714
124.687
127.436
130.068
132.875
135.226
137.842
140.201
142.398
144.271
146.293
147.993
150.175
152.031
153.891
156.024
157.879
159.943
162.484
165.004
167.788
170.903
174.044
176.959
179.977
182.196
184.074
185.773
187.344
188.834
190.226
191.625
193.19
194.548
195.923
197.252
198.696
200.169
201.492
202.874
204.259
205.591
206.853
207.99
209.15
210.233
211.31
212.415
213.324
214.286
215.168
216.022
216.948
217.91
218.746
219.521
220.446
221.364
222.306
223.031
223.982
224.742
225.515
226.384
227.268
228.11
228.89
229.666
230.448
231.168
231.941
232.607
233.378
234.069
234.788
235.473
236.192
236.912
237.579
238.35
239.062
239.719
240.308
240.954
241.534
242.156
242.83
243.465
244.136
244.706
245.268
245.912
246.51
247.067
247.743
248.324
248.943
249.547
250.147
250.798
251.384
251.997
252.565
253.188
253.737
254.325
254.881
255.447
256.024
256.653
257.285
257.971
258.522
259.169
259.818
260.444
261.14
261.777
262.507
263.178
263.792
264.393
265.076
265.781
266.399
267.081
267.707
268.382
268.909
269.551
270.133
270.714
271.277
271.901
272.441
273.004
273.634
274.187
274.787
275.355
275.866
276.487
276.993
277.513
278.087
278.704
279.228
279.817
280.427
281.066
281.687
282.279
282.884
283.55
284.077
284.679
285.314
286.063
286.642
287.177
287.804
288.343
288.945
289.5
289.992
290.532
291.096
291.633
292.24
292.777
293.337
293.933
294.57
295.116
295.666
296.243
296.839
297.369
297.935
298.49
299.167
299.804
300.384
301.017
301.487
302.091
302.64
303.241
303.837
304.428
304.951
305.47
306.022
306.514
307.004
307.547
308.032
308.546
309.064
309.555
310.033
310.534
311.126
311.655
312.149
312.636
313.127
313.679
314.241
314.728
315.201
315.697
316.212
316.692
317.196
317.709
318.2
318.714
319.221
319.709
320.196
320.688
321.166
321.616
322.124
322.549
323.042
323.542
324.172
324.653
325.14
325.633
326.091
326.637
327.194
327.733
328.238
328.739
329.245
329.705
330.21
330.68
331.248
331.751
332.232
332.747
333.206
333.704
334.235
334.776
335.295
335.806
336.267
336.801
337.366
337.921
338.417
338.96
339.435
339.917
340.43
340.971
341.513
342.008
342.565
343.151
343.688
344.348
344.889
345.451
345.976
346.443
347.012
347.592
348.143
348.689
349.178
349.77
350.28
350.926
351.514
352.084
352.648
353.197
353.75
354.332
354.877
355.444
355.943
356.556
357.112
357.643
358.195
358.76
359.295
359.833
360.434
361.016
361.606
362.176
362.76
363.279
363.83
364.391
364.894
365.48
365.993
366.568
367.124
367.643
368.225
368.79
369.361
369.928
370.475
371.012
371.511
372.035
372.592
373.103
373.687
374.248
374.766
375.345
376.012
376.544
377.058
377.689
378.261
378.915
379.484
380.047
380.67
381.276
381.859
382.413
382.98
383.592
384.184
384.789
385.317
385.909
386.464
387.034
387.584
388.217
388.855
389.362
389.97
390.554
391.133
391.763
392.346
392.91
393.472
394.008
394.569
395.129
395.689
396.338
396.926
397.477
398.029
398.619
399.139
399.721
400.323
400.893
401.394
401.943
402.511
403.105
403.721
404.259
404.879
405.469
406.067
406.804
407.401
408.063
408.66
409.264
409.889
410.525
411.202
411.905
412.555
413.25
413.901
414.593
415.24
415.848
416.531
417.268
418.006
418.674
419.393
420.055
420.753
421.395
422.001
422.693
423.385
424.071
424.731
425.561
426.38
427.151
427.945
428.685
429.494
430.289
431.146
431.978
432.973
433.769
434.821
435.754
436.608
437.529
438.731
439.76
440.943
441.991
443.099
444.418
445.628
446.955
448.289
449.879
451.493
453.109
454.634
456.444
458.308
460.216
462.973
465.618
468.322
470.838
473.58
476.145
479.122
482.552
486.406
490.133
494.87
499.121
503.865
507.695
511.719
515.86
520.318
525.287
530.29
534.918
539.398
543.241
546.015
548.931
552.419
555.772
559.119
562.413
566.081
569.962
573.832
577.913
582.28
587.012
591.092
595.578
601.82
609.144
616.908
625.388
636.99
659.677
701.785
