2
3
3.83333
4
4.75
5
5
5.10294
5.5
12.5
19.8007
31.0892
40.3346
45.4342
53.7064
61.9873
66.8742
70.9764
74.4989
77.8991
81.2891
84.9118
89.949
93.8292
97.5128
100.214
102.896
105.527
108.007
110.176
112.523
114.254
115.908
117.594
119.509
120.964
122.449
123.781
125.151
126.586
128.204
129.626
131.335
132.937
134.667
136.147
137.82
139.268
140.653
142.037
143.574
144.848
146.468
148.022
149.439
150.799
152.529
154.091
155.801
157.493
159.284
160.916
162.677
164.521
166.484
168.516
170.247
172.081
173.736
175.389
177.006
178.483
179.898
181.327
182.907
184.517
185.799
187.272
188.781
190.047
191.285
192.626
193.753
194.879
195.973
197.345
198.593
200.048
201.312
202.578
203.953
205.277
206.598
207.835
209.17
210.236
211.349
212.525
213.673
214.645
215.728
216.831
217.949
219.069
220.088
221.127
222.257
223.545
224.731
225.823
227.001
227.966
229.098
230.09
231.126
232.303
233.343
234.425
235.586
236.587
237.637
238.886
240.194
241.39
242.495
243.773
244.987
246.27
247.284
248.333
249.481
250.554
251.688
252.896
254.136
255.227
256.29
257.194
258.023
259.005
259.897
260.705
261.608
262.485
263.305
264.069
264.918
265.674
266.522
267.427
268.267
269.102
269.965
270.749
271.597
272.395
273.201
274.073
274.822
275.775
276.573
277.373
278.183
278.962
279.694
280.557
281.344
282.004
282.695
283.411
284.147
284.882
285.613
286.314
286.935
287.642
288.239
288.864
289.496
290.213
290.881
291.544
292.256
292.861
293.452
294.019
294.746
295.392
295.96
296.6
297.248
297.819
298.471
299.063
299.636
300.29
301.039
301.599
302.299
303.007
303.564
304.265
304.918
305.638
306.237
306.866
307.59
308.226
308.841
309.485
310.185
310.89
311.587
312.225
312.803
313.358
313.996
314.658
315.219
315.846
316.603
317.227
317.957
318.649
319.219
319.936
320.517
321.175
321.886
322.522
323.116
323.821
324.441
325.149
325.737
326.38
327.01
327.7
328.406
329.06
329.768
330.439
331.152
331.725
332.376
333.043
333.684
334.435
334.948
335.614
336.221
336.866
337.454
338.041
338.631
339.24
339.855
340.467
341.065
341.679
342.22
342.868
343.423
344.033
344.551
345.339
345.922
346.493
347.101
347.713
348.336
348.933
349.542
350.127
350.766
351.408
352.135
352.803
353.494
354.164
354.767
355.369
355.993
356.671
357.278
357.912
358.586
359.158
359.749
360.38
361.016
361.696
362.414
363.113
363.739
364.359
365.026
365.694
366.241
366.916
367.551
368.325
368.948
369.707
370.341
370.997
371.605
372.34
372.977
373.533
374.154
374.879
375.469
376.066
376.754
377.358
378.003
378.582
379.241
379.841
380.52
381.235
381.929
382.575
383.247
383.946
384.659
385.243
385.881
386.579
387.305
387.994
388.674
389.359
390.092
390.797
391.563
392.243
392.929
393.641
394.38
395.106
395.814
396.586
397.274
398.041
398.73
399.482
400.206
400.999
401.818
402.506
403.186
403.959
404.708
405.5
406.237
407.023
407.825
408.619
409.283
410.087
410.922
411.716
412.496
413.318
414.069
414.809
415.631
416.44
417.27
418.216
419.09
419.842
420.651
421.447
422.242
423.169
424.013
424.895
425.738
426.54
427.365
428.166
429.015
429.974
430.755
431.494
432.191
432.953
433.708
434.514
435.395
436.259
437.187
437.999
438.822
439.771
440.54
441.417
442.225
443.108
444.026
444.949
445.776
446.724
447.661
448.709
449.752
450.704
451.695
452.798
453.75
454.818
455.995
457.165
458.323
459.57
460.666
461.965
463.232
464.298
465.355
466.546
467.641
468.85
470.262
471.535
472.771
473.945
475.249
476.573
478.105
479.427
480.858
482.566
484.348
485.891
487.672
489.496
491.425
493.644
495.738
497.933
500.418
503.118
505.796
508.788
511.802
514.774
519.132
524.146
530.555
535.931
540.986
544.949
548.659
552.283
555.504
558.869
562.22
565.614
568.614
571.376
574.094
576.402
578.291
580.159
581.898
583.667
585.425
587.177
589.012
590.542
592.177
594.119
596.332
597.995
599.983
601.871
603.614
605.358
607.283
609.212
610.847
612.654
614.508
616.216
617.713
619.105
620.737
622.127
623.884
625.449
627.396
629.124
630.925
632.713
634.655
637.188
639.373
642.069
644.351
648.12
651.552
656.019
660.629
667.307
674.184
682.87
697.547
726.51
860.43
