2
4
4
4.25
5
5
5.16667
5.33333
6
9.47619
12.7784
19.6553
26.6188
29.6252
37.0639
43.845
51.1438
58.2125
65.371
73.0343
79.11
83.2492
86.7351
89.9283
93.0044
95.8967
98.7695
101.55
104.286
106.864
109.295
112.003
114.33
116.69
118.816
120.995
123.357
125.862
127.972
130.305
132.229
134.138
136.39
138.291
140.145
142.315
144.146
145.948
147.892
149.665
151.563
153.228
155.328
157.174
158.871
160.547
162.529
164.483
166.179
168.179
170.176
171.752
173.408
175.185
176.872
178.469
180.006
181.619
183.295
184.711
186.107
187.634
189.166
190.66
192.09
193.234
194.662
196.105
197.544
198.99
200.422
201.707
203.348
204.862
206.203
207.416
208.676
209.863
210.857
211.899
212.944
213.897
215.018
216.016
217.088
218.057
219.102
220.157
221.295
222.227
223.154
223.982
224.95
225.757
226.53
227.417
228.208
228.875
229.73
230.533
231.5
232.318
233.232
234.021
234.833
235.676
236.517
237.283
238.073
238.853
239.662
240.42
241.236
242.055
242.764
243.536
244.243
244.97
245.715
246.487
247.209
248.029
248.769
249.471
250.215
250.999
251.826
252.626
253.314
254.13
254.866
255.699
256.398
257.208
258.054
258.926
259.755
260.659
261.557
262.461
263.381
264.239
265.176
266.148
267.133
267.998
268.828
269.736
270.473
271.299
272.218
273.048
273.854
274.641
275.477
276.267
277.145
278.089
278.952
279.783
280.734
281.631
282.392
283.266
284.091
285.14
286.111
286.946
287.858
288.784
289.839
290.778
291.703
292.699
293.606
294.601
295.671
296.658
297.718
298.819
299.823
300.872
301.862
302.821
303.666
304.59
305.666
306.581
307.693
308.713
309.813
310.868
311.955
313.047
314.043
315.059
316.049
317.06
318.174
319.328
320.36
321.494
322.549
323.732
324.846
326.072
327.311
328.558
329.681
330.877
331.997
333.128
334.379
335.513
336.497
337.474
338.512
339.553
340.404
341.335
342.317
343.215
344.092
345.067
345.918
346.771
347.723
348.542
349.384
350.22
350.986
351.832
352.661
353.496
354.293
355.173
355.982
356.775
357.522
358.37
359.084
359.772
360.492
361.313
362.156
362.89
363.649
364.404
365.169
365.84
366.476
367.223
367.896
368.621
369.304
369.953
370.713
371.466
372.239
372.964
373.619
374.285
375.019
375.716
376.46
377.204
377.91
378.666
379.385
380.048
380.743
381.4
382.071
382.792
383.469
384.062
384.74
385.385
386.002
386.535
387.177
387.825
388.501
389.153
389.806
390.459
391.084
391.713
392.334
392.942
393.582
394.179
394.765
395.476
396.164
396.827
397.556
398.172
398.89
399.479
400.153
400.839
401.505
402.15
402.841
403.599
404.33
405.026
405.739
406.461
407.141
407.936
408.623
409.305
409.958
410.727
411.471
412.247
413.027
413.731
414.472
415.159
415.913
416.641
417.48
418.238
418.965
419.78
420.472
421.162
421.949
422.71
423.482
424.255
425.068
425.882
426.705
427.537
428.446
429.249
430.035
430.971
431.791
432.512
433.403
434.206
435.068
435.982
436.787
437.566
438.265
439.132
439.835
440.558
441.347
442.052
442.837
443.625
444.47
445.223
446.057
446.82
447.612
448.356
449.178
449.943
450.856
451.531
452.385
453.167
454.031
454.839
455.626
456.477
457.206
458.083
458.808
459.646
460.498
461.323
462.187
463.049
463.939
464.816
465.613
466.423
467.402
468.262
469.173
469.978
471.06
471.968
472.865
473.863
474.838
475.888
476.813
477.776
478.786
479.867
480.786
481.74
482.815
483.82
484.756
485.843
486.854
487.971
488.999
489.87
490.858
491.686
492.733
493.701
494.65
495.606
496.527
497.651
498.92
500.106
501.193
502.269
503.392
504.399
505.525
506.737
507.826
509.007
510.26
511.425
512.473
513.575
514.671
515.803
517.075
518.316
519.674
521.214
522.553
524.036
525.499
527.053
528.763
530.336
532.059
533.881
535.705
537.802
539.774
542.152
544.284
546.775
549.382
552.652
555.812
559.047
562.478
565.232
567.935
570.599
573.14
575.749
578.207
580.976
583.268
585.753
587.798
590.124
592.278
594.695
597.075
599.416
601.664
604.246
606.821
609.711
612.722
615.979
619.333
624.524
629.373
633.7
638.5
643.705
648.351
654.002
659.274
665.066
670.044
675.968
680.574
685.504
690.792
696.496
702.566
708.174
714.696
721.584
729.417
737.981
747.996
760.376
811.477
