2
2.4
3
3.58182
3.8
4
4.4
5.08333
5.19444
9.57953
13.4049
18.3384
27.4092
31.637
40.426
47.2354
52.9394
58.6199
62.853
66.6933
70.3754
73.6321
76.3024
79.3496
82.0941
84.8656
87.4324
89.6229
91.7216
93.7418
95.5408
97.5385
99.2342
100.907
102.525
104.009
105.392
106.89
108.287
109.64
110.809
112.081
113.592
114.744
116.072
117.344
118.564
119.741
120.894
122.166
123.339
124.387
125.551
126.622
127.702
128.779
129.767
130.929
132.013
133.261
134.297
135.41
136.549
137.648
138.701
139.724
140.939
141.998
143.115
144.104
145.164
146.263
147.193
148.271
149.397
150.348
151.163
152.128
153.032
154.027
154.932
155.746
156.631
157.545
158.389
159.287
160.035
160.871
161.766
162.579
163.351
164.132
164.863
165.694
166.518
167.247
168.028
168.699
169.382
170.08
170.726
171.395
172.203
172.746
173.399
174.095
174.707
175.342
175.981
176.632
177.275
177.845
178.52
179.117
179.813
180.413
181.061
181.678
182.306
182.867
183.507
184.092
184.768
185.321
185.919
186.512
187.053
187.584
188.129
188.757
189.25
189.814
190.402
190.901
191.43
191.951
192.434
192.965
193.53
194.042
194.505
194.953
195.459
195.949
196.441
196.911
197.423
197.895
198.456
198.931
199.359
199.858
200.315
200.772
201.298
201.821
202.31
202.83
203.327
203.786
204.216
204.703
205.213
205.669
206.185
206.793
207.284
207.792
208.304
208.79
209.226
209.661
210.048
210.467
210.975
211.455
211.883
212.367
212.812
213.315
213.851
214.319
214.78
215.27
215.751
216.225
216.681
217.175
217.632
218.091
218.56
218.987
219.41
219.879
220.309
220.757
221.231
221.675
222.1
222.566
223.026
223.462
223.903
224.363
224.799
225.266
225.744
226.244
226.662
227.099
227.578
228.009
228.466
228.87
229.269
229.682
230.138
230.647
231.122
231.651
232.082
232.586
233.074
233.591
234.11
234.563
235.105
235.598
236.096
236.612
237.14
237.579
238.071
238.558
239.063
239.538
240.017
240.46
240.945
241.418
241.909
242.302
242.72
243.128
243.583
244.069
244.505
244.93
245.41
245.868
246.27
246.778
247.254
247.67
248.111
248.571
249.043
249.517
249.955
250.394
250.842
251.376
251.814
252.291
252.75
253.185
253.606
254.041
254.507
254.975
255.394
255.834
256.293
256.773
257.264
257.721
258.224
258.711
259.151
259.598
260.121
260.645
261.086
261.562
262.022
262.443
262.98
263.53
264.035
264.436
264.89
265.373
265.878
266.331
266.758
267.167
267.591
268.05
268.521
268.974
269.363
269.847
270.362
270.821
271.288
271.711
272.181
272.63
273.135
273.63
274.106
274.582
275.027
275.492
275.964
276.435
276.795
277.214
277.672
278.111
278.551
279.057
279.523
280.064
280.55
280.991
281.479
281.9
282.4
282.982
283.463
283.942
284.371
284.848
285.305
285.786
286.212
286.717
287.266
287.76
288.269
288.781
289.204
289.595
290.094
290.574
291.066
291.538
291.962
292.49
292.943
293.417
293.917
294.387
294.919
295.365
295.872
296.392
296.885
297.44
297.861
298.338
298.842
299.397
299.906
300.474
300.932
301.409
301.919
302.454
302.931
303.429
303.94
304.424
304.94
305.437
305.927
306.42
306.883
307.373
307.925
308.451
308.984
309.482
310.031
310.549
311.065
311.598
312.168
312.734
313.265
313.781
314.381
314.973
315.554
316.108
316.758
317.3
317.96
318.548
319.135
319.732
320.421
321.016
321.588
322.16
322.828
323.425
324.079
324.716
325.354
326.004
326.755
327.437
328.151
328.962
329.7
330.516
331.205
331.991
332.702
333.56
334.369
335.329
336.224
337.137
338.049
339.039
340.139
341.189
342.265
343.271
344.268
345.274
346.329
347.397
348.592
349.691
350.899
352.116
353.362
354.614
356.083
357.302
358.437
359.656
360.877
362.033
363.258
364.529
365.991
367.663
369.26
370.778
372.359
373.914
375.324
376.894
378.443
379.927
381.508
383.184
385.134
386.806
388.677
390.698
392.955
395.768
398.51
401.306
405.085
409.505
414.243
418.971
424.041
429.744
436.022
444.074
466.347
480.465
490.666
499.177
508.065
517.265
523.801
528.404
532.545
536.864
540.889
545.3
549.571
553.522
557.78
562.523
567.304
572.745
577.058
581.308
584.929
588.981
593.149
597.752
603.102
608.704
618.702
638.607
649.863
656.648
664.143
670.568
679.262
693.251
760.946
