2
2.5
3
4
4
4.25
4.33333
6
7.00198
10.8181
16.5
23.2446
33.179
37.0403
45.7942
52.7306
59.4089
65.2634
71.6862
78.2403
84.3479
89.4788
94.4704
99.9556
104.562
108.809
112.605
115.504
117.828
120.146
122.709
124.742
126.758
129.101
131.097
132.75
134.702
136.621
138.318
139.878
141.481
143.208
145.194
147.225
148.902
150.631
152.162
154.009
155.766
157.546
159.489
161.715
163.474
165.441
167.387
169.358
171.35
173.162
174.952
176.55
178.211
180.477
182.352
184.223
185.988
187.773
189.538
191.199
192.915
194.463
195.873
197.468
198.862
200.13
201.408
202.754
203.979
205.194
206.517
207.86
209.199
210.61
211.917
213.27
214.753
216.507
218.253
219.888
221.531
223.142
224.604
226.297
227.926
229.751
231.315
232.805
234.259
235.721
237.279
238.711
240.167
241.601
243.068
244.558
246.119
247.315
248.73
250.186
251.446
252.842
254.218
255.679
257.068
258.245
259.352
260.325
261.389
262.358
263.274
264.153
264.96
265.771
266.538
267.312
267.98
268.768
269.494
270.225
271.016
271.762
272.462
273.216
273.969
274.779
275.462
276.153
276.816
277.53
278.255
278.983
279.709
280.364
281.147
281.935
282.844
283.672
284.415
285.183
285.872
286.681
287.589
288.311
289.123
289.887
290.689
291.511
292.322
293.187
294.002
294.896
295.875
296.656
297.563
298.481
299.351
300.138
300.997
301.837
302.688
303.529
304.501
305.5
306.586
307.584
308.577
309.574
310.648
311.624
312.576
313.715
314.899
316.052
317.272
318.358
319.375
320.468
321.635
322.875
324.081
325.054
326.085
327.065
328.015
328.988
330.036
331.019
332.075
333.106
334.018
334.994
336.138
337.103
338.082
339
339.941
341.019
341.829
342.769
343.781
344.73
345.643
346.659
347.627
348.54
349.521
350.462
351.407
352.522
353.388
354.222
355.182
356.122
357.105
357.95
358.91
359.963
360.85
361.732
362.547
363.307
364.103
364.93
365.631
366.453
367.135
367.854
368.429
369.114
369.729
370.46
371.162
371.832
372.564
373.235
373.862
374.438
375.001
375.642
376.301
376.916
377.532
378.126
378.71
379.383
379.996
380.59
381.147
381.789
382.479
383.167
383.786
384.438
385.041
385.678
386.303
386.875
387.501
388.018
388.585
389.177
389.778
390.361
390.952
391.549
392.163
392.748
393.358
393.944
394.552
395.143
395.764
396.336
397.032
397.606
398.136
398.769
399.368
399.933
400.645
401.339
402.021
402.789
403.496
404.229
404.936
405.642
406.314
407.003
407.684
408.438
409.239
409.895
410.485
411.23
412.011
412.727
413.364
414.068
414.829
415.573
416.305
417.107
417.905
418.718
419.435
420.164
420.873
421.551
422.218
422.897
423.559
424.277
424.994
425.724
426.494
427.216
427.971
428.661
429.36
430.128
430.881
431.64
432.341
433.051
433.795
434.544
435.305
436.082
436.809
437.554
438.292
438.983
439.792
440.672
441.462
442.321
443.124
443.842
444.639
445.471
446.342
447.179
447.882
448.683
449.516
450.251
451.168
452.023
452.904
453.7
454.417
455.278
456.095
456.994
457.866
458.651
459.558
460.398
461.187
462.092
462.871
463.604
464.32
465.086
465.859
466.58
467.221
467.978
468.837
469.645
470.355
471.23
471.97
472.783
473.675
474.496
475.405
476.166
476.783
477.645
478.537
479.364
480.167
480.945
481.765
482.506
483.352
484.235
485.171
485.95
486.781
487.679
488.472
489.363
490.227
491.042
491.871
492.787
493.698
494.516
495.317
496.181
496.996
497.895
498.632
499.418
500.249
501.133
502.035
502.855
503.696
504.483
505.281
506.045
506.796
507.564
508.225
509.016
510.005
510.853
511.598
512.389
513.267
513.933
514.694
515.533
516.423
517.308
518.182
518.994
519.848
520.917
521.86
522.844
523.878
524.86
525.763
526.719
527.759
528.83
529.874
531.018
532.248
533.521
534.813
536.257
537.441
538.808
540.147
541.575
543.206
544.788
546.129
547.805
549.29
550.979
552.625
554.258
555.846
557.822
559.695
561.543
563.579
565.211
566.973
568.637
570.584
572.873
574.985
577.048
579.169
581.303
583.376
585.116
586.857
588.596
590.378
592.102
593.883
595.678
597.488
599.06
600.814
602.451
604.405
606.488
608.899
611.69
614.898
619.153
622.827
626.407
630.278
634.81
639.505
644.07
650.348
659.969
669.357
677.772
685.236
694.609
734.758
