2
3
4
4.66667
5.75
6.58333
8.33333
9.39524
10.4789
13.8232
16.4116
19.771
24.1207
26.2103
31.4984
35.8653
40.2229
44.3784
47.3528
50.0694
53.5206
55.9407
58.3062
60.3908
62.2889
64.2473
66.2476
68.2331
70.3813
72.3128
74.3317
76.1885
78.2949
80.3054
82.0379
83.7248
85.6667
87.4104
89.1126
91.2371
93.1596
94.8359
96.5142
98.1583
99.6992
101.691
103.418
105.142
106.777
108.485
109.904
111.441
112.88
114.234
115.429
116.828
118.054
119.331
120.693
121.937
123.221
124.689
125.91
126.949
128.097
129.246
130.293
131.357
132.38
133.364
134.282
135.226
136.168
137.028
137.987
138.931
139.748
140.764
141.62
142.527
143.399
144.42
145.288
146.246
147.024
147.832
148.753
149.425
150.235
151.032
151.788
152.556
153.409
154.215
155.055
155.892
156.724
157.619
158.332
159.043
159.819
160.478
161.241
162.001
162.804
163.553
164.407
165.189
165.919
166.623
167.304
167.976
168.636
169.38
170.036
170.652
171.284
171.963
172.644
173.344
174.082
174.713
175.322
175.909
176.545
177.145
177.703
178.328
178.972
179.575
180.198
180.78
181.425
182.065
182.719
183.36
183.963
184.507
185.153
185.755
186.341
186.882
187.431
187.97
188.498
189.014
189.546
190.127
190.639
191.236
191.738
192.303
192.863
193.381
193.859
194.283
194.763
195.253
195.821
196.265
196.753
197.261
197.745
198.21
198.663
199.163
199.699
200.205
200.685
201.177
201.637
202.174
202.735
203.259
203.757
204.319
204.896
205.443
206.04
206.584
207.157
207.638
208.159
208.663
209.186
209.753
210.382
210.946
211.578
212.056
212.639
213.218
213.736
214.333
214.914
215.427
216.003
216.527
217.107
217.618
218.158
218.744
219.323
219.909
220.409
220.919
221.451
222.038
222.622
223.112
223.614
224.138
224.663
225.183
225.655
226.195
226.709
227.234
227.74
228.236
228.747
229.248
229.769
230.276
230.835
231.371
231.962
232.504
233.049
233.611
234.169
234.723
235.226
235.728
236.222
236.786
237.383
237.947
238.523
239.124
239.663
240.197
240.834
241.435
242.08
242.725
243.338
243.955
244.574
245.212
245.892
246.583
247.115
247.74
248.382
249.047
249.697
250.393
251.083
251.743
252.442
252.971
253.662
254.22
254.9
255.669
256.414
257.103
257.938
258.744
259.488
260.272
261.051
261.761
262.502
263.243
263.973
264.666
265.416
266.195
266.967
267.686
268.458
269.121
269.864
270.535
271.246
272.007
272.723
273.441
274.202
274.859
275.651
276.401
277.148
277.776
278.5
279.289
279.962
280.66
281.312
282.016
282.765
283.426
284.154
284.909
285.615
286.318
286.959
287.719
288.406
289.061
289.685
290.343
291.048
291.756
292.38
293.033
293.74
294.465
295.106
295.706
296.415
297.184
297.767
298.493
299.215
299.858
300.602
301.319
301.983
302.721
303.434
304.105
304.869
305.581
306.248
307.051
307.728
308.517
309.219
310.012
310.777
311.521
312.218
312.923
313.691
314.408
315.222
316.053
316.789
317.639
318.391
319.301
320.087
320.931
321.679
322.592
323.468
324.288
325.11
325.899
326.726
327.518
328.336
329.093
329.867
330.749
331.542
332.491
333.158
333.984
334.814
335.531
336.232
337.003
337.828
338.567
339.299
340.042
340.814
341.617
342.407
343.212
343.988
344.806
345.658
346.508
347.362
348.138
348.901
349.668
350.547
351.304
352.072
352.837
353.664
354.543
355.471
356.346
357.204
357.993
358.797
359.586
360.374
361.151
361.957
362.799
363.614
364.384
365.086
365.915
366.794
367.526
368.34
369.219
370.029
370.823
371.637
372.589
373.386
374.196
375.051
375.91
376.706
377.653
378.509
379.384
380.308
381.223
382.156
383.043
383.92
384.817
385.849
386.773
387.808
388.882
389.92
391.044
391.984
393.209
394.219
395.313
396.566
397.713
398.891
400.116
401.277
402.501
403.633
404.827
406.005
407.258
408.551
409.737
411.132
412.511
413.706
414.902
416.201
417.345
418.636
419.883
421.197
422.388
423.697
424.958
426.369
427.561
429.021
430.443
431.987
433.568
435.213
437.012
438.846
440.789
442.715
444.559
446.412
448.601
450.626
452.688
454.871
456.94
458.943
461.058
463.311
465.804
468.189
470.948
474.101
477.496
481.074
485.077
489.935
497.673
507.633
519.419
527.922
535.618
544.276
553.904
564.801
582.585
593.017
601.294
609.236
617.105
625.944
640.823
709.792
