2
3
3.2
4
5
5
5
5.2
5.6
11.148
16.7853
21.3882
28.5205
31.2327
37.8408
47.6169
56.7845
62.3465
67.6105
73.2539
77.4855
81.6179
84.847
87.3693
89.4469
91.3838
93.6125
95.5576
97.7657
99.7086
101.627
103.27
104.707
106.233
107.912
109.552
110.831
112.137
113.421
114.756
115.974
117.307
118.525
119.827
121.181
122.717
124.192
125.837
127.162
128.422
129.764
131.135
132.412
133.766
135.112
136.376
137.838
139.379
140.569
141.79
143.025
144.277
145.585
146.946
148.192
149.503
150.792
152.051
153.483
154.586
155.697
156.925
158.108
159.313
160.483
161.724
163.076
164.292
165.595
166.823
168.248
169.444
170.938
172.3
173.895
175.381
177.05
178.501
179.752
180.944
182.381
183.746
184.999
186.511
187.782
189.151
190.729
192.181
193.674
194.984
196.578
198.043
199.52
200.873
202.213
203.537
204.888
206.294
207.741
209.037
210.343
211.803
213.281
214.73
216.084
217.368
218.814
220.165
221.316
222.756
223.94
225.089
226.242
227.391
228.564
229.759
230.823
231.806
233.008
234.057
235.128
236.115
237.086
238.077
239.079
239.997
240.902
241.868
242.75
243.767
244.718
245.665
246.547
247.479
248.35
249.251
250.131
250.925
251.838
252.732
253.488
254.43
255.211
255.951
256.752
257.595
258.248
258.994
259.745
260.49
261.245
261.944
262.788
263.454
264.139
264.796
265.46
266.072
266.874
267.491
268.077
268.715
269.422
270.067
270.743
271.441
272.055
272.675
273.379
273.976
274.658
275.318
276.003
276.657
277.341
277.92
278.646
279.315
279.928
280.561
281.242
281.815
282.423
283.088
283.747
284.339
284.866
285.439
286.088
286.707
287.32
287.999
288.596
289.181
289.749
290.302
290.967
291.541
292.206
292.835
293.402
294.068
294.649
295.242
295.807
296.388
296.937
297.587
298.119
298.679
299.271
299.915
300.496
301.076
301.62
302.148
302.779
303.359
304.029
304.602
305.217
305.809
306.433
307.108
307.745
308.421
308.981
309.613
310.189
310.846
311.52
312.165
312.769
313.336
313.932
314.588
315.205
315.837
316.473
317.108
317.682
318.259
318.879
319.444
319.963
320.607
321.14
321.734
322.29
322.945
323.501
324.076
324.634
325.165
325.796
326.419
327.118
327.776
328.458
329.165
329.796
330.42
331.033
331.672
332.373
333.1
333.737
334.357
335.062
335.747
336.403
337.059
337.75
338.366
338.993
339.712
340.316
340.935
341.566
342.162
342.807
343.52
344.104
344.85
345.55
346.156
346.833
347.431
348.112
348.823
349.471
350.192
350.843
351.502
352.169
352.79
353.48
354.221
354.788
355.475
356.22
356.893
357.601
358.359
359.093
359.773
360.364
360.95
361.66
362.4
363.039
363.695
364.438
365.166
365.834
366.538
367.188
367.855
368.475
369.244
369.945
370.659
371.26
372.02
372.687
373.281
373.937
374.581
375.276
375.974
376.615
377.368
378.082
378.663
379.309
379.987
380.649
381.272
381.962
382.54
383.157
383.718
384.301
384.896
385.498
386.078
386.719
387.349
387.944
388.451
388.968
389.584
390.178
390.847
391.394
391.954
392.573
393.155
393.729
394.369
394.912
395.432
396.08
396.731
397.296
397.951
398.561
399.116
399.792
400.383
400.961
401.596
402.161
402.756
403.39
403.973
404.596
405.247
405.808
406.502
407.175
407.79
408.473
409.072
409.747
410.367
411.078
411.769
412.476
413.197
413.924
414.64
415.298
416.096
416.812
417.554
418.22
418.936
419.736
420.518
421.277
421.984
422.695
423.461
424.225
425.082
425.852
426.555
427.238
428.124
428.992
429.917
430.745
431.677
432.515
433.456
434.236
435.212
436.191
437.247
438.314
439.533
440.798
442.206
443.471
444.794
446.043
447.403
448.572
449.682
451.102
452.475
453.905
455.34
456.926
458.405
459.631
461.195
462.803
464.815
466.458
468.065
469.536
471.098
472.535
474.124
475.606
477.117
478.98
480.626
482.359
483.819
485.449
487.169
489.25
491.257
493.155
495.042
497.027
498.924
500.771
502.714
504.853
506.649
508.599
510.736
512.643
514.578
516.408
518.201
520.064
521.997
523.785
526.028
528.299
530.755
532.81
534.901
537.027
539.106
541.473
543.9
547.174
550.332
553.252
556.485
559.78
564.172
568.947
573.516
579.141
586.399
599.318
607.835
614.126
618.328
622.514
626.785
630.89
635.051
640.469
648.838
763.295
