2
3
3.33333
4.33333
5
5.5
6
6.66667
7
10.9032
17.1302
23.5366
30.8595
33.4246
39.9632
47.8454
55.3601
64.964
74.2021
81.3123
86.4346
90.8314
94.6976
99.4781
103.945
107.168
109.981
112.211
114.362
116.324
118.343
120.112
121.766
123.41
124.967
126.423
127.796
129.036
130.462
131.869
133.166
134.644
135.889
137.125
138.213
139.333
140.456
141.598
142.8
143.932
144.978
146.021
147.148
148.196
149.228
150.192
151.228
152.146
153.103
154.11
155.028
155.969
156.973
157.955
158.894
159.857
160.895
161.933
162.965
164.223
165.301
166.359
167.34
168.293
169.245
170.064
171.154
172.167
173.169
174.159
175.224
176.462
177.605
178.754
179.968
181.01
182.088
183.158
184.298
185.318
186.552
187.717
188.919
189.901
190.999
192.347
193.537
194.717
196.058
197.205
198.445
199.613
200.622
201.762
202.799
203.764
204.636
205.5
206.489
207.263
208.153
209.052
210.094
211.036
211.913
212.904
213.898
214.856
215.813
216.631
217.339
218.206
219.079
219.921
220.813
221.66
222.444
223.2
224.012
224.768
225.507
226.32
227.078
227.782
228.523
229.236
229.95
230.638
231.355
232.021
232.756
233.479
234.084
234.788
235.465
236.162
236.811
237.505
238.221
238.968
239.602
240.343
241.011
241.669
242.293
242.938
243.523
244.088
244.662
245.35
245.98
246.693
247.289
247.844
248.41
249.017
249.59
250.163
250.667
251.194
251.721
252.278
252.81
253.34
253.871
254.425
255.003
255.556
256.099
256.687
257.23
257.777
258.37
258.95
259.532
260.057
260.62
261.166
261.734
262.265
262.784
263.32
263.873
264.429
265.074
265.549
266.14
266.694
267.236
267.743
268.31
268.816
269.316
269.835
270.338
270.83
271.328
271.785
272.226
272.653
273.128
273.578
274.041
274.518
274.961
275.432
275.927
276.439
276.892
277.429
277.934
278.379
278.934
279.401
279.947
280.456
280.951
281.43
281.99
282.513
282.993
283.498
283.959
284.456
284.966
285.475
285.95
286.419
286.89
287.392
287.842
288.295
288.801
289.263
289.691
290.113
290.575
291.025
291.471
291.899
292.376
292.822
293.25
293.69
294.163
294.629
295.035
295.48
295.932
296.348
296.807
297.212
297.61
298.005
298.428
298.818
299.23
299.659
300.078
300.481
300.923
301.335
301.75
302.154
302.554
302.95
303.385
303.799
304.178
304.663
305.086
305.505
305.893
306.335
306.779
307.165
307.595
307.978
308.438
308.839
309.275
309.65
310.04
310.456
310.911
311.384
311.819
312.219
312.643
313.077
313.547
314.022
314.444
314.918
315.395
315.782
316.183
316.631
317.089
317.5
317.913
318.399
318.773
319.258
319.673
320.146
320.572
320.943
321.361
321.806
322.232
322.704
323.142
323.561
323.983
324.448
324.93
325.344
325.751
326.144
326.566
326.987
327.473
327.972
328.34
328.754
329.203
329.642
330.052
330.509
331.003
331.441
331.939
332.39
332.855
333.331
333.795
334.269
334.725
335.176
335.67
336.094
336.55
336.982
337.47
337.886
338.3
338.758
339.28
339.743
340.181
340.642
341.052
341.542
342.071
342.547
342.965
343.434
343.946
344.486
344.968
345.46
345.962
346.503
346.938
347.517
348.048
348.552
349.036
349.5
350.02
350.511
351.008
351.477
352.044
352.523
353.033
353.558
354.078
354.563
355.13
355.604
356.077
356.542
356.954
357.479
357.98
358.542
359.015
359.529
359.954
360.367
360.837
361.422
362.007
362.599
363.086
363.571
364.132
364.752
365.358
365.909
366.468
367.008
367.616
368.161
368.74
369.377
369.977
370.577
371.109
371.617
372.237
372.888
373.589
374.208
374.86
375.537
376.171
376.798
377.464
378.189
378.838
379.58
380.336
381.012
381.744
382.534
383.42
384.264
385.367
386.337
387.367
388.307
389.314
390.526
391.665
392.888
394.125
395.617
397.167
398.817
400.712
402.406
404.031
405.893
408.023
410.325
412.581
414.713
417.106
419.411
421.834
424.404
427.643
430.772
433.811
436.98
440.055
442.906
445.645
447.748
450.247
452.232
454.329
456.212
458.405
460.619
463.015
465.119
467.387
469.847
472.769
475.711
478.93
481.654
484.373
487.032
489.715
492.294
494.997
497.481
500.53
503.205
505.643
508.459
511.112
513.65
516.567
520.069
523.39
527.399
530.94
534.337
538.036
541.764
546.485
551.512
559.755
573.846
597.055
631.629
669.171

663.484
