1
14
14.5
18.1667
18.4167
18.6167
24.7833
27.3548
29.7298
29.8409
48.0031
69.747
99.2964
139.274
176.548
202.28
229.706
251.454
268.267
281.201
293.525
304.032
314.336
323.803
334.853
345.423
357.986
368.871
378.229
387.965
396.593
405.365
412.978
420.324
427.755
435.438
442.912
450.175
458.091
465.869
473.411
479.848
486.428
492.374
498.327
504.078
508.987
514.301
519.429
523.753
527.733
531.921
536.149
540.178
544.463
548.403
553.065
556.941
561.198
565.545
569.323
573.142
577.68
581.524
585.38
589.25
593.259
596.867
601.147
605.312
609.347
613.629
617.962
621.919
625.786
629.867
634.273
638.281
641.862
645.337
649.401
653.471
657.284
660.625
664.585
668.277
671.879
675.098
678.462
681.344
684.61
687.763
690.866
693.758
696.571
699.372
702.381
705.15
707.873
710.632
713.451
716.285
718.947
721.611
724.2
726.756
729.456
731.901
734.872
737.254
740.013
742.36
744.406
747.061
749.58
752.021
754.31
756.636
758.966
761.407
763.597
766.085
768.323
770.771
773.192
775.768
778.098
780.3
782.562
784.837
787.345
789.681
792.012
794.337
796.621
798.854
801.244
803.592
805.966
808.32
810.639
812.755
815.305
817.659
820.282
822.586
825.083
827.364
829.519
831.667
833.798
836.043
837.85
839.834
841.703
843.77
845.751
847.635
849.608
851.474
853.112
854.757
856.364
858.203
859.995
861.782
863.266
865
866.654
868.275
869.871
871.425
873.078
874.681
876.436
878.106
879.716
881.333
883.032
884.679
886.275
887.848
889.403
891.12
892.731
894.252
895.954
897.615
899.112
900.775
902.631
904.203
905.911
907.649
909.246
910.931
912.445
913.945
915.658
917.285
918.915
920.496
922.171
923.833
925.549
926.983
928.482
930.144
931.867
933.452
935.102
936.838
938.367
939.967
941.705
943.158
944.977
946.738
948.347
949.992
951.697
953.317
954.819
956.387
957.885
959.532
961.025
962.617
964.259
965.781
967.464
968.964
970.348
971.832
973.354
975.075
976.695
978.253
979.675
981.282
982.633
984.232
985.837
987.436
988.946
990.43
991.948
993.557
995.197
996.784
998.251
999.735
1001.25
1002.9
1004.61
1006.3
1007.86
1009.59
1011.21
1012.76
1014.38
1015.79
1017.34
1019.01
1020.64
1022.43
1024.02
1025.63
1027.05
1028.43
1029.94
1031.69
1033.1
1034.75
1036.28
1037.75
1039.18
1040.69
1042.19
1043.68
1045.17
1046.7
1048.08
1049.52
1050.98
1052.5
1053.88
1055.36
1056.67
1058.19
1059.63
1061.03
1062.43
1063.81
1065.37
1066.77
1068.08
1069.47
1070.85
1072.26
1073.54
1074.9
1076.28
1077.52
1078.9
1080.17
1081.41
1082.78
1084.02
1085.35
1086.35
1087.75
1088.93
1090.08
1091.21
1092.55
1093.8
1094.95
1096.21
1097.38
1098.5
1099.65
1100.82
1102.01
1103.19
1104.38
1105.47
1106.71
1107.81
1108.94
1110.17
1111.37
1112.41
1113.48
1114.6
1115.7
1116.85
1117.92
1118.96
1119.97
1121.05
1122.19
1123.17
1124.27
1125.26
1126.12
1127.06
1128.01
1128.92
1129.95
1130.99
1131.83
1132.66
1133.53
1134.54
1135.41
1136.3
1137.18
1138.06
1139.05
1139.92
1140.88
1141.75
1142.64
1143.52
1144.34
1145.26
1146.15
1146.93
1147.79
1148.61
1149.46
1150.3
1151.11
1151.9
1152.75
1153.6
1154.41
1155.22
1155.99
1156.82
1157.58
1158.42
1159.27
1160.12
1160.94
1161.8
1162.55
1163.29
1164.15
1165
1165.91
1166.72
1167.52
1168.38
1169.21
1170
1170.79
1171.68
1172.66
1173.41
1174.27
1175.19
1175.91
1176.81
1177.66
1178.53
1179.36
1180.17
1180.98
1181.83
1182.63
1183.48
