1
14
16
17.3333
26.8333
27.4333
28.4333
28.4333
29.4333
30.8778
55.0251
75.4066
95.0173
136.641
189.61
219.445
253.153
273.354
289.736
307.143
326.065
342.533
355.839
368.106
379.352
392.824
406.36
416.811
425.793
434.26
442.833
451.711
460.45
468.197
474.874
481.383
486.702
492.419
497.928
503.054
508.414
513.7
518.372
523.525
528.404
533.531
538.901
544.598
549.581
554.026
558.942
563.095
567.341
571.401
575.158
578.724
582.218
586.147
589.721
592.709
596.178
599.215
602.341
605.115
608.236
611.469
614.319
617.7
620.516
623.267
626.314
629.529
632.387
634.999
637.721
640.49
643.245
646.023
648.984
651.54
654.025
656.972
659.606
661.951
664.725
667.347
669.934
672.43
675.372
678.019
680.668
683.522
686.393
689.271
692.109
694.97
697.798
700.623
703.123
705.88
708.454
711.171
713.426
716.037
718.695
721.666
724.329
727.002
729.585
732.237
734.737
737.439
740.209
742.444
745.002
747.218
749.545
751.557
753.798
755.997
758.207
760.51
762.35
764.485
766.839
768.712
770.844
772.974
775.083
777.18
779.074
781.052
782.979
784.888
786.954
788.673
790.8
792.592
794.589
796.453
798.343
800.049
801.994
803.876
805.565
807.215
808.986
810.948
812.721
814.753
816.516
818.33
820.333
822.095
824.208
826.251
828.021
829.856
831.697
833.537
835.394
837.211
838.957
840.776
842.578
844.522
846.071
847.573
849.398
851.07
853.014
854.721
856.475
858.209
859.645
861.149
862.778
864.314
865.692
867.186
868.67
870.265
871.728
873.346
874.842
876.266
877.673
879.07
880.32
881.593
883.113
884.371
885.842
887.259
888.5
889.919
891.234
892.668
893.985
895.369
896.747
898.048
899.25
900.486
901.929
903.164
904.478
905.82
907.119
908.348
909.709
910.866
912.024
913.251
914.348
915.671
916.763
917.961
919.213
920.472
921.659
922.925
924.203
925.408
926.543
927.661
928.759
929.918
931.023
932.254
933.466
934.529
935.729
936.749
937.847
938.955
940.214
941.302
942.493
943.717
944.951
946.114
947.268
948.463
949.687
950.949
951.894
952.921
954.156
955.382
956.466
957.698
959.027
960.28
961.491
962.608
963.752
965.054
966.26
967.475
968.67
969.834
971.113
972.293
973.421
974.653
975.797
976.91
978.042
979.08
980.072
981.208
982.272
983.273
984.41
985.418
986.502
987.606
988.534
989.488
990.501
991.635
992.731
993.77
994.754
995.75
996.7
997.788
998.81
999.776
1000.78
1001.75
1002.76
1003.65
1004.49
1005.4
1006.42
1007.29
1008.31
1009.29
1010.18
1011.12
1012.1
1013.14
1014.06
1015.16
1016.06
1017.2
1018.15
1019.08
1020
1021.05
1021.95
1022.97
1023.94
1024.92
1025.91
1026.95
1027.86
1028.91
1029.91
1030.82
1031.8
1032.79
1033.69
1034.61
1035.64
1036.62
1037.5
1038.42
1039.31
1040.29
1041.31
1042.24
1043.22
1044.22
1045.23
1046.17
1047.19
1048.16
1049.03
1049.98
1050.77
1051.75
1052.67
1053.74
1054.6
1055.61
1056.53
1057.44
1058.34
1059.3
1060.13
1061.06
1062.04
1063.05
1064.05
1064.95
1065.81
1066.71
1067.5
1068.41
1069.36
1070.13
1070.98
1071.85
1072.68
1073.48
1074.44
1075.32
1076.22
1077.08
1078.02
1078.83
1079.68
1080.64
1081.55
1082.39
1083.24
1084.26
1085.04
1085.88
1086.73
1087.69
1088.52
1089.4
1090.21
1091.06
1091.88
1092.75
1093.61
1094.5
1095.29
1096.09
1096.8
1097.59
1098.45
1099.26
1100.04
1100.9
1101.73
1102.54
1103.38
1104.17
1104.95
1105.74
1106.53
1107.2
1107.91
1108.71
1109.64
1110.41
1111.16
