2
3
3.95
4
5.48333
6
6.24167
6.5
6.6
13
20.2032
25.8001
33.3726
35.9062
43.8623
51.6786
56.979
61.9366
65.6538
68.8194
72.2816
75.5195
78.5799
81.1875
83.4474
85.5102
87.3926
89.5156
91.9524
93.5678
95.2648
96.9725
98.6638
100.271
101.879
103.534
105.013
106.67
108.241
109.852
111.537
113.329
114.972
116.461
118.061
119.352
120.719
122.091
123.454
124.77
126.177
127.335
128.535
129.813
131.052
132.296
133.489
134.796
136.029
136.948
137.982
139.04
140.026
141.075
142.255
143.363
144.344
145.414
146.31
147.221
148.15
149.086
149.988
150.934
151.817
152.605
153.502
154.362
155.289
156.178
157.14
158.197
159.166
160.106
161.123
162.028
163.052
164.03
164.77
165.746
166.744
167.656
168.601
169.592
170.392
171.35
172.309
173.294
174.311
175.352
176.35
177.286
178.28
179.4
180.428
181.491
182.457
183.378
184.53
185.573
186.596
187.64
188.603
189.495
190.505
191.343
192.092
193.1
193.972
194.988
195.974
196.83
197.621
198.453
199.248
200.145
201.025
201.881
202.707
203.454
204.185
204.945
205.703
206.429
207.077
207.785
208.535
209.214
209.976
210.527
211.202
211.844
212.47
213.234
213.895
214.49
215.13
215.699
216.26
216.873
217.478
218.034
218.591
219.234
219.72
220.223
220.847
221.444
221.997
222.568
223.107
223.644
224.185
224.675
225.188
225.717
226.195
226.675
227.179
227.656
228.097
228.571
229.004
229.427
229.933
230.343
230.845
231.295
231.726
232.162
232.599
233.071
233.568
233.991
234.446
234.883
235.372
235.849
236.306
236.722
237.175
237.631
238.092
238.566
239.022
239.412
239.831
240.258
240.667
241.077
241.42
241.823
242.197
242.622
243.052
243.459
243.847
244.223
244.617
245.018
245.384
245.801
246.221
246.568
246.936
247.319
247.697
248.074
248.473
248.812
249.184
249.581
249.951
250.36
250.702
251.081
251.437
251.79
252.171
252.515
252.879
253.262
253.59
253.888
254.198
254.589
254.937
255.267
255.634
255.984
256.307
256.682
257.043
257.376
257.733
258.084
258.438
258.81
259.162
259.51
259.904
260.285
260.665
260.984
261.348
261.702
262.024
262.364
262.729
263.052
263.406
263.735
264.11
264.472
264.835
265.186
265.557
265.912
266.217
266.623
266.972
267.314
267.644
267.993
268.322
268.682
269.014
269.371
269.715
270.026
270.315
270.636
270.97
271.338
271.666
272.005
272.321
272.664
273.005
273.359
273.641
273.949
274.264
274.576
274.953
275.287
275.569
275.872
276.223
276.504
276.805
277.097
277.445
277.786
278.099
278.412
278.718
279.034
279.34
279.648
279.94
280.312
280.659
280.965
281.302
281.606
281.95
282.282
282.629
282.972
283.28
283.598
283.936
284.229
284.531
284.883
285.228
285.511
285.79
286.129
286.454
286.774
287.114
287.442
287.754
288.065
288.375
288.724
289.037
289.338
289.664
289.969
290.284
290.589
290.952
291.308
291.624
291.977
292.314
292.647
292.957
293.324
293.623
293.963
294.325
294.718
295.057
295.409
295.774
296.122
296.509
296.863
297.193
297.493
297.819
298.186
298.51
298.891
299.231
299.588
299.972
300.332
300.745
301.128
301.536
301.952
302.348
302.743
303.184
303.576
304.016
304.448
304.821
305.226
305.632
306.075
306.491
306.844
307.207
307.642
308.032
308.484
308.866
309.244
309.622
310.069
310.515
310.936
311.348
311.804
312.236
312.719
313.129
313.509
313.948
314.36
314.817
315.188
315.645
316.054
316.512
316.957
317.454
317.923
318.317
318.722
319.116
319.559
319.949
320.406
320.846
321.279
321.754
322.183
322.735
323.271
323.802
324.294
324.812
325.33
325.87
326.424
326.908
327.449
327.97
328.465
328.937
329.542
330.256
330.793
331.465
332.032
332.594
333.253
333.843
334.461
335.015
335.598
336.135
336.779
337.398
337.98
338.627
339.309
339.984
340.656
341.347
342.105
342.894
343.551
344.271
345.072
345.915
346.617
347.461
348.386
349.237
349.981
350.773
351.789
352.646
353.579
354.614
355.757
356.74
357.905
358.881
359.979
361.153
362.325
363.568
364.609
365.733
367.107
368.474
370.077
371.426
372.87
374.268
375.936
377.683
379.403
381.352
383.613
385.728
388.129
390.583
393.084
395.777
398.655
401.716
404.929
408.647
412.028
417.22
422.512
428.589
433.561
438.793
444.336
451.712
470.827
552.257
