1
13
13
17.3333
17.8333
20.4333
27.2667
30.5524
31.0524
32.719
53.5864
72.9969
96.5919
139.841
168.252
197.566
235.679
267.777
290.055
311.524
324.032
337.108
349.231
361.337
371.906
381.88
391.379
399.169
406.131
412.599
419.035
424.839
430.731
436.898
443.151
448.808
455.391
461.355
467.276
472.942
478.936
484.597
490.176
496.599
503.101
509.019
514.078
519.405
525.667
531.357
537.566
542.73
547.401
552.639
557.367
561.837
566.204
570.542
575.546
580.085
583.999
588.895
593.14
597.334
601.503
605.756
609.767
613.379
617.591
621.263
624.931
628.258
631.58
634.913
638.337
641.337
644.144
647.245
650.264
652.99
655.546
658.42
661.005
664.078
667.403
670.577
673.305
676.236
679.018
682.257
684.968
687.746
690.522
693.18
696.292
698.801
701.714
704.494
707.116
709.897
712.313
714.999
717.525
720.029
722.563
725.111
727.589
730.431
732.934
735.081
737.246
739.381
741.694
744.026
746.175
748.458
750.745
752.946
754.834
756.973
758.912
760.653
762.647
764.661
766.499
768.372
769.988
771.755
773.686
775.257
777.164
778.907
780.576
782.415
784.15
785.933
787.712
789.402
790.865
792.558
794.257
795.846
797.627
799.387
800.735
802.338
803.731
805.517
807.163
808.88
810.564
812.374
813.982
815.578
817.386
819.034
820.976
822.855
824.647
826.518
828.39
830.319
831.937
833.885
835.742
837.506
839.139
841.002
842.873
844.609
846.4
848.207
849.952
851.679
853.624
855.016
856.573
858.193
859.799
861.409
863
864.614
866.273
867.782
869.397
870.975
872.635
874.014
875.442
877.012
878.497
880.159
881.77
883.319
884.705
886.154
887.513
888.997
890.532
891.9
893.552
895.102
896.408
897.663
899.033
900.371
901.792
903.257
904.688
906.236
907.767
909.028
910.277
911.779
913.111
914.438
915.741
917.051
918.358
919.742
920.997
922.255
923.522
924.749
925.854
927.119
928.325
929.486
930.65
931.732
932.923
933.992
935.145
936.37
937.475
938.608
939.585
940.765
941.916
942.885
943.927
944.882
945.925
946.997
947.843
948.784
949.716
950.675
951.601
952.673
953.668
954.632
955.581
956.531
957.405
958.349
959.223
960.078
961.048
961.966
962.83
963.669
964.543
965.485
966.557
967.485
968.307
969.227
970.12
970.968
971.8
972.725
973.65
974.51
975.288
976.207
977.12
977.954
978.871
979.678
980.562
981.403
982.25
983.034
983.837
984.709
985.734
986.495
987.29
988.153
988.947
989.771
990.607
991.404
992.138
992.966
993.787
994.49
995.369
996.22
997.018
997.775
998.65
999.409
1000.24
1001.07
1001.95
1002.72
1003.57
1004.29
1005.01
1005.85
1006.67
1007.54
1008.32
1009.17
1009.96
1010.78
1011.58
1012.45
1013.32
1014.16
1015
1015.78
1016.53
1017.29
1018.19
1019.07
1019.96
1020.7
1021.46
1022.44
1023.25
1024.11
1024.9
1025.75
1026.66
1027.55
1028.45
1029.34
1030.15
1030.96
1031.81
1032.62
1033.48
1034.25
1035.12
1036.06
1036.87
1037.79
1038.62
1039.53
1040.36
1041.23
1042.01
1042.86
1043.69
1044.61
1045.43
1046.3
1047.15
1048.08
1048.93
1049.79
1050.65
1051.42
1052.37
1053.2
1054.01
1054.86
1055.65
1056.56
1057.46
1058.23
1059.04
1059.9
1060.72
1061.52
1062.28
1063.17
1063.93
1064.85
1065.66
1066.53
1067.31
1068.09
1068.94
1069.7
1070.46
1071.32
1072.14
1072.87
1073.62
1074.41
1075.22
1076.08
1076.89
1077.65
1078.41
1079.27
1080.06
1080.74
1081.5
1082.41
1083.23
1084.03
1084.79
1085.6
1086.37
1087.1
1087.87
1088.67
1089.51

1142.65
