1
13
16.5
16.8333
20.8333
23.4333
24.4333
29.4333
29.4333
30.4333
45.2472
61.9069
90.3074
129.439
177.145
198.398
214.235
230.25
243.951
259.886
278.722
295.275
306.841
315.887
324.681
333.014
340.091
346.66
353.002
358.839
364.269
369.816
375.257
381.259
387.751
393.751
400.34
406.671
412.069
418.13
423.609
429.56
434.627
439.729
444.445
449.787
454.209
458.488
463.913
468.479
472.873
477.255
481.72
485.865
490.064
494.044
498.302
502.38
505.958
509.658
513.302
516.783
520.138
523.548
527.189
530.779
534.252
537.459
540.871
544.453
547.943
551.489
554.445
558.212
561.574
565.251
568.987
572.847
576.864
580.739
585.212
589.029
592.482
596.116
599.901
603.21
606.437
609.903
613.2
615.927
619.27
622.451
625.358
628.125
631.118
634.299
636.829
639.301
641.972
644.973
647.32
649.535
651.874
654.436
656.836
659.289
661.46
663.44
665.726
667.783
670.047
672.205
674.323
676.357
678.553
680.586
682.615
684.738
686.952
689.028
691.099
693.235
695.346
697.499
699.59
701.339
703.143
705.055
707.073
708.952
710.911
712.62
714.296
715.939
717.659
719.376
721.134
722.884
724.581
726.124
727.804
729.56
731.174
732.809
734.317
735.949
737.706
739.218
741.037
742.543
744.386
746.118
747.764
749.449
751.2
752.87
754.709
756.498
758.438
760.119
761.768
763.294
764.896
766.706
768.299
770.11
771.886
773.703
775.101
776.803
778.377
780.031
781.639
783.097
784.866
786.491
788.141
789.751
791.478
792.947
794.538
796.067
797.643
799.342
800.879
802.366
803.727
805.214
806.61
808.08
809.485
810.949
812.433
813.734
815.15
816.635
818.035
819.453
820.965
822.281
823.745
825.213
826.776
828.254
829.856
831.446
832.867
834.543
836.054
837.451
838.957
840.508
842.133
843.63
845.142
846.628
847.965
849.488
850.822
852.12
853.322
854.832
856.295
857.831
859.365
860.852
862.189
863.775
865.234
866.66
868.036
869.566
871.01
872.408
873.9
875.162
876.498
878.068
879.249
880.696
881.951
883.234
884.593
885.952
887.168
888.549
889.841
891.168
892.495
893.775
894.952
896.074
897.264
898.444
899.601
900.782
901.965
903.033
904.189
905.37
906.528
907.604
908.647
909.743
910.835
911.902
912.959
913.978
914.977
915.908
916.839
917.921
918.909
919.942
921.025
922.061
923.011
923.904
924.838
925.607
926.449
927.385
928.17
929.002
929.809
930.592
931.485
932.389
933.308
934.169
934.986
935.843
936.675
937.506
938.364
939.08
939.753
940.511
941.251
942.033
942.752
943.47
944.225
944.922
945.605
946.308
947.033
947.764
948.677
949.412
950.126
950.813
951.528
952.277
952.917
953.662
954.307
954.985
955.67
956.306
956.923
957.593
958.273
958.959
959.652
960.273
960.903
961.555
962.235
962.974
963.628
964.226
964.901
965.652
966.293
966.923
967.607
968.292
968.843
969.507
970.132
970.783
971.418
972.016
972.691
973.3
973.95
974.581
975.188
975.817
976.386
977.032
977.688
978.414
979.085
979.689
980.25
980.929
981.609
982.247
982.881
983.444
984.06
984.619
985.266
985.866
986.477
987.111
987.706
988.355
988.915
989.492
990.064
990.695
991.292
991.857
992.452
993.046
993.593
994.151
994.705
995.263
995.812
996.385
996.994
997.536
998.119
998.751
999.321
999.931
1000.5
1001.1
1001.7
1002.31
1002.85
1003.39
1003.91
1004.46
1004.97
1005.52
1006.03
1006.5
1007.03
1007.57
1008.08
1008.63
1009.15
1009.68
1010.23
1010.77
1011.27
1011.94
1012.48
