1
13
17.5
19.1667
21.9167
22.1167
27.7833
30.4976
33.8726
34.7615
57.3317
72.2475
95.5832
154.506
204.384
233.186
272.651
299.469
319.031
336.61
353.266
374.447
390.935
403.01
413.039
421.442
429.919
437.911
445.291
451.772
458.388
465.217
472.606
480.696
487.594
494.804
501.089
507.928
513.705
519.64
525.228
530.753
536.259
541.522
546.525
551.217
555.894
560.688
565.458
569.848
574.122
578.556
582.788
586.512
590.317
593.67
597.005
600.313
603.225
606.201
609.084
611.838
614.597
617.307
620.217
622.95
625.641
628.113
631.02
633.823
636.631
639.308
642.279
645.025
647.664
650.254
652.984
655.908
658.675
661.558
664.543
667.285
670.591
673.338
676.506
679.169
681.848
684.395
687.008
689.701
692.623
695.354
697.858
700.394
702.948
705.51
708.227
710.757
712.956
715.373
717.804
720.058
722.328
724.661
727.04
729.186
731.091
733.245
735.487
737.431
739.717
741.604
743.586
745.498
747.377
749.229
751.366
753.381
755.346
757.271
759.176
761.019
763.135
765.211
767.319
769.164
771.21
773.174
775.187
777.268
779.163
780.978
782.667
784.384
786.212
788.183
789.994
791.996
793.956
795.741
797.697
799.738
801.966
803.74
805.533
807.423
809.374
811.206
813.116
815.173
817.109
819.135
821.228
823.32
825.54
827.534
829.546
831.799
834.071
836.188
838.353
840.375
842.514
844.59
846.571
848.877
850.857
852.998
855.35
857.582
859.755
861.728
863.664
865.552
867.477
869.635
871.917
873.88
875.678
877.56
879.604
881.746
883.992
886.059
887.937
890.077
892.113
893.9
895.732
897.74
899.593
901.483
903.468
905.383
907.348
909.224
910.945
912.821
914.483
916.198
918.001
919.996
921.847
923.724
925.452
927.079
928.699
930.334
932.041
933.71
935.433
936.972
938.777
940.36
941.935
943.577
945.064
946.602
948.227
949.768
951.22
952.838
954.35
955.814
957.307
958.998
960.285
961.659
963.201
964.663
966.121
967.648
969.04
970.627
971.959
973.391
974.816
976.354
977.789
979.355
981.065
982.566
984.012
985.544
987.073
988.625
990.15
991.57
993.077
994.597
996.009
997.515
999.042
1000.55
1002.13
1003.47
1004.72
1006.22
1007.63
1009.14
1010.73
1012.3
1013.65
1015.18
1016.59
1018.21
1019.62
1021.02
1022.46
1024
1025.67
1027.11
1028.69
1030.12
1031.74
1033.32
1034.9
1036.55
1038.04
1039.52
1041.05
1042.56
1044.08
1045.63
1047.23
1048.84
1050.21
1051.69
1053.24
1054.82
1056.38
1058.01
1059.45
1061.05
1062.57
1064.32
1066.08
1067.51
1069.13
1070.69
1072.32
1074.11
1075.93
1077.73
1079.59
1081.34
1083.25
1084.92
1086.75
1088.47
1090.22
1091.86
1093.59
1095.05
1096.63
1098.13
1099.78
1101.44
1103.13
1104.74
1106.56
1108.16
1109.8
1111.41
1113.18
1114.81
1116.41
1118.03
1119.86
1121.67
1123.72
1125.41
1127.19
1128.95
1130.7
1132.51
1134.24
1136
1137.95
1139.84
1141.55
1143.19
1144.92
1146.84
1148.61
1150.41
1152.21
1153.76
1155.52
1157.4
1159.16
1160.81
1162.71
1164.41
1166.07
1167.75
1169.19
1170.68
1172.3
1173.99
1175.66
1177.34
1179.07
1180.61
1182.24
1183.87
1185.56
1187.27
1189.05
1190.65
1192.25
1194.1
1195.69
1197.3
1198.84
1200.5
1202.18
1203.95
1205.63
1207.2
1208.8
1210.42
1211.81
1213.39
1214.98
1216.52
1218.01
1219.68
1221.11
1222.61
1224.04
1225.54
1226.75
1227.99
1229.48
1230.94
1232.12
1233.25
1234.5
1235.71
1236.84
1237.98
1239.01
1240.07
1241.21
1242.26
1243.4
1244.52
1245.54
1246.45
1247.47
1248.42
1249.36
