1
12
12.5
16.5
20.25
23.45
23.6167
24.6167
29.8667
32.9778
48.2796
67.1674
94.5588
143.014
173.637
193.586
215.832
234.655
252.067
268.884
284.208
299.466
318.005
334.308
346.932
357.457
366.929
375.487
382.754
390.196
396.844
404.225
411.406
418.125
424.447
430.735
436.427
442.881
448.189
454.151
459.554
465.592
471.459
477.199
482.346
488.22
493.803
499.794
505.416
510.858
516.364
520.847
526.278
531.233
536.253
541.502
546.509
551.618
556.682
561.486
567.076
572.512
577.655
582.719
587.554
592.836
597.107
601.514
605.789
609.368
613.164
617.442
621.175
624.708
628.545
632.338
636.56
640.698
644.241
648.514
652.813
656.648
660.572
664.111
667.93
671.302
675.059
678.498
682.086
685.161
689.125
692.488
695.996
699.757
703.44
707.323
710.999
714.865
718.178
722.028
725.622
728.94
732.149
735.309
738.185
741.093
744.189
747.209
750.031
752.547
755.405
758.335
761.13
763.871
766.376
769.183
771.626
774.408
776.894
779.756
782.111
784.81
787.142
789.605
791.941
794.272
796.998
799.357
801.866
804.431
807.028
809.653
812.197
814.888
817.478
820.044
822.666
825.071
827.705
830.293
832.614
835.269
837.788
839.949
841.981
844.239
846.331
848.74
850.835
853.084
854.963
856.878
858.717
860.781
862.782
864.704
866.654
868.678
870.697
872.527
874.487
876.483
878.222
880.138
882.07
883.913
885.948
887.884
889.829
891.873
893.704
895.519
897.319
899.147
900.963
903.05
905.036
906.783
908.523
910.196
911.887
913.473
915.345
917.069
918.731
920.595
922.423
923.919
925.651
927.258
928.909
930.767
932.503
933.862
935.486
937.103
938.511
940.114
941.805
943.345
944.722
946.232
947.893
949.402
950.696
952.163
953.566
955.174
956.603
957.973
959.406
960.877
962.202
963.477
964.932
966.299
967.74
969.099
970.445
971.785
973.133
974.635
975.9
977.235
978.474
979.864
981.11
982.505
983.788
985.108
986.445
987.926
989.168
990.462
991.816
993.181
994.396
995.849
997.122
998.535
999.871
1001.18
1002.54
1003.78
1005.15
1006.39
1007.67
1008.88
1010.13
1011.34
1012.55
1013.83
1014.92
1016.18
1017.37
1018.55
1019.7
1020.93
1022.2
1023.54
1024.68
1025.81
1026.91
1028.12
1029.09
1030.07
1031.17
1032.29
1033.4
1034.49
1035.53
1036.54
1037.54
1038.62
1039.58
1040.67
1041.65
1042.66
1043.63
1044.62
1045.68
1046.7
1047.75
1048.71
1049.76
1050.67
1051.57
1052.44
1053.32
1054.26
1055.22
1056.1
1057.06
1058.15
1059
1059.9
1060.79
1061.77
1062.71
1063.64
1064.52
1065.54
1066.49
1067.48
1068.37
1069.23
1070.13
1071.1
1071.94
1072.93
1073.81
1074.72
1075.64
1076.5
1077.39
1078.3
1079.25
1080.13
1080.91
1081.83
1082.62
1083.52
1084.42
1085.35
1086.28
1087.25
1088.15
1088.96
1089.87
1090.75
1091.66
1092.57
1093.28
1094.18
1095.13
1096.03
1096.97
1097.8
1098.62
1099.62
1100.56
1101.5
1102.33
1103.29
1104.09
1105.04
1105.96
1106.89
1107.76
1108.62
1109.39
1110.19
1111.02
1111.81
1112.58
1113.38
1114.19
1114.95
1115.75
1116.59
1117.38
1118.18
1119.02
1119.81
1120.6
1121.33
1122.1
1122.86
1123.56
1124.3
1125.04
1125.79
1126.49
1127.31
1128.1
1128.85
1129.62
1130.39
1131.07
1131.8
1132.44
1133.22
1133.93
1134.63
1135.3
1136.08
1136.75
1137.54
1138.25
1138.91
1139.65
1140.32
1141.06
1141.73
1142.46
1143.17
1143.91
1144.73
1145.44
1146.15
1146.89
1147.63
1148.38
1149.07
1149.73
1150.4
1151.06
1151.8
1152.51
1153.29
1153.98
1154.63
1155.3
