2
2.33333
3.83333
4
6
6.33333
6.5
6.66667
8
15.4605
18.6211
23.2353
30.4613
34.3721
47.2484
61.5373
72.0724
81.1258
87.7624
93.9984
97.8448
102.131
106.162
109.338
112.61
115.912
119.305
122.844
126.353
129.349
131.873
134.699
137.652
140.55
142.856
145.727
148.498
151.109
153.654
155.735
157.822
159.73
161.557
163.377
165.047
166.813
168.621
170.552
172.405
174.566
176.454
178.348
180.081
181.743
183.259
184.788
186.12
187.258
188.333
189.449
190.581
191.782
192.791
193.789
194.88
195.988
197.029
198.161
199.133
200.119
201.28
202.33
203.286
204.272
205.24
206.333
207.203
208.143
209.096
209.979
210.871
211.687
212.538
213.469
214.235
215.109
215.864
216.711
217.481
218.278
219.074
219.901
220.662
221.525
222.379
223.228
224.078
224.766
225.499
226.138
226.773
227.489
228.183
228.801
229.515
230.205
230.891
231.497
232.079
232.699
233.256
233.969
234.575
235.246
235.892
236.504
237.09
237.732
238.388
239.058
239.705
240.306
240.973
241.708
242.442
243.214
243.919
244.61
245.298
246.014
246.638
247.246
247.886
248.532
249.107
249.635
250.24
250.933
251.572
252.25
252.911
253.549
254.15
254.801
255.408
255.969
256.544
257.189
257.829
258.421
259.054
259.67
260.307
260.997
261.716
262.344
262.963
263.586
264.272
264.933
265.621
266.273
266.981
267.613
268.239
268.805
269.385
270.03
270.782
271.361
272.011
272.764
273.427
274.108
274.845
275.526
276.162
276.777
277.448
278.116
278.783
279.38
280.009
280.746
281.482
282.138
282.809
283.536
284.38
285.049
285.788
286.476
287.163
287.847
288.46
289.128
289.857
290.593
291.34
291.987
292.719
293.349
294.016
294.673
295.299
296.022
296.684
297.287
297.896
298.537
299.226
299.863
300.602
301.376
302.096
302.827
303.495
304.131
304.813
305.514
306.283
306.943
307.724
308.461
309.207
309.915
310.772
311.478
312.235
313.03
313.802
314.634
315.404
316.177
317.042
317.905
318.747
319.514
320.461
321.332
322.251
323.276
324.15
325.067
326.001
326.917
327.758
328.665
329.606
330.505
331.484
332.419
333.406
334.454
335.468
336.449
337.546
338.423
339.376
340.381
341.285
342.233
343.089
344.061
345.294
346.331
347.352
348.468
349.5
350.462
351.34
352.357
353.329
354.312
355.291
356.35
357.27
358.308
359.185
360.121
361.066
362.005
362.905
363.937
364.943
365.864
366.809
367.636
368.458
369.385
370.286
371.251
372.148
372.926
373.653
374.511
375.36
376.163
376.911
377.641
378.418
379.179
379.882
380.519
381.221
381.901
382.504
383.197
383.79
384.452
385.109
385.683
386.303
386.856
387.404
388.013
388.492
389.026
389.626
390.19
390.706
391.239
391.797
392.298
392.786
393.349
393.948
394.499
395.008
395.553
396.065
396.577
397.039
397.545
398.06
398.63
399.115
399.646
400.166
400.614
401.231
401.769
402.334
402.835
403.382
403.875
404.381
404.907
405.405
405.903
406.433
407.031
407.645
408.219
408.78
409.369
409.897
410.531
411.105
411.721
412.316
412.994
413.582
414.094
414.69
415.276
415.827
416.369
417.011
417.587
418.123
418.683
419.284
419.799
420.409
420.981
421.595
422.181
422.764
423.362
423.894
424.458
425.01
425.537
426.14
426.727
427.289
427.926
428.498
429.079
429.715
430.372
431.039
431.628
432.218
432.762
433.385
434.008
434.716
435.412
436.061
436.678
437.31
438.024
438.676
439.411
440.117
440.845
441.59
442.326
443.102
443.941
444.61
445.362
446.075
446.918
447.655
448.454
449.313
450.163
451.013
451.811
452.638
453.451
454.183
454.975
455.749
456.453
457.158
457.889
458.663
459.473
460.303
461.133
462.094
463.021
463.967
465.003
465.923
466.952
467.818
468.718
469.736
470.718
471.634
472.564
473.514
474.409
475.562
476.686
477.751
478.764
479.984
481.073
482.36
483.565
484.677
485.91
487.051
488.536
490.006
491.394
492.796
494.264
495.635
496.951
498.536
499.906
501.408
503.132
504.912
506.691
508.447
510.122
511.728
513.39
515.088
516.699
518.219
519.937
521.422
523.055
524.453
526.139
527.772
529.334
531.137
532.956
534.968
536.861
538.79
540.563
542.56
544.576
546.677
548.94
551.342
553.765
556.193
558.742
561.138
563.789
566.619
569.68
572.65
575.936
579.578
582.892
587.668
593.437
600.164
611.789
713.983
