1
13
13
19.3333
21.8333
24.0333
26.2
27.9143
30.7893
33.1226
47.6225
67.0393
92.5829
138.902
175.753
196.958
218.557
236.656
250.418
263.909
276.349
290.025
302.114
315.344
326.461
338.433
349.965
360.265
368.925
377.843
385.482
393.719
402.734
411.451
419.718
427.419
436.151
443.819
450.857
458.725
466.856
474.314
480.923
488.103
495.397
502.126
509.146
515.777
522.522
528.859
534.943
541.751
547.53
553.638
558.898
563.97
569.797
574.55
579.541
583.748
588.179
592.796
596.832
600.731
604.708
608.4
611.805
615.971
619.44
622.544
625.636
629.388
632.696
635.776
638.621
641.654
644.77
647.744
650.53
653.515
656.449
659.347
662.265
664.991
667.497
670.054
673.017
675.7
678.285
681.02
683.529
685.797
688.391
690.61
692.818
695.327
697.16
699.208
701.391
703.43
705.392
707.685
709.529
711.413
713.386
715.398
717.288
719.087
720.983
722.823
724.528
726.372
728.245
730.133
732.043
733.839
735.382
737.13
738.787
740.632
742.645
744.307
745.861
747.401
749.181
750.451
752.263
753.96
755.469
757.072
758.556
760.205
761.635
763.204
764.759
766.309
767.691
769.035
770.471
771.911
773.443
774.792
775.883
777.201
778.442
779.706
781.062
782.456
783.641
784.844
786.123
787.304
788.624
789.831
791.029
792.472
793.69
794.998
796.035
797.125
798.221
799.461
800.594
801.624
802.853
803.994
805.017
806.213
807.193
808.282
809.507
810.523
811.622
812.804
813.856
815.035
816.198
817.391
818.558
819.589
820.867
821.951
823.066
824.164
825.232
826.456
827.545
828.544
829.671
830.77
831.92
833.063
834.303
835.304
836.603
837.761
839.017
840.309
841.321
842.518
843.693
844.836
845.969
847.121
848.145
849.437
850.56
851.856
853.002
854.23
855.442
856.576
857.659
858.844
859.996
861.189
862.421
863.64
864.947
866.298
867.655
868.939
870.207
871.444
872.676
873.974
875.381
876.777
878.237
879.663
881.033
882.422
883.866
885.248
886.6
887.978
889.394
890.715
891.984
893.398
894.791
896.225
897.454
898.849
900.075
901.49
902.753
904.119
905.457
906.9
908.267
909.607
910.981
912.275
913.601
914.903
916.136
917.393
918.984
920.477
921.803
923.212
924.544
925.769
926.97
928.133
929.362
930.724
932.025
933.425
934.852
936.326
937.704
939.057
940.277
941.474
942.955
944.302
945.621
946.997
948.406
949.862
951.207
952.649
953.993
955.323
956.628
957.92
959.254
960.467
961.916
963.298
964.649
965.983
967.309
968.7
970.093
971.338
972.569
974.163
975.614
976.861
978.229
979.718
981.041
982.468
983.837
985.406
986.836
988.102
989.488
990.904
992.221
993.726
995.013
996.445
997.759
999.251
1000.64
1002.12
1003.45
1004.9
1006.18
1007.55
1008.78
1010.1
1011.35
1012.54
1013.67
1014.96
1016.29
1017.68
1019.05
1020.24
1021.66
1022.99
1024.11
1025.29
1026.45
1027.63
1028.67
1029.98
1031.29
1032.51
1033.61
1034.89
1036.16
1037.53
1038.76
1040.17
1041.59
1042.79
1044.06
1045.36
1046.62
1047.79
1049.15
1050.39
1051.7
1052.96
1054.28
1055.44
1056.65
1057.83
1058.88
1060.27
1061.46
1062.76
1064.05
1065.4
1066.69
1068.08
1069.37
1070.56
1071.84
1072.97
1074.16
1075.2
1076.52
1077.78
1079.08
1080.38
1081.53
1082.76
1083.89
1084.99
1086.17
1087.27
1088.49
1089.53
1090.72
1091.92
1093.13
1094.45
1095.6
1096.72
1097.92
1099.07
1100.31
1101.56
1102.65
1103.81
1104.95
1106.28
1107.46
1108.67
1109.87
1111.04
1112.33
1113.55
1114.79
1115.98
1117.12
