1
12
15.5
17.5
17.75
19.75
20.0833
23.6548
24.1548
27.8214
47.3853
58.4368
80.7201
119.524
151.257
178.99
209.848
234.62
250.634
262.224
273.152
282.088
290.804
298.819
307.489
316.826
325.702
336.16
346.995
356.244
364.583
373.445
382.383
391.564
400.186
406.584
412.915
419.131
424.71
430.035
435.801
441.267
446.404
452.064
458.124
463.762
470.05
476.277
482.955
489.243
496.595
504.03
510.603
517.753
523.842
530.445
536.314
541.912
547.137
552.655
557.294
562.104
567.327
572.153
576.433
581.251
586.562
591.45
595.993
600.308
604.452
608.688
613.045
617.141
620.913
625.034
629.099
632.862
636.554
640.206
643.933
647.562
650.878
653.826
657.561
660.933
663.823
667.005
669.899
673.346
676.639
679.85
682.605
686.159
689.679
692.9
696.212
699.685
702.795
705.711
709.071
711.781
714.817
717.495
720.214
722.818
725.541
728.574
731.065
733.445
735.827
738.632
741.437
743.598
745.926
748.17
750.539
752.999
755.287
757.881
760.407
762.67
765.231
767.517
769.784
772.182
774.648
776.85
779.265
781.468
783.729
785.971
788.261
790.225
792.417
794.618
796.82
798.787
800.515
802.699
804.726
806.701
808.556
810.469
812.417
814.272
815.881
817.642
819.64
821.543
823.353
825.18
827.335
829.271
831.2
833.181
834.954
836.833
838.695
840.915
842.882
844.852
846.92
848.937
850.896
852.815
854.544
856.354
858.255
860.079
861.945
863.803
865.556
867.301
869.222
870.763
872.472
874.394
876.14
877.884
879.827
881.6
883.248
885.063
886.73
888.423
890.356
892.028
893.889
895.658
897.424
899.448
901.284
903.045
904.762
906.484
908.303
910.037
911.57
913.181
914.904
916.562
918.109
919.811
921.682
923.442
924.971
926.287
927.949
929.567
931.015
932.618
934.16
935.631
937.152
938.539
940.086
941.497
942.872
944.205
945.529
946.822
948.193
949.456
950.729
952.115
953.27
954.543
955.741
957.028
958.132
959.358
960.582
961.911
963.136
964.367
965.565
966.726
967.866
969.084
970.27
971.444
972.471
973.686
974.796
976.046
977.249
978.395
979.582
980.83
981.863
982.983
984.154
985.281
986.361
987.423
988.453
989.601
990.693
991.917
993.022
994.1
995.094
996.135
997.282
998.299
999.341
1000.44
1001.61
1002.68
1003.67
1004.65
1005.57
1006.7
1007.72
1008.73
1009.74
1010.77
1011.89
1012.87
1013.93
1014.89
1015.89
1016.79
1017.7
1018.75
1019.68
1020.67
1021.71
1022.6
1023.54
1024.53
1025.6
1026.59
1027.61
1028.6
1029.62
1030.5
1031.44
1032.27
1033.24
1034.1
1035.01
1035.93
1036.86
1037.78
1038.76
1039.71
1040.56
1041.37
1042.34
1043.36
1044.28
1045.14
1045.96
1046.83
1047.68
1048.6
1049.48
1050.38
1051.29
1052.13
1053.02
1053.97
1054.96
1055.83
1056.76
1057.5
1058.29
1059.17
1060.13
1060.97
1061.93
1062.76
1063.66
1064.62
1065.49
1066.35
1067.22
1068.06
1068.94
1069.96
1070.82
1071.66
1072.47
1073.35
1074.16
1075.06
1075.88
1076.68
1077.59
1078.43
1079.28
1080.15
1081.09
1081.9
1082.81
1083.62
1084.39
1085.24
1086.06
1086.87
1087.74
1088.53
1089.29
1090.14
1090.98
1091.9
1092.71
1093.51
1094.28
1095.05
1095.8
1096.61
1097.32
1098.16
1098.98
1099.81
1100.51
1101.31
1102.11
1102.94
1103.7
1104.46
1105.41
1106.16
1106.89
1107.62
1108.38
1109.17
1109.85
1110.64
1111.4
1112.14
1112.99
1113.77
1114.61
1115.41
1116.12
1116.95
1117.77
1118.56
1119.27
1120.04
1120.87
1121.67
1122.42
1123.24
1124.02
1124.9
1125.65
1126.46
1127.25
