1
15
15.5
16.5
17.75
18.75
24.4167
27.2738
29.7738
31.3294
46.0259
66.344
92.0918
126.834
168.374
199.766
221.305
239.15
261.072
282.841
302.079
317.723
330.794
342.489
356.193
371.527
387.505
400.876
412.286
422.8
431.927
439.826
447.068
454.586
462.691
469.739
476.811
482.833
489.26
494.621
500.24
505.397
510.532
515.117
519.518
524.125
527.891
531.594
536.071
539.943
543.795
547.848
551.881
556.146
559.847
563.507
567.573
571.097
574.771
578.114
581.99
585.658
589.247
592.645
596
599.844
603.156
606.054
609.184
612.269
615.526
618.805
622.265
625.571
628.477
631.647
635.282
638.81
642.22
645.581
648.873
652.05
655.354
658.253
661.698
664.952
667.914
671.14
674.346
677.735
680.598
683.729
686.421
689.4
692.251
695.08
697.631
700.435
702.969
705.88
708.704
711.491
714.285
716.888
719.532
722.426
724.849
727.604
730.094
732.608
735.403
738.025
741.033
743.783
746.239
749.164
751.553
754.391
757.015
759.479
762.237
764.616
767.311
769.915
772.41
775.096
777.57
780.326
782.667
784.88
787.131
789.557
791.788
794.159
796.557
798.544
800.887
803.077
805.551
807.682
810.105
812
814.227
816.353
818.507
820.707
822.928
825.088
827.12
829.241
831.154
833.224
835.167
837.092
838.775
840.633
842.494
844.601
846.625
848.67
850.509
852.353
854.427
856.18
858.1
859.945
861.889
863.745
865.685
867.615
869.388
871.243
873.044
874.951
876.811
878.703
880.661
882.541
884.456
886.119
887.889
889.801
891.685
893.411
895.156
896.931
898.713
900.467
902.289
904.216
905.981
907.749
909.597
911.238
913.053
914.95
916.778
918.546
920.186
922.049
923.66
925.488
927.055
928.794
930.633
932.261
933.909
935.72
937.627
939.405
941.163
942.962
944.595
946.216
947.811
949.376
950.992
952.835
954.496
956.115
957.728
959.322
960.964
962.509
964.141
965.96
967.716
969.44
971.138
972.878
974.78
976.751
978.51
980.399
982.143
984.169
986.022
987.893
989.74
991.513
993.332
995.137
996.889
998.757
1000.62
1002.54
1004.2
1006.1
1007.72
1009.47
1011.16
1012.79
1014.43
1016.2
1017.81
1019.4
1021.04
1022.76
1024.17
1025.72
1027.4
1028.91
1030.5
1032.15
1033.81
1035.3
1036.84
1038.38
1039.77
1041.29
1042.78
1044.24
1045.69
1047.13
1048.59
1049.96
1051.2
1052.59
1053.92
1055.45
1056.95
1058.16
1059.65
1061.08
1062.27
1063.66
1064.91
1066.05
1067.47
1068.76
1070.24
1071.49
1072.91
1074.02
1075.28
1076.44
1077.62
1078.89
1080.05
1081.19
1082.39
1083.58
1084.84
1086.18
1087.35
1088.53
1089.73
1090.86
1092.09
1093.31
1094.44
1095.77
1096.95
1098.18
1099.24
1100.45
1101.72
1103.02
1104.11
1105.27
1106.32
1107.39
1108.55
1109.76
1110.93
1112.1
1113.32
1114.43
1115.66
1116.89
1118.04
1119.28
1120.55
1121.77
1122.85
1123.99
1125.08
1126.29
1127.5
1128.72
1129.86
1131.04
1132.14
1133.26
1134.51
1135.53
1136.61
1137.68
1138.6
1139.71
1140.76
1141.93
1143.09
1144.21
1145.31
1146.36
1147.45
1148.56
1149.7
1150.82
1151.87
1152.83
1153.98
1155.08
1156.11
1157.31
1158.32
1159.29
1160.4
1161.65
1162.68
1163.76
1164.84
1165.92
1167.04
1168.16
1169.28
1170.41
1171.5
1172.85
1173.96
1175.09
1176.29
1177.39
1178.62
1179.93
1181.06
1182.32
1183.47
1184.67
1185.79
1186.99
1188.2
1189.38
1190.64
1191.73
1192.84
1193.9
1194.96
1196.09
1197.22
1198.23
1199.3
1200.48
1201.6
1202.63
1203.73
1204.8
1205.77
1206.8
1207.92
1209.06
1209.98
