1
12
14.5
19.5
20.5
21.3
22.6333
28.4905
30.7405
30.9627
50.3957
68.8861
96.956
136.317
165.038
193.413
214.048
236.706
261.583
283.31
298.82
309.817
319.721
329.586
337.991
346.473
355.228
363.337
371.209
377.637
384.392
391.373
397.535
404.612
410.763
418.576
426.317
432.906
440.012
446.4
453.175
459.381
466.036
472.764
479.371
485.264
490.901
497.255
503.311
508.402
513.999
518.63
523.549
528.663
533.372
537.725
542.29
546.522
550.564
554.607
558.365
562.571
566.774
571.236
575.502
579.561
584.296
589.015
593.694
598.879
604.281
610.529
616.539
622.983
628.681
634.841
639.992
644.778
649.443
654.312
658.977
662.819
666.987
671.541
675.865
680.417
684.956
689.053
693.59
697.444
701.651
705.954
710.728
714.632
718.911
722.908
726.74
730.697
734
737.532
741.279
744.275
747.142
750.274
753.262
756.735
759.446
762.419
765.58
768.544
771.553
774.604
777.604
780.85
784.006
786.869
789.655
792.218
794.919
797.698
800.355
802.565
804.842
807.172
809.957
812.47
814.591
816.673
819.118
821.438
823.874
826.354
828.738
831.009
833.167
835.476
837.761
840.072
842.198
844.259
846.341
848.497
850.496
852.356
854.589
856.668
858.627
860.421
862.436
864.326
866.458
868.435
870.148
872.085
873.785
875.543
877.383
879.316
880.993
882.897
884.66
886.392
888.191
890
891.806
893.617
895.48
897.382
898.986
900.731
902.273
904.02
905.918
907.657
909.493
911.325
913.284
914.842
916.754
918.647
920.798
922.52
924.46
926.238
928.159
930.031
932.116
934.328
936.227
938.344
940.108
942
944.053
946.01
947.755
949.507
951.473
953.184
955.112
957.093
959.031
960.88
962.763
964.469
966.271
968.111
970.088
972.098
973.813
975.621
977.177
978.92
980.628
982.538
984.334
985.952
987.85
989.615
991.253
992.966
994.578
996.189
997.777
999.416
1001.03
1002.67
1004.16
1005.68
1007.23
1008.92
1010.5
1012.44
1014.07
1015.66
1017.23
1018.82
1020.42
1021.94
1023.66
1025.24
1026.86
1028.5
1030.17
1031.81
1033.68
1035.48
1036.98
1038.72
1040.31
1041.94
1043.7
1045.4
1047
1048.85
1050.56
1052.39
1054.06
1055.83
1057.53
1059.23
1060.91
1062.69
1064.43
1066.14
1067.93
1069.51
1071.17
1072.79
1074.64
1076.53
1078.17
1079.95
1081.65
1083.27
1085.11
1086.91
1088.53
1090.52
1092.37
1094.28
1096.3
1098.17
1100.08
1101.67
1103.39
1105.08
1106.88
1108.51
1110.14
1111.85
1113.58
1115.14
1116.67
1118.29
1119.94
1121.4
1123.02
1124.68
1126.35
1127.96
1129.71
1131.25
1132.91
1134.67
1136.4
1138.1
1139.67
1141.31
1143.13
1144.57
1146.31
1147.86
1149.46
1150.77
1152.38
1153.76
1155.25
1156.94
1158.47
1160.14
1161.38
1162.96
1164.44
1165.9
1167.33
1168.81
1170.29
1171.71
1173.04
1174.34
1175.74
1177.05
1178.31
1179.69
1181.14
1182.47
1183.93
1185.23
1186.4
1187.68
1188.87
1190.22
1191.49
1192.66
1193.99
1195.26
1196.52
1197.77
1199.05
1200.28
1201.55
1202.73
1203.98
1205.15
1206.46
1207.83
1209.06
1210.23
1211.37
1212.58
1213.88
1215.12
1216.3
1217.6
1218.76
1219.88
1221.13
1222.39
1223.57
1224.73
1225.94
1227.04
1228.14
1229.36
1230.44
1231.37
1232.55
1233.6
1234.72
1235.94
1237.07
1238.06
1239.05
1240.15
1241.2
1242.22
1243.24
1244.22
1245.25
1246.18
1247.26
1248.25
1249.21
1250.23
1251.16
1252.12
1253.01
1253.94
1254.96
1256.01
1256.95
1257.92
1258.89
1259.85
1260.68
1261.63
1262.57
1263.58
1264.48
1265.44
1266.31
1267.2
1268.17
