1
13
14
20.3333
24.3333
27.9333
29.2667
29.981
30.356
30.6893
45.9238
60.4313
86.8813
133.947
178.377
205.202
232.45
250.593
265.263
278.381
290.762
301.606
310.658
318.488
326.894
334.922
342.885
350.778
359.628
366.556
373.511
380.673
386.946
393.514
400.183
406.607
413.075
419.881
426.112
432.232
437.421
443.37
449.089
453.825
458.795
463.649
467.87
472.416
476.884
481.641
486.254
491.822
497.002
501.997
507.965
514.011
519.053
523.593
527.872
532.478
536.994
541.232
545.722
549.964
554.298
558.525
562.658
566.836
570.563
574.172
577.838
581.419
584.657
588.241
592.302
595.778
599.369
602.961
606.413
609.701
613.217
616.485
619.71
623.263
626.689
629.718
632.388
635.484
638.825
641.58
644.496
647.474
650.236
652.968
656.109
659.138
661.951
664.676
667.65
670.34
673.109
675.996
678.312
681.019
683.459
686.081
688.362
690.501
692.79
695.232
697.568
699.632
702.003
704.335
706.409
708.615
710.829
712.963
715.173
717.009
719.212
721.252
723.134
725.229
727.448
729.39
731.444
733.368
735.345
737.313
739.177
740.986
742.817
744.547
746.141
748.059
749.867
751.681
753.463
754.922
756.596
758.132
759.739
761.438
763.048
764.692
766.382
768.297
769.979
771.68
773.13
774.662
776.416
778.094
779.843
781.488
783.187
784.883
786.523
788.193
789.942
791.789
793.347
794.963
796.778
798.38
800.151
801.682
803.46
805.152
806.774
808.23
809.896
811.504
813.009
814.572
816.274
817.773
819.406
820.704
821.992
823.363
824.987
826.259
827.721
829.028
830.426
831.778
833.314
834.723
836.171
837.403
838.609
840.055
841.269
842.544
843.653
844.869
846.251
847.568
848.816
850.023
851.469
852.781
854.212
855.605
856.892
858.318
859.6
860.902
862.286
863.779
865.058
866.491
867.848
869.224
870.703
871.946
873.349
874.648
876.119
877.531
878.886
880.241
881.666
882.911
884.255
885.627
887.001
888.416
889.745
891.05
892.459
893.854
895.247
896.584
897.928
899.325
900.615
902.138
903.513
904.954
906.209
907.841
909.16
910.54
912.025
913.452
914.635
915.933
917.467
919.044
920.391
921.818
923.22
924.688
926.125
927.561
928.958
930.29
931.761
933.396
934.861
936.352
937.677
939.118
940.425
942.009
943.534
944.831
946.314
947.714
949.054
950.624
951.944
953.233
954.741
956.087
957.308
958.73
960.281
961.5
962.896
964.231
965.481
966.802
968.235
969.958
971.286
972.654
974.101
975.383
976.904
978.374
979.949
981.412
982.806
984.211
985.694
987.004
988.515
990.03
991.435
992.916
994.296
995.724
996.987
998.366
999.683
1000.98
1002.45
1003.8
1005.35
1006.85
1008.28
1009.81
1011.03
1012.48
1013.85
1015.32
1016.74
1018.18
1019.49
1020.84
1022.18
1023.52
1024.98
1026.37
1027.82
1029.19
1030.58
1032.02
1033.47
1034.91
1036.3
1037.66
1039.06
1040.44
1041.78
1043.09
1044.54
1045.86
1047.46
1048.93
1050.2
1051.58
1052.92
1054.25
1055.57
1056.95
1058.33
1059.86
1061.33
1062.7
1064.01
1065.47
1066.87
1068.29
1069.63
1071.21
1072.57
1073.93
1075.35
1076.74
1078.25
1079.61
1080.87
1082.39
1083.78
1085.17
1086.4
1087.61
1089
1090.3
1091.61
1093.1
1094.53
1096
1097.39
1098.69
1099.92
1101.07
1102.34
1103.59
1104.84
1105.86
1107.03
1108.39
1109.69
1110.84
1112.02
1113.19
1114.53
1115.78
1116.92
1118.04
1119.21
1120.45
1121.82
1122.97
1124.08
1125.35
1126.51
1127.76
1128.96
1130.05
1131.27
1132.49
1133.75
1135.04
1136.26
1137.39
1138.61
