2
3
3.83333
4
4.16667
6.41667
7
7.41667
7.54167
12.1429
18.5947
25.4045
31.0096
32.8073
39.5875
47.1247
52.3869
56.0463
59.7087
62.956
65.5876
67.9856
70.6523
72.8474
75.1253
77.4951
79.8043
81.9375
83.6613
85.171
86.954
88.5915
90.1217
91.8339
93.6634
95.401
97.0727
98.7304
100.842
102.57
104.065
105.399
106.706
108.16
109.654
111.046
112.626
114.045
115.68
117.29
118.46
119.898
121.471
122.881
124.271
125.983
127.438
129.272
130.753
132.254
133.795
135.277
136.751
138.112
139.908
141.323
142.987
144.688
146.319
148.026
149.622
151.036
152.625
154.153
155.753
157.853
159.54
161.138
162.508
164.019
165.401
166.715
168.225
169.556
170.775
172.08
173.335
174.638
175.946
177.272
178.507
179.848
181.076
182.242
183.533
184.71
185.769
186.756
187.848
188.718
189.712
190.655
191.643
192.519
193.446
194.321
195.256
196.09
196.914
197.844
198.653
199.502
200.444
201.336
202.336
203.195
204.067
204.942
205.867
206.741
207.548
208.504
209.321
210.218
211.148
211.998
212.887
213.691
214.587
215.404
216.349
217.232
218.007
218.869
219.613
220.504
221.285
222.086
222.938
223.834
224.712
225.453
226.17
226.847
227.593
228.424
229.161
229.87
230.622
231.375
232.113
232.846
233.661
234.368
235.087
235.876
236.64
237.429
238.274
239.099
239.97
240.801
241.573
242.304
243.063
243.763
244.559
245.28
245.972
246.663
247.363
248.112
248.731
249.36
249.878
250.492
251.11
251.674
252.216
252.75
253.346
253.938
254.481
255.006
255.499
256.034
256.555
257.103
257.597
258.124
258.751
259.3
259.813
260.373
260.891
261.43
261.944
262.44
262.978
263.425
264.009
264.523
264.95
265.432
265.979
266.526
266.957
267.416
267.899
268.404
268.88
269.384
269.792
270.292
270.739
271.194
271.632
272.044
272.518
272.96
273.375
273.754
274.136
274.529
274.957
275.393
275.852
276.277
276.687
277.072
277.549
278.01
278.446
278.946
279.414
279.902
280.344
280.844
281.295
281.75
282.206
282.667
283.109
283.556
284.02
284.449
284.875
285.26
285.674
286.099
286.522
286.941
287.356
287.707
288.122
288.523
288.941
289.401
289.79
290.203
290.606
291.043
291.45
291.894
292.313
292.711
293.107
293.506
293.891
294.322
294.694
295.147
295.531
295.865
296.258
296.7
297.071
297.45
297.832
298.158
298.578
298.961
299.367
299.755
300.183
300.622
301.005
301.366
301.784
302.197
302.629
302.955
303.368
303.742
304.148
304.517
304.888
305.312
305.704
306.115
306.475
306.867
307.228
307.641
307.999
308.369
308.741
309.153
309.511
309.911
310.324
310.731
311.137
311.565
311.996
312.439
312.87
313.305
313.679
314.022
314.431
314.83
315.264
315.668
316.078
316.511
316.909
317.352
317.804
318.256
318.678
319.071
319.48
319.883
320.281
320.709
321.037
321.477
321.934
322.318
322.787
323.214
323.635
324.028
324.452
324.839
325.278
325.681
326.092
326.476
326.88
327.272
327.694
328.092
328.501
328.894
329.299
329.705
330.09
330.544
330.927
331.36
331.722
332.12
332.516
332.944
333.328
333.73
334.125
334.572
335.037
335.495
335.916
336.308
336.711
337.082
337.496
337.9
338.359
338.778
339.217
339.563
339.963
340.354
340.74
341.193
341.648
342.064
342.562
343.103
343.544
344.007
344.44
344.923
345.416
345.888
346.397
346.886
347.406
347.988
348.49
348.98
349.527
350.054
350.64
351.209
351.78
352.326
352.847
353.324
353.875
354.355
354.915
355.445
356.054
356.594
357.16
357.692
358.224
358.797
359.329
359.843
360.368
360.888
361.432
361.917
362.526
363.07
363.621
364.212
364.791
365.345
365.894
366.419
367.038
367.586
368.204
368.763
369.317
369.854
370.426
371.037
371.581
372.199
372.798
373.385
373.97
374.616
375.196
375.72
376.376
377.071
377.668
378.31
378.916
379.561
380.315
380.951
381.699
382.439
383.128
383.849
384.691
385.509
386.27
386.993
387.909
388.845
389.722
390.561
391.534
392.651
393.578
394.649
395.974
397.05
398.228
399.495
400.817
401.973
403.2
404.646
406.118
407.594
408.909
410.333
411.873
413.3
414.723
416.372
417.989
419.64
421.625
423.325
424.861
426.943
428.795
430.725
432.814
435.158
437.452
439.963
442.25
444.912
447.845
450.838
453.967
457.71
462.631
469.87
481.368
499.614
642.506
