1
12
16.5
16.8333
17.5833
19.9833
27.4833
27.769
28.394
30.2829
50.7797
71.2076
97.7221
129.697
158.046
186.596
212.085
233.197
247.21
258.068
270.168
279.919
289.479
299.369
308.658
316.116
324.079
332.272
339.902
346.947
353.941
360.193
366.367
371.935
377.506
383.75
389.275
394.581
399.77
404.703
409.674
414.674
419.691
425.187
430.004
434.759
439.791
444.441
449.405
453.478
457.938
462.577
466.782
471.084
475.386
479.76
483.7
488.293
492.871
496.727
501.076
504.951
508.434
512.284
516.404
519.726
523.244
526.775
530.211
533.762
537.049
540.416
543.9
547.644
550.949
554.079
557.211
560.747
563.898
566.928
569.898
573.058
576.266
579.176
582.117
584.65
587.427
589.84
592.599
594.88
597.245
599.691
602.01
604.442
606.748
608.989
611.363
613.351
615.535
618.016
620.426
622.812
625.003
627.49
629.875
632.061
634.65
637.06
639.48
641.659
643.593
645.686
647.908
650.004
652.163
654.435
656.393
658.189
659.948
661.748
663.667
665.29
667.169
668.838
670.512
672.271
673.823
675.267
676.897
678.307
679.731
681.099
682.605
684.07
685.387
686.578
687.908
689.299
690.477
691.795
693.098
694.35
695.645
696.92
698.2
699.354
700.727
701.88
703.107
704.407
705.585
706.722
707.889
708.954
710.282
711.658
712.866
713.924
715.12
716.368
717.537
718.629
719.812
720.942
722.16
723.441
724.514
725.644
726.77
727.845
728.926
730.009
731.201
732.262
733.332
734.393
735.523
736.584
737.655
738.718
739.747
740.715
741.718
742.785
743.8
744.779
745.854
746.853
747.85
748.978
750.037
751.085
752.118
753.178
754.263
755.29
756.351
757.289
758.297
759.26
760.365
761.521
762.508
763.536
764.554
765.598
766.679
767.737
768.807
769.811
770.762
771.736
772.813
773.796
774.915
775.846
776.774
777.771
778.748
779.734
780.706
781.677
782.589
783.704
784.802
785.662
786.723
787.807
788.846
789.896
790.875
791.935
792.991
794.091
795.116
796.059
797.074
798.043
799.115
800.168
801.2
802.257
803.195
804.193
805.298
806.422
807.411
808.459
809.509
810.496
811.464
812.519
813.593
814.624
815.616
816.597
817.545
818.518
819.541
820.471
821.51
822.419
823.353
824.526
825.499
826.42
827.278
828.136
829.028
830.011
830.924
831.818
832.812
833.741
834.658
835.512
836.437
837.408
838.342
839.329
840.153
840.961
841.928
842.819
843.706
844.598
845.581
846.506
847.359
848.279
849.244
850.115
851.029
851.853
852.703
853.456
854.405
855.389
856.264
857.211
858.111
858.972
859.884
860.775
861.641
862.569
863.454
864.419
865.388
866.178
867.095
868.029
869.01
869.914
870.902
871.86
872.761
873.604
874.484
875.42
876.308
877.214
878.248
879.183
880.086
881.004
881.912
882.891
883.739
884.675
885.543
886.525
887.52
888.438
889.262
890.111
890.984
891.891
892.712
893.597
894.465
895.389
896.26
897.073
898.012
898.823
899.681
900.59
901.47
902.418
903.296
904.174
905.121
905.977
906.842
907.815
908.73
909.567
910.442
911.208
912.089
912.926
913.835
914.67
915.488
916.343
917.28
918.101
918.984
919.727
920.66
921.499
922.38
923.21
924.008
924.776
925.577
926.318
927.157
928.073
928.876
929.669
930.552
931.257
931.996
932.688
933.459
934.198
934.936
935.742
936.558
937.338
938.154
939.013
939.865
940.681
941.5
942.302
943.124
943.876
944.734
945.459
946.249
946.995
947.746
948.489
949.318
950.14
950.895
951.623
952.434
953.259
953.998
