2
2.5
2.83333
3.08333
3.28333
3.45
3.73571
3.86071
4.19405
6.54064
8.58973
10.3838
12.8245
13.9959
16.2113
17.9076
19.0278
20.0587
20.8102
21.4892
22.1512
22.7293
23.3592
23.8462
24.3808
24.9346
25.3822
25.8446
26.254
26.653
27.0602
27.4647
27.8579
28.2607
28.6528
29.0249
29.4115
29.7166
30.0419
30.3546
30.6641
30.9685
31.2761
31.5438
31.8024
32.0309
32.3042
32.5706
32.8143
33.058
33.2983
33.515
33.7497
33.9638
34.1853
34.4213
34.6521
34.8448
35.0425
35.2215
35.4446
35.6305
35.8038
36.0045
36.196
36.3753
36.555
36.7437
36.9292
37.1193
37.2991
37.4748
37.6463
37.8209
37.9912
38.1686
38.3631
38.5263
38.6811
38.8431
39.0207
39.1607
39.3232
39.5025
39.66
39.8095
39.9761
40.1198
40.2718
40.406
40.5517
40.6978
40.8519
41.0147
41.1393
41.2856
41.4638
41.6172
41.7552
41.9199
42.0681
42.2155
42.3531
42.4903
42.6405
42.7899
42.9473
43.0905
43.2313
43.3836
43.5391
43.6901
43.8325
43.9659
44.1183
44.2659
44.4157
44.5577
44.6972
44.8356
44.9767
45.0959
45.2303
45.3603
45.5006
45.6374
45.7702
45.9102
46.0548
46.1808
46.3054
46.445
46.5818
46.6923
46.8089
46.9415
47.0599
47.1852
47.3047
47.4275
47.561
47.6825
47.8171
47.9416
48.0616
48.1898
48.3299
48.4542
48.5859
48.7049
48.8211
48.9425
49.0791
49.1982
49.329
49.4647
49.6064
49.7322
49.848
49.9963
50.1316
50.2661
50.3957
50.5349
50.6683
50.7897
50.9159
51.048
51.1861
51.3183
51.4618
51.587
51.7218
51.8381
51.952
52.0769
52.202
52.339
52.4633
52.5949
52.7207
52.8571
52.981
53.1027
53.2203
53.3423
53.4447
53.5615
53.6901
53.8114
53.9335
54.0438
54.1529
54.2699
54.3842
54.5039
54.6217
54.7298
54.8437
54.9625
55.0777
55.1936
55.3025
55.4206
55.5373
55.6543
55.7648
55.8739
55.9752
56.0811
56.1883
56.2928
56.3874
56.4909
56.6045
56.703
56.8224
56.933
57.0433
57.1365
57.2466
57.3547
57.4546
57.5652
57.6834
57.7716
57.8888
57.9842
58.0717
58.1826
58.2797
58.3858
58.4845
58.5909
58.6731
58.7635
58.8579
58.9467
59.0364
59.1215
59.2209
59.3152
59.4055
59.4845
59.576
59.6567
59.7444
59.8274
59.9075
59.9878
60.0696
60.157
60.2477
60.3283
60.4284
60.5118
60.5927
60.6553
60.7386
60.8297
60.9173
61.0037
61.0865
61.1728
61.2519
61.3323
61.4208
61.5071
61.5953
61.6685
61.752
61.828
61.9111
61.9888
62.0743
62.1541
62.2387
62.3169
62.3961
62.4725
62.556
62.6418
62.7199
62.7976
62.8778
62.964
63.0472
63.1224
63.2009
63.2811
63.3628
63.4486
63.528
63.6034
63.6736
63.7629
63.8483
63.9268
64.0101
64.0878
64.1646
64.2353
64.3147
64.3861
64.4593
64.5467
64.6225
64.6973
64.7723
64.8463
64.9229
64.993
65.0697
65.1444
65.2176
65.2881
65.3569
65.436
65.5066
65.5758
65.6427
65.7169
65.7888
65.8595
65.9232
66.0017
66.0684
66.1336
66.201
66.2708
66.3468
66.4165
66.4875
66.5486
66.6142
66.6849
66.7513
66.8146
66.8784
66.9447
67.0105
67.072
67.1385
67.2007
67.2602
67.3161
67.3741
67.4403
67.5055
67.579
67.6432
67.7
67.7625
67.8219
67.8802
67.9418
68.0062
68.0689
68.1373
68.203
68.2617
68.3207
68.385
68.4535
68.5148
68.568
68.6289
68.6851
68.7404
68.7947
68.8486
68.9004
68.9576
69.021
69.0754
69.1345
69.1962
69.2511
69.3071
69.366
69.4243
69.4839
69.5386
69.5966
69.6519
69.7108
69.7594
69.8101
69.8667
69.9196
69.9731
70.0236
70.0722
70.1198
70.1756
70.2244
70.2805
70.3356
70.392
70.4502
70.5058
70.5615
70.6115
70.6626
70.722
70.7824
70.8358
70.8972
70.9507
71.0027
71.0572
71.1072
71.1681
71.2252
71.2846
71.3347
71.3859
71.4404
71.4974
71.5478
71.5984
71.6491
71.7028
71.7494
71.7971
71.8485
71.8984
71.9526
72.0085
72.0565
72.0983
72.1498
72.2048
72.2529
72.2999
72.3436
72.3949
72.4514
72.4979
72.542
72.5866
72.6357
72.6894
72.742
72.7912
72.838
72.8871
72.9389
72.9912
73.035
73.0774
73.1286
73.1819
73.2331
73.2768
73.3298
73.3783
73.425
73.47
73.5201
73.5647
73.6173
73.6653
73.7114
73.757
73.8049
73.8527
73.8994
73.9467
73.9872
74.0298
74.0732
74.1181
74.1638
74.2096
74.2573
74.3081
74.3617
74.4081
74.4521
74.5021
74.5543
74.5963
74.6473
74.6966
74.7477
74.8034
74.856
74.9161
74.9753
75.0338
75.095
75.1544
75.218
75.2751
75.3367
75.4069
75.4806
75.5592
75.6301
75.7109
75.7903
75.8801
75.966
76.0732
76.1927
76.3185
76.4508
76.609
76.7797
77.0354
77.3538
78.4166
