2
2.5
2.83333
3.08333
3.48333
3.65
3.93571
4.56071
4.67183
6.21187
8.79507
11.3026
13.7332
14.5943
17.0822
19.8508
21.7493
23.0951
24.2237
25.2335
26.1306
26.9541
27.8998
28.793
29.5343
30.3338
31.1111
31.7194
32.3369
32.9515
33.4458
33.8938
34.3555
34.7269
35.1182
35.4409
35.7929
36.1414
36.4875
36.7776
37.1068
37.4157
37.6812
37.9735
38.2505
38.5389
38.7987
39.0604
39.2963
39.5411
39.803
40.0042
40.2756
40.5143
40.7341
40.968
41.1875
41.39
41.5865
41.8137
42.0073
42.215
42.3895
42.5665
42.7566
42.9542
43.1414
43.3018
43.4789
43.6825
43.8546
44.0285
44.194
44.3558
44.5265
44.6952
44.8505
45.0298
45.1747
45.3477
45.5034
45.6361
45.7968
45.9386
46.0823
46.2385
46.357
46.4912
46.6335
46.7656
46.9146
47.0687
47.1983
47.3292
47.46
47.6151
47.7457
47.8825
48.0241
48.1732
48.3069
48.4353
48.5735
48.7028
48.834
48.9688
49.0938
49.215
49.3393
49.46
49.5831
49.7103
49.8344
49.9578
50.0777
50.2082
50.325
50.4397
50.5528
50.6726
50.7828
50.8972
51.014
51.1203
51.2423
51.3645
51.459
51.5752
51.6908
51.7893
51.9093
52.0401
52.1511
52.2636
52.3753
52.4714
52.5675
52.6724
52.7816
52.8907
52.9944
53.1015
53.205
53.3121
53.4121
53.5212
53.6187
53.7179
53.8266
53.9183
54.0219
54.1213
54.2175
54.3228
54.4182
54.5119
54.6071
54.7029
54.8094
54.898
54.9936
55.088
55.181
55.2744
55.3653
55.4566
55.5427
55.623
55.7116
55.7973
55.8956
55.9773
56.0564
56.1375
56.2125
56.3073
56.3971
56.4822
56.5605
56.6498
56.7382
56.8337
56.932
57.0157
57.1045
57.1835
57.257
57.33
57.4179
57.4907
57.5794
57.6553
57.747
57.8312
57.9061
57.9858
58.0686
58.1523
58.2235
58.2946
58.3763
58.4525
58.5273
58.5975
58.6807
58.7587
58.8291
58.8985
58.9741
59.056
59.1365
59.2062
59.2741
59.3513
59.421
59.4886
59.5573
59.6238
59.6995
59.7777
59.8399
59.9117
59.9787
60.0458
60.1108
60.1887
60.2608
60.3252
60.3843
60.4495
60.5102
60.576
60.6367
60.7012
60.7771
60.8446
60.9045
60.9698
61.0272
61.0924
61.1538
61.2175
61.2883
61.3516
61.4231
61.4881
61.5467
61.6057
61.6648
61.7321
61.7862
61.8508
61.9211
61.9863
62.0621
62.1294
62.1836
62.2388
62.3042
62.3618
62.421
62.492
62.5555
62.6161
62.6708
62.7289
62.7888
62.856
62.9235
62.9829
63.0461
63.1124
63.1761
63.2397
63.2987
63.3626
63.4284
63.4957
63.5545
63.6131
63.6754
63.7411
63.8054
63.8698
63.9247
63.9783
64.0307
64.0892
64.1428
64.1979
64.254
64.3156
64.3743
64.4281
64.487
64.5454
64.6087
64.677
64.7328
64.7915
64.8559
64.9145
64.9664
65.0237
65.0833
65.134
65.1906
65.2486
65.3099
65.3612
65.4186
65.4724
65.529
65.5891
65.6568
65.7163
65.7865
65.8393
65.8981
65.9515
66.0111
66.0659
66.1214
66.1764
66.2336
66.2857
66.3412
66.3944
66.4552
66.5126
66.5685
66.617
66.6727
66.7233
66.7839
66.8325
66.8798
66.9305
66.9824
67.0405
67.0972
67.1534
67.2063
67.2575
67.3054
67.3604
67.411
67.4585
67.5068
67.5612
67.6082
67.6631
67.7193
67.7698
67.818
67.8678
67.9197
67.9705
68.0268
68.075
68.1262
68.175
68.2251
68.2712
68.3194
68.3702
68.4167
68.4733
68.5252
68.5731
68.6247
68.6768
68.72
68.7649
68.8211
68.8681
68.9174
68.9655
69.0153
69.0611
69.1137
69.1659
69.2169
69.2629
69.3148
69.3607
69.4096
69.4571
69.5086
69.5574
69.6068
69.6566
69.7056
69.7499
69.7949
69.8431
69.8877
69.9349
69.9817
70.0309
70.0791
70.1262
70.1716
70.2222
70.2673
70.3153
70.37
70.4196
70.4613
70.5048
70.5565
70.6027
70.647
70.6972
70.7438
70.791
70.837
70.8813
70.9299
70.9734
71.0178
71.066
71.1138
71.1579
71.2062
71.2555
71.3012
71.3395
71.3838
71.4259
71.4708
71.5127
71.5504
71.5939
71.637
71.6831
71.7273
71.7709
71.8142
71.8577
71.9037
71.9468
71.9869
72.0342
72.0767
72.1178
72.157
72.201
72.2442
72.284
72.3261
72.373
72.4117
72.4523
72.4961
72.5367
72.5824
72.6289
72.672
72.7153
72.759
72.8041
72.8452
72.8934
72.9349
72.9785
73.0228
73.0769
73.1214
73.1687
73.2158
73.2598
73.3057
73.3493
73.3945
73.4453
73.4905
73.5313
73.5775
73.6286
73.6824
73.731
73.7906
73.8485
73.9024
73.9598
74.0126
74.0782
74.1515
74.2109
74.2693
74.3332
74.3994
74.4629
74.526
74.5852
74.6495
74.716
74.7839
74.8541
74.9167
74.9965
75.0765
75.1613
75.246
75.3434
75.4472
75.5406
75.6684
75.8108
76.0301
76.4408
77.892
