2
2.5
2.83333
3.08333
3.28333
3.45
3.59286
4.09286
4.5373
6.75203
8.68419
11.3795
15.6385
17.3263
20.8025
22.9443
24.5972
25.8885
26.9173
27.7993
28.6899
29.5255
30.3417
31.0294
31.6281
32.2247
32.8266
33.3572
33.8626
34.4713
35.0182
35.5935
36.1584
36.7297
37.2909
37.7726
38.254
38.7215
39.1188
39.5233
39.9585
40.336
40.7463
41.0635
41.442
41.8253
42.1916
42.5595
42.9055
43.2353
43.5154
43.8254
44.0938
44.3809
44.6705
44.9903
45.2716
45.5396
45.8243
46.1196
46.3931
46.641
46.9271
47.2013
47.4654
47.7337
47.993
48.2413
48.4712
48.7184
48.9712
49.1869
49.4075
49.6239
49.8325
50.0652
50.249
50.4337
50.6328
50.8395
51.0321
51.2139
51.4228
51.5992
51.7937
52.0118
52.2045
52.3782
52.5612
52.7628
52.9503
53.1403
53.3384
53.5208
53.6813
53.8776
54.0516
54.2245
54.3966
54.5667
54.74
54.8907
55.0566
55.2066
55.358
55.533
55.6995
55.8514
56.0111
56.1601
56.322
56.4573
56.6129
56.7629
56.8972
57.0518
57.2039
57.342
57.4771
57.6087
57.7409
57.8673
58.0046
58.1229
58.2334
58.3496
58.467
58.5904
58.6885
58.7974
58.8941
59.0007
59.0971
59.203
59.3056
59.4173
59.5265
59.6339
59.7307
59.8268
59.9439
60.0436
60.1367
60.2394
60.3455
60.4362
60.5486
60.635
60.7241
60.8166
60.9035
60.9988
61.0913
61.1795
61.2627
61.3515
61.4509
61.5308
61.6322
61.721
61.8107
61.9057
61.992
62.0752
62.1581
62.2358
62.3181
62.3935
62.4931
62.5648
62.6492
62.7295
62.8026
62.8786
62.9478
63.0173
63.0979
63.1748
63.2521
63.3264
63.3991
63.4734
63.5504
63.623
63.6992
63.7653
63.8241
63.891
63.9632
64.0447
64.1097
64.1849
64.2594
64.3216
64.3879
64.4571
64.5264
64.5946
64.661
64.7342
64.807
64.8736
64.946
65.0144
65.0753
65.1382
65.2106
65.2797
65.3509
65.4278
65.4983
65.5723
65.6322
65.6993
65.7685
65.8245
65.8872
65.954
66.0174
66.0847
66.155
66.2173
66.2813
66.3397
66.4024
66.4707
66.5325
66.5913
66.6544
66.7213
66.7785
66.8404
66.9023
66.9634
67.029
67.0923
67.1508
67.2181
67.2771
67.3409
67.4059
67.4665
67.523
67.585
67.6534
67.7189
67.7837
67.8512
67.9122
67.978
68.0401
68.098
68.1623
68.224
68.2883
68.3455
68.4157
68.4801
68.546
68.6043
68.6646
68.7125
68.7718
68.8351
68.8963
68.9596
69.0141
69.0719
69.1264
69.1841
69.2433
69.2987
69.3589
69.4214
69.4755
69.5304
69.5887
69.6363
69.6948
69.7478
69.8076
69.8702
69.9345
69.9932
70.0547
70.1141
70.1693
70.2281
70.2865
70.3383
70.3979
70.4553
70.5059
70.5627
70.6236
70.6759
70.7298
70.7812
70.8329
70.8876
70.9395
70.9883
71.041
71.0993
71.1625
71.2113
71.2664
71.3169
71.3722
71.4278
71.4762
71.5277
71.5858
71.6455
71.6967
71.7422
71.7932
71.844
71.8947
71.9432
71.9909
72.0397
72.0884
72.1336
72.1778
72.2258
72.2747
72.323
72.3705
72.4205
72.4657
72.5111
72.5572
72.6037
72.6533
72.6941
72.735
72.7824
72.8305
72.8784
72.9211
72.9647
73.0177
73.0648
73.1117
73.1578
73.2082
73.2491
73.2927
73.3342
73.3763
73.4209
73.4587
73.5052
73.5496
73.604
73.6462
73.6942
73.7377
73.7802
73.8225
73.8657
73.9102
73.9591
74.0037
74.0451
74.0887
74.1277
74.1753
74.212
74.2542
74.2986
74.3369
74.3797
74.4206
74.464
74.5046
74.5464
74.5873
74.6232
74.6635
74.7005
74.7425
74.7847
74.8246
74.8656
74.9052
74.941
74.9826
75.0202
75.058
75.1004
75.1398
75.1845
75.2216
75.2593
75.2983
75.341
75.3803
75.417
75.4556
75.4932
75.5246
75.5586
75.5988
75.6384
75.6785
75.7179
75.7527
75.7839
75.8219
75.8606
75.8934
75.9337
75.9724
76.0119
76.0484
76.0872
76.127
76.1667
76.2065
76.2459
76.2894
76.3261
76.3673
76.4027
76.4377
76.4758
76.5159
76.555
76.594
76.6381
76.678
76.7165
76.7516
76.7903
76.8288
76.8745
76.9106
76.9453
76.9836
77.0285
77.0617
77.0998
77.1379
77.1736
77.21
77.2493
77.2882
77.3305
77.3801
77.4244
77.4635
77.5008
77.5363
77.5762
77.6138
77.6526
77.6927
77.729
77.7665
77.806
77.8459
77.8807
77.9157
77.9543
77.9984
78.0353
78.0774
78.1229
78.1647
78.2055
78.2459
78.2863
78.3285
78.372
78.4178
78.4628
78.5073
78.5529
78.5965
78.6371
78.6835
78.7284
78.7721
78.8193
78.8641
78.9114
78.962
79.0098
79.0623
79.1129
79.1646
79.2113
79.2671
79.327
79.3864
79.4442
79.5018
79.5691
79.624
79.6834
79.7502
79.8196
79.8982
79.9815
80.0826
80.183
80.3261
80.4557
80.6326
80.9087
82.2244
