2
3
3.33333
3.58333
3.78333
4.11667
4.25952
4.50952
4.62063
6.5339
8.67113
10.364
12.9087
13.9554
17.0482
20.2308
22.1902
24.013
25.3206
26.554
27.5577
28.5859
29.4932
30.242
30.9207
31.6381
32.3695
33.0732
33.7543
34.4738
35.1222
35.7606
36.3877
36.9945
37.6131
38.1725
38.7513
39.2813
39.8177
40.384
40.9513
41.5594
42.2429
42.9264
43.4128
43.9222
44.3636
44.7985
45.1236
45.5035
45.8701
46.1757
46.4793
46.8014
47.0955
47.3544
47.6354
47.8743
48.1547
48.3845
48.6526
48.9276
49.1395
49.3673
49.6019
49.8309
50.0346
50.2336
50.4657
50.6641
50.8663
51.0767
51.2942
51.4944
51.6863
51.8781
52.0592
52.2138
52.3903
52.5679
52.7197
52.872
53.034
53.1694
53.352
53.5278
53.6637
53.8162
53.9393
54.0938
54.2435
54.3843
54.5209
54.6549
54.7939
54.9228
55.0573
55.1747
55.2943
55.4212
55.5463
55.6626
55.7851
55.8903
56.0053
56.1296
56.2353
56.354
56.4714
56.5899
56.7006
56.8171
56.926
57.0349
57.1441
57.2521
57.3625
57.4769
57.5775
57.6779
57.7797
57.8727
57.9778
58.0837
58.1774
58.2681
58.358
58.4524
58.5461
58.6455
58.7357
58.8084
58.8934
58.981
59.0625
59.1532
59.2527
59.3394
59.4299
59.5153
59.5996
59.6854
59.7685
59.8584
59.9517
60.0431
60.1369
60.219
60.2993
60.3736
60.4623
60.5439
60.6216
60.7036
60.7891
60.8724
60.9597
61.034
61.1028
61.1837
61.2624
61.3456
61.4231
61.4926
61.5671
61.637
61.7158
61.7951
61.8673
61.9375
62.0187
62.0922
62.1682
62.239
62.3084
62.3775
62.4458
62.506
62.5734
62.6385
62.7162
62.7871
62.8556
62.9277
63.0005
63.0714
63.1459
63.2119
63.2814
63.3443
63.4074
63.4796
63.5437
63.6121
63.6797
63.7461
63.8138
63.8731
63.9309
63.9907
64.0579
64.1225
64.1881
64.2507
64.323
64.3836
64.4569
64.5239
64.5789
64.6431
64.7052
64.7605
64.8084
64.8703
64.9255
64.9891
65.0552
65.1068
65.1648
65.2223
65.2719
65.3314
65.3913
65.4493
65.5018
65.5624
65.6195
65.6711
65.7299
65.7872
65.8483
65.9029
65.9624
66.0162
66.0669
66.1233
66.186
66.2417
66.2987
66.3505
66.4034
66.4592
66.5136
66.5675
66.6234
66.6751
66.7321
66.7931
66.8451
66.8999
66.9524
67.0051
67.0572
67.1107
67.1575
67.2089
67.2622
67.3207
67.3705
67.423
67.4758
67.5374
67.5872
67.6477
67.6983
67.7575
67.8143
67.858
67.9111
67.9631
68.0168
68.0749
68.128
68.1816
68.2368
68.2851
68.3359
68.3841
68.4352
68.484
68.5357
68.5822
68.6368
68.6876
68.7488
68.7951
68.8469
68.9
68.9466
68.9941
69.04
69.0882
69.1472
69.199
69.2513
69.3043
69.3563
69.4095
69.4619
69.5113
69.563
69.6127
69.661
69.7131
69.768
69.8267
69.8793
69.9354
69.9899
70.0475
70.1027
70.1554
70.215
70.2692
70.3258
70.3796
70.4394
70.4927
70.5442
70.5988
70.6505
70.7084
70.7624
70.8216
70.871
70.9295
70.9785
71.0347
71.0864
71.1434
71.1953
71.2414
71.2896
71.3442
71.4
71.4524
71.5036
71.558
71.6133
71.6604
71.7125
71.7671
71.8218
71.8729
71.9279
71.9848
72.0409
72.092
72.1499
72.2053
72.256
72.3112
72.3662
72.4178
72.4667
72.5184
72.5683
72.6225
72.6756
72.7329
72.789
72.8421
72.8959
72.9508
73.0052
73.0553
73.108
73.1596
73.2073
73.2559
73.3117
73.3636
73.4154
73.4672
73.5192
73.5719
73.6245
73.6766
73.7287
73.7824
73.8372
73.8983
73.9544
74.0037
74.0564
74.1086
74.156
74.2102
74.2669
74.3215
74.3805
74.4323
74.4834
74.5362
74.5814
74.6321
74.6799
74.7297
74.7786
74.8315
74.8871
74.9422
74.9918
75.0397
75.0872
75.1411
75.1895
75.2419
75.2998
75.3496
75.4015
75.4483
75.5016
75.5502
75.6049
75.6558
75.7087
75.7622
75.8152
75.8691
75.9219
75.9781
76.0329
76.0819
76.1355
76.1837
76.2371
76.2866
76.3366
76.3846
76.4284
76.4765
76.5293
76.5831
76.6322
76.6883
76.7373
76.7938
76.8456
76.9032
76.9506
77.0031
77.0548
77.1086
77.1565
77.2052
77.2591
77.3108
77.3608
77.4132
77.4632
77.5012
77.5575
77.6064
77.6622
77.7149
77.7722
77.8266
77.8759
77.9265
77.9848
78.0444
78.0974
78.1462
78.1973
78.2444
78.297
78.3521
78.3998
78.4535
78.5003
78.5477
78.5959
78.6479
78.7044
78.7577
78.8132
78.8592
78.9087
78.9517
78.9988
79.0525
79.1075
79.1633
79.2126
79.2625
79.3191
79.3753
79.4267
79.4799
79.5362
79.5905
79.6504
79.7113
79.776
79.8341
79.8907
79.9505
80.0128
80.0774
80.1442
80.2036
80.2756
80.3583
80.4497
80.5456
80.633
80.7217
80.8343
80.9521
81.1266
81.3771
82.6701
