2
2.5
2.83333
3.08333
4.08333
4.41667
4.55952
4.68452
4.80952
6.72115
8.93953
10.7171
12.5327
13.3289
14.8793
16.3576
17.4393
18.4729
19.3783
20.2642
21.1417
21.9482
22.8035
23.5182
24.2143
24.8964
25.6091
26.315
27.0124
27.6952
28.1906
28.8073
29.4259
30.0149
30.5125
31.0054
31.541
32.0702
32.5322
32.9493
33.3265
33.7164
34.0625
34.4068
34.7106
35.0217
35.3371
35.662
35.9145
36.2104
36.471
36.7675
37.0189
37.259
37.5143
37.7886
38.0481
38.3189
38.5619
38.7877
39.043
39.2628
39.4888
39.718
39.9312
40.1394
40.3889
40.6242
40.8419
41.0584
41.2519
41.426
41.6255
41.829
42.0094
42.1806
42.3479
42.5111
42.6688
42.8214
42.9807
43.1505
43.3107
43.4775
43.6524
43.8266
43.9902
44.1214
44.27
44.4126
44.5495
44.6903
44.8238
44.9523
45.0941
45.2438
45.3714
45.5002
45.6437
45.78
45.8926
46.0109
46.1259
46.2462
46.3769
46.5151
46.6348
46.7644
46.8821
47.0129
47.1229
47.2288
47.3447
47.4571
47.5714
47.6818
47.7824
47.8887
47.9937
48.0907
48.1906
48.2918
48.4068
48.5042
48.5959
48.6969
48.7953
48.8808
48.9798
49.0744
49.1777
49.2659
49.3494
49.4368
49.5242
49.6194
49.7115
49.8058
49.8939
49.9759
50.0603
50.1432
50.2173
50.2929
50.3703
50.4565
50.5364
50.6232
50.7146
50.7951
50.8824
50.9731
51.0584
51.1385
51.2198
51.3048
51.3866
51.4697
51.5556
51.6355
51.7104
51.7767
51.8604
51.9369
52.0151
52.1027
52.1894
52.271
52.3445
52.4149
52.4982
52.5808
52.6515
52.7332
52.8086
52.8778
52.9472
53.0287
53.1017
53.171
53.2454
53.3157
53.3937
53.4622
53.5334
53.6112
53.6808
53.7561
53.8264
53.8991
53.9616
54.0285
54.0884
54.15
54.2125
54.2839
54.3533
54.4185
54.4907
54.557
54.6272
54.6962
54.759
54.832
54.8993
54.969
55.0364
55.1076
55.1808
55.2474
55.3109
55.3759
55.4426
55.518
55.5887
55.6583
55.7265
55.7904
55.8536
55.9206
55.9858
56.0512
56.1177
56.1885
56.2523
56.3186
56.3863
56.4567
56.5224
56.5866
56.6517
56.7207
56.786
56.8484
56.9113
56.971
57.0491
57.1169
57.184
57.254
57.3255
57.3863
57.4525
57.5136
57.5742
57.6392
57.7053
57.7626
57.8275
57.8931
57.952
58.0096
58.0719
58.1379
58.1972
58.2543
58.3146
58.3796
58.4393
58.494
58.5562
58.6194
58.6791
58.7312
58.7947
58.8568
58.9173
58.9884
59.0529
59.1146
59.1814
59.2452
59.3105
59.3687
59.4296
59.5026
59.5675
59.6349
59.6944
59.7558
59.8177
59.8773
59.9393
59.994
60.0534
60.1141
60.1624
60.2241
60.282
60.3415
60.4055
60.459
60.5198
60.581
60.6374
60.6944
60.749
60.8019
60.8678
60.9271
60.9915
61.0435
61.1012
61.1629
61.2226
61.2851
61.3411
61.4034
61.4622
61.5173
61.5704
61.6313
61.6924
61.7458
61.8178
61.8702
61.9306
61.9908
62.0492
62.1121
62.1746
62.2304
62.2963
62.3525
62.4107
62.4732
62.5362
62.5952
62.6555
62.7149
62.7673
62.8229
62.8875
62.956
63.0148
63.0737
63.1341
63.1952
63.2494
63.3139
63.3734
63.4393
63.4968
63.5558
63.6128
63.6762
63.7361
63.7905
63.8526
63.9107
63.9666
64.0186
64.0748
64.1261
64.1847
64.2387
64.2986
64.3518
64.4121
64.4738
64.5396
64.6027
64.6637
64.7205
64.7767
64.8431
64.9018
64.9616
65.0235
65.0841
65.1397
65.1939
65.25
65.3106
65.3684
65.428
65.4865
65.5522
65.6131
65.67
65.7208
65.7728
65.8302
65.8879
65.9497
66.0077
66.0606
66.1209
66.1768
66.2314
66.2848
66.3423
66.4007
66.4645
66.5206
66.5773
66.6276
66.6845
66.7392
66.7977
66.8507
66.9075
66.9582
67.0132
67.0702
67.1271
67.184
67.236
67.2928
67.3536
67.4074
67.4626
67.5175
67.5711
67.6331
67.6952
67.7464
67.8067
67.8584
67.9178
67.9699
68.0298
68.08
68.133
68.1901
68.2425
68.291
68.3476
68.3987
68.4529
68.5096
68.5605
68.6075
68.6535
68.7024
68.7554
68.8065
68.8546
68.9055
68.9518
69.0049
69.0589
69.1019
69.1495
69.1939
69.2412
69.2875
69.3336
69.383
69.4237
69.4729
69.5171
69.5662
69.6174
69.6617
69.7119
69.7598
69.8026
69.85
69.894
69.9394
69.9838
70.0333
70.0781
70.1246
70.1761
70.222
70.2649
70.3105
70.358
70.4035
70.4493
70.5015
70.5452
70.5986
70.6412
70.687
70.7402
70.792
70.8391
70.8858
70.9393
70.9941
71.0453
71.0916
71.1411
71.193
71.2492
71.2973
71.3559
71.4064
71.4655
71.5198
71.576
71.6298
71.6854
71.7368
71.7901
71.8484
71.9166
71.9793
72.0476
72.1246
72.2032
72.2846
72.3763
72.4825
72.5742
72.691
72.863
73.0811
73.4507
74.9787
