1
2
2.5
2.83333
3.08333
3.28333
3.45
3.59286
3.84286
3.95397
6.04044
9.38033
12.9531
18.5723
22.4692
24.6972
26.2047
27.5937
28.8315
30.0178
30.9875
31.8455
32.5859
33.2713
33.967
34.5196
35.0976
35.6561
36.1339
36.6276
37.0963
37.5534
37.9755
38.387
38.8049
39.2091
39.6124
40.0314
40.4334
40.8333
41.1843
41.5348
41.9364
42.3046
42.6845
43.045
43.3919
43.729
44.0309
44.3896
44.692
45.0948
45.436
45.7479
46.1
46.3908
46.7362
47.0895
47.3951
47.74
48.0508
48.3908
48.669
49.0017
49.2787
49.5656
49.896
50.1516
50.4408
50.6879
50.9633
51.2212
51.458
51.7092
51.9685
52.2144
52.4546
52.6876
52.9109
53.137
53.3451
53.5636
53.7872
54.035
54.2478
54.4332
54.6329
54.8117
55.0025
55.2056
55.4143
55.6041
55.7942
55.9854
56.1626
56.3418
56.5071
56.684
56.8727
57.0594
57.2504
57.4162
57.5913
57.7675
57.9261
58.0902
58.2376
58.3805
58.5438
58.7137
58.8745
59.0241
59.1768
59.314
59.4601
59.6117
59.7642
59.9111
60.0624
60.1957
60.3522
60.5086
60.6544
60.8069
60.9406
61.0691
61.2181
61.3592
61.5013
61.6447
61.7813
61.9193
62.0589
62.1981
62.3309
62.4582
62.5818
62.7041
62.838
62.9698
63.095
63.223
63.3517
63.4691
63.5818
63.697
63.8118
63.9354
64.0379
64.1554
64.2759
64.3819
64.5014
64.6243
64.7397
64.8469
64.9692
65.081
65.1996
65.3165
65.4325
65.531
65.6521
65.7625
65.8647
65.9796
66.0913
66.202
66.3088
66.4214
66.538
66.6528
66.7642
66.8757
66.9791
67.0888
67.1893
67.2945
67.4063
67.5069
67.6164
67.7072
67.8128
67.907
68.0055
68.101
68.1973
68.2978
68.4031
68.5031
68.5942
68.6979
68.7906
68.8841
68.9744
69.0788
69.1854
69.2899
69.3846
69.4923
69.589
69.6825
69.7846
69.8764
69.983
70.076
70.1712
70.2532
70.3454
70.4365
70.5308
70.6144
70.7106
70.808
70.8903
70.9845
71.0658
71.142
71.2322
71.3212
71.4091
71.4959
71.5777
71.6635
71.7515
71.8234
71.9029
71.9818
72.0552
72.1332
72.2075
72.2907
72.3598
72.4328
72.5068
72.581
72.6434
72.7229
72.7874
72.8619
72.9232
73.0011
73.0755
73.1468
73.2274
73.3061
73.3779
73.4474
73.5138
73.5795
73.6538
73.7219
73.7857
73.8619
73.9344
73.9965
74.062
74.1246
74.1928
74.2613
74.3329
74.3945
74.4576
74.5261
74.5936
74.6555
74.7181
74.7829
74.8532
74.9174
74.9837
75.0508
75.1202
75.1808
75.2523
75.3166
75.3788
75.4475
75.5098
75.571
75.6356
75.7001
75.7594
75.8292
75.8865
75.9474
76.0116
76.0767
76.1361
76.2044
76.2726
76.3374
76.4001
76.4569
76.5187
76.5773
76.6413
76.6993
76.7556
76.815
76.8728
76.9394
76.9931
77.0544
77.1152
77.1763
77.2317
77.2903
77.3519
77.4185
77.4834
77.5453
77.6145
77.6756
77.7393
77.7975
77.8523
77.9046
77.9589
78.0181
78.0729
78.1362
78.1922
78.2512
78.31
78.3735
78.4295
78.4893
78.5473
78.6024
78.661
78.7207
78.7728
78.823
78.8804
78.9336
78.988
79.0482
79.1071
79.1652
79.2233
79.2812
79.3457
79.4026
79.462
79.5202
79.5815
79.6323
79.6881
79.7416
79.7923
79.8462
79.9019
79.9632
80.0206
80.0781
80.1362
80.1864
80.2386
80.2961
80.3483
80.3984
80.4544
80.5128
80.5671
80.6173
80.6786
80.7295
80.7762
80.8354
80.8923
80.9444
81.0071
81.0621
81.1198
81.1754
81.2272
81.2824
81.3404
81.3991
81.4484
81.5094
81.5694
81.6258
81.6872
81.742
81.7893
81.8438
81.9001
81.9569
82.0119
82.069
82.1246
82.1757
82.2316
82.2858
82.3381
82.3938
82.4447
82.5034
82.5479
82.6044
82.6576
82.7137
82.7622
82.8128
82.8645
82.9162
82.972
83.0262
83.0811
83.1311
83.1925
