2
2.5
3.16667
3.41667
3.61667
3.95
4.23571
4.86071
5.30516
7.86959
10.5379
13.0961
15.859
16.694
18.7258
20.3973
22.0006
23.518
24.8382
25.8808
26.976
28.0056
28.8911
29.7552
30.4473
31.105
31.7252
32.2539
32.7802
33.2475
33.7137
34.1249
34.5902
35.0109
35.3899
35.7358
36.1061
36.4831
36.8726
37.2417
37.5933
37.919
38.2595
38.6176
38.9506
39.3
39.6635
40.0182
40.3683
40.7108
41.0619
41.3611
41.6625
41.9353
42.2306
42.5138
42.8107
43.1
43.3488
43.5906
43.8553
44.1171
44.3698
44.6313
44.8501
45.0795
45.2941
45.5005
45.6987
45.9467
46.1612
46.3653
46.5771
46.776
46.9844
47.1881
47.4079
47.5793
47.7503
47.9248
48.1032
48.2699
48.4533
48.6314
48.8019
48.9787
49.1407
49.3158
49.4799
49.6293
49.7851
49.9333
50.0745
50.2117
50.3684
50.5169
50.6577
50.7936
50.9276
51.0578
51.2083
51.3363
51.4823
51.6178
51.7658
51.8906
52.0056
52.1522
52.2944
52.444
52.5869
52.7119
52.8401
52.9544
53.0883
53.2194
53.3287
53.4435
53.5663
53.6816
53.8101
53.9392
54.0662
54.1895
54.339
54.4651
54.5923
54.7119
54.8363
54.9632
55.0864
55.222
55.3677
55.4954
55.6225
55.7463
55.883
56.0034
56.1323
56.2511
56.381
56.5016
56.6092
56.7167
56.836
56.9662
57.0875
57.2266
57.3615
57.4907
57.6216
57.7482
57.8777
58.0027
58.1269
58.2646
58.3877
58.4963
58.6128
58.7392
58.8632
58.9782
59.1013
59.2141
59.3369
59.4666
59.5884
59.705
59.824
59.941
60.0588
60.1951
60.3029
60.4171
60.5382
60.6535
60.767
60.8675
60.9676
61.0686
61.1613
61.2603
61.3572
61.4713
61.5914
61.7053
61.8081
61.91
62.0123
62.1118
62.205
62.3121
62.4137
62.52
62.6287
62.7174
62.8009
62.8927
62.9854
63.0827
63.1796
63.2788
63.3576
63.4459
63.5356
63.6186
63.7023
63.8009
63.8848
63.978
64.0674
64.1523
64.2364
64.3234
64.4022
64.4964
64.5812
64.6659
64.7323
64.8111
64.8945
64.9751
65.0548
65.1292
65.2219
65.2969
65.373
65.4527
65.5376
65.6117
65.6821
65.749
65.8239
65.8993
65.9714
66.0435
66.1181
66.2008
66.2849
66.3565
66.431
66.5058
66.5804
66.6464
66.7136
66.7957
66.8696
66.9374
67.0122
67.0839
67.1506
67.225
67.2982
67.3725
67.4432
67.5089
67.5775
67.6421
67.7182
67.781
67.8448
67.9187
67.9929
68.0655
68.135
68.2065
68.2788
68.3468
68.4077
68.469
68.5322
68.6049
68.6672
68.7385
68.7946
68.862
68.931
68.9903
69.0541
69.1164
69.1678
69.2293
69.2855
69.3459
69.4057
69.4728
69.5323
69.5904
69.6473
69.7123
69.769
69.8253
69.8946
69.94
69.9968
70.0506
70.1079
70.1657
70.2211
70.2765
70.3371
70.3881
70.4476
70.5121
70.5668
70.6203
70.672
70.7274
70.7809
70.8309
70.8856
70.9382
70.9991
71.057
71.1144
71.1714
71.226
71.2762
71.3297
71.3902
71.4436
71.503
71.5581
71.615
71.6659
71.7165
71.7687
71.8243
71.8772
71.9283
71.9791
72.0305
72.0857
72.1344
72.187
72.2391
72.2839
72.3285
72.3803
72.4261
72.4817
72.5323
72.5881
72.6418
72.6942
72.7451
72.7972
72.8452
72.8905
72.9404
72.9909
73.0421
73.0868
73.1381
73.1887
73.2366
73.2823
73.3267
73.3732
73.4194
73.4666
73.5104
73.5578
73.6043
73.653
73.6981
73.7533
73.8012
73.8489
73.8967
73.9455
73.989
74.0287
74.0728
74.1197
74.1648
74.2129
74.2552
74.3023
74.3484
74.3947
74.4424
74.4824
74.5309
74.5778
74.6263
74.6689
74.7103
74.7567
74.7983
74.8439
74.8885
74.9357
74.976
75.0208
75.0632
75.1055
75.1548
75.1944
75.2403
75.2823
75.3246
75.3654
75.4071
75.4522
75.4967
75.5352
75.581
75.6203
75.6638
75.7102
75.7534
75.7951
75.8339
75.8794
75.9166
75.9642
76.0114
76.055
76.0945
76.1382
76.1824
76.2228
76.2625
76.3047
76.3487
76.3863
76.4263
76.4661
76.507
76.5496
76.5921
76.6348
76.6821
76.7264
76.7614
76.7992
76.8384
76.8804
76.9212
76.9672
77.0052
77.0455
77.0822
77.1223
77.163
77.2037
77.2491
77.2931
77.3379
77.3818
77.4205
77.4658
77.5085
77.5504
77.5948
77.6341
77.682
77.7268
77.7647
77.8076
77.8519
77.8978
77.9482
77.9926
78.0361
78.0802
78.128
78.1788
78.2197
78.2759
78.3244
78.3744
78.4262
78.4776
78.533
78.583
78.6363
78.6914
78.7486
78.8019
78.8591
78.9149
78.9696
79.0266
79.0872
79.1461
79.2085
79.2653
79.3253
79.384
79.4473
79.4998
79.5707
79.6328
79.6915
79.7622
79.8288
79.8973
79.959
80.0436
80.1332
80.2324
80.3346
80.4363
80.5415
80.6554
80.7933
80.9539
81.1129
81.3261
81.6554
82.5894
