1
2
2.5
2.83333
3.08333
3.48333
3.65
3.79286
3.91786
4.02897
6.1343
8.62783
10.8286
13.9158
16.7815
18.4265
19.6087
20.6941
21.5838
22.3641
23.0822
23.8308
24.5433
25.2281
26.0021
26.6438
27.3238
28.0985
28.6914
29.2379
29.7274
30.2103
30.6805
31.1535
31.5834
32.0617
32.4539
32.8636
33.2457
33.6363
33.9987
34.311
34.6727
35.0146
35.3122
35.6046
35.9144
36.2205
36.5306
36.8524
37.1498
37.4288
37.71
38.0055
38.2975
38.5808
38.8691
39.1283
39.4209
39.6993
39.9554
40.2266
40.5232
40.7424
41.0194
41.2694
41.5048
41.7751
42.0256
42.2692
42.4995
42.756
43.021
43.2828
43.5338
43.7895
44.0445
44.2532
44.5153
44.7567
44.9876
45.2065
45.4248
45.6546
45.8701
46.0919
46.3042
46.5234
46.7248
46.9357
47.1295
47.3376
47.5454
47.759
47.9363
48.1472
48.3545
48.5604
48.7584
48.9729
49.1843
49.3781
49.5888
49.7991
50.003
50.2188
50.4195
50.6369
50.853
51.073
51.2921
51.4963
51.6687
51.8476
52.0434
52.2124
52.3937
52.5624
52.7292
52.9141
53.0843
53.2493
53.419
53.5796
53.7406
53.9232
54.0819
54.2594
54.4183
54.5713
54.7239
54.9036
55.0642
55.2222
55.3765
55.5263
55.6886
55.8567
56.0164
56.1813
56.3275
56.4683
56.6201
56.7577
56.8964
57.0385
57.1868
57.3423
57.4837
57.6259
57.7844
57.9159
58.0624
58.211
58.3493
58.4923
58.6268
58.767
58.8997
59.0286
59.1616
59.2901
59.4123
59.5346
59.6628
59.7871
59.9056
60.0249
60.1468
60.2682
60.3903
60.499
60.6138
60.7341
60.8431
60.9508
61.0718
61.1776
61.2831
61.3933
61.5065
61.5996
61.6995
61.8032
61.9085
62.0086
62.1176
62.2119
62.3056
62.3937
62.4902
62.5949
62.6999
62.7917
62.8852
62.9881
63.0787
63.1726
63.2731
63.3633
63.4597
63.558
63.665
63.754
63.856
63.9483
64.0373
64.1353
64.2323
64.3256
64.4262
64.5111
64.5943
64.6852
64.7884
64.8853
64.9706
65.0543
65.1382
65.2296
65.3303
65.409
65.4901
65.5725
65.658
65.7465
65.8296
65.9166
65.9905
66.0781
66.1623
66.2459
66.3146
66.3878
66.4708
66.5476
66.626
66.7051
66.7797
66.8613
66.935
67.0108
67.0849
67.1621
67.2392
67.324
67.3956
67.4734
67.5472
67.6273
67.6992
67.7769
67.8535
67.9269
67.9985
68.0719
68.1396
68.2153
68.2909
68.3698
68.4408
68.5095
68.5716
68.6395
68.7012
68.7697
68.8443
68.9165
68.9891
69.0543
69.1185
69.1896
69.2554
69.3203
69.3912
69.4551
69.523
69.5828
69.6494
69.7207
69.7864
69.8593
69.9224
69.9942
70.0647
70.1334
70.1981
70.2592
70.3234
70.3898
70.4568
70.525
70.592
70.662
70.7242
70.7829
70.8462
70.9048
70.9685
71.0292
71.0928
71.1492
71.206
71.2675
71.3313
71.3952
71.4572
71.5224
71.5823
71.6458
71.7061
71.7745
71.8324
71.8971
71.9521
72.0205
72.0768
72.1344
72.1878
72.2435
72.3042
72.3592
72.4169
72.4739
72.5355
72.5964
72.6517
72.7104
72.7579
72.814
72.8647
72.9247
72.9795
73.0336
73.0885
73.1425
73.1928
73.2466
73.3007
73.3504
73.4044
73.4569
73.5024
73.5532
73.6066
73.6584
73.7046
73.7596
73.8129
73.8643
73.9148
73.9675
74.0199
74.0725
74.1266
74.1831
74.2395
74.2929
74.3488
74.4027
74.4527
74.5062
74.5584
74.6028
74.6609
74.7141
74.7609
74.8149
74.8667
74.9177
74.9668
75.0197
75.0759
75.1278
75.179
75.2284
75.2745
75.3255
75.376
75.4257
75.4801
75.5236
75.5741
75.6226
75.6678
75.7176
75.7667
75.8164
75.8612
75.9091
75.9577
76.0034
76.0504
76.1033
76.1447
76.1917
76.2387
76.2824
76.3314
76.3748
76.4208
76.4664
76.5135
76.559
76.6063
76.648
76.6944
76.7409
76.7868
76.8301
76.8716
76.9188
76.9625
