1
2
2.5
3.16667
3.41667
3.61667
3.95
4.23571
4.86071
5.30516
7.86959
10.594
13.1763
16.9225
19.8549
21.9657
24.0472
25.6443
27.0092
28.4757
29.6522
30.6865
31.6267
32.3963
33.1208
33.7498
34.4111
35.011
35.5902
36.1275
36.6075
37.1186
37.6517
38.1456
38.6537
39.1228
39.5826
40.0001
40.4803
40.9702
41.4362
41.9085
42.3718
42.7558
43.1239
43.545
43.972
44.3736
44.7471
45.1021
45.469
45.8156
46.154
46.4866
46.801
47.1248
47.4217
47.7107
48.0127
48.3031
48.5858
48.8732
49.1495
49.4117
49.6439
49.8904
50.1427
50.3738
50.6287
50.8744
51.0951
51.3217
51.5493
51.7655
51.9597
52.163
52.3768
52.575
52.7628
52.9576
53.1496
53.34
53.5239
53.7197
53.8998
54.072
54.2416
54.434
54.6167
54.7942
54.9749
55.1646
55.3385
55.5112
55.6723
55.8511
56.026
56.1944
56.3705
56.5617
56.7581
56.9295
57.1234
57.2942
57.4666
57.6562
57.841
58.011
58.1931
58.3746
58.559
58.7425
58.912
59.1049
59.2783
59.4381
59.6291
59.8183
59.996
60.1771
60.3399
60.5414
60.7082
60.8847
61.064
61.2406
61.3982
61.5668
61.7565
61.9156
62.0956
62.2671
62.4422
62.6059
62.7747
62.946
63.1265
63.296
63.4614
63.6371
63.7937
63.96
64.1294
64.2839
64.4525
64.6103
64.7745
64.9273
65.0872
65.2305
65.3769
65.5152
65.6692
65.817
65.9544
66.0848
66.2149
66.3716
66.496
66.6235
66.7565
66.889
67.0175
67.1531
67.2763
67.411
67.5389
67.6659
67.7883
67.9196
68.043
68.1597
68.2867
68.4136
68.5237
68.6439
68.7629
68.8767
68.9901
69.1071
69.2342
69.3465
69.4506
69.563
69.6576
69.7584
69.8718
69.9663
70.0643
70.1708
70.2774
70.3882
70.4941
70.5973
70.6982
70.798
70.9071
71.0139
71.108
71.2065
71.3051
71.4063
71.5156
71.6032
71.6943
71.7869
71.8695
71.9683
72.0603
72.1467
72.2351
72.3253
72.4182
72.5134
72.599
72.6842
72.7749
72.8602
72.9509
73.033
73.1225
73.1999
73.2949
73.3687
73.4519
73.5459
73.6361
73.7203
73.797
73.8869
73.9753
74.0471
74.1257
74.2025
74.2913
74.368
74.45
74.5288
74.6027
74.682
74.7641
74.8493
74.9299
75.0155
75.089
75.1769
75.2424
75.3314
75.4037
75.4789
75.5466
75.6121
75.6916
75.7658
75.843
75.9089
75.9887
76.0639
76.1348
76.2044
76.2778
76.3546
76.4278
76.499
76.5707
76.6421
76.7069
76.7859
76.8581
76.9283
76.9978
77.0609
77.1235
77.1904
77.2546
77.3204
77.3849
77.4493
77.5148
77.5795
77.6567
77.7287
77.7996
77.868
77.9359
77.9971
78.0582
78.1186
78.1858
78.247
78.3157
78.3777
78.4328
78.4972
78.5628
78.6259
78.6902
78.7558
78.8191
78.8798
78.9355
78.9953
79.056
79.1216
79.1917
79.2531
79.3145
79.3753
79.4389
79.5055
79.5677
79.625
79.6788
79.7399
79.7994
79.8593
79.9212
79.9732
80.0364
80.0931
80.1499
80.2099
80.2724
80.3354
80.3947
80.4533
80.5152
80.5739
80.6321
80.698
80.7557
80.8146
80.8785
80.9392
80.9986
81.0616
81.1181
81.1736
81.2281
81.2833
81.3397
81.3953
81.4466
81.5046
81.5619
81.6262
81.6832
81.7453
81.8004
81.8521
81.9057
81.963
82.019
82.0749
82.137
82.1929
82.2512
82.3024
82.354
82.4149
82.4656
82.5184
82.5706
82.6312
82.6912
82.7444
82.8022
82.8554
82.9092
82.9623
83.0096
83.0653
83.1183
83.1718
83.224
83.2756
83.3316
83.3836
83.4337
83.4872
83.5402
83.5886
83.6404
83.6915
83.7373
83.7865
83.835
83.8885
83.9369
83.9815
84.0288
84.0822
84.1296
84.1761
84.2315
84.286
84.3377
84.3847
84.436
84.4852
84.5353
84.5857
84.6354
84.6811
84.7286
84.7783
84.8217
84.8732
84.9204
84.9673
85.0154
85.0624
85.1041
