1
2
2.5
2.83333
3.08333
3.28333
3.45
3.59286
4.09286
4.5373
6.75203
8.68419
11.4776
17.5954
22.4029
24.8519
26.4907
27.7975
28.979
30.138
31.1663
32.0489
32.859
33.6031
34.314
34.9642
35.6753
36.4316
37.2709
38.0502
38.7318
39.3674
39.958
40.5233
41.0547
41.5738
42.0897
42.5664
43.08
43.5525
43.9936
44.4454
44.8577
45.2448
45.6312
46.0339
46.4215
46.8086
47.2003
47.5635
47.9493
48.3104
48.6524
49.0148
49.3903
49.7295
50.0425
50.3657
50.6873
50.9889
51.2934
51.5907
51.8695
52.1504
52.4074
52.6661
52.9279
53.1981
53.4354
53.7045
53.9598
54.2167
54.4717
54.7499
54.9922
55.2322
55.5025
55.7519
56.0054
56.2366
56.4909
56.7234
56.9605
57.1808
57.4043
57.6165
57.8256
58.0352
58.2472
58.4569
58.6715
58.8778
59.068
59.2871
59.513
59.7044
59.8867
60.0818
60.269
60.4515
60.6118
60.7792
60.9385
61.0941
61.2408
61.3902
61.5402
61.6887
61.8464
61.9818
62.125
62.273
62.4245
62.5618
62.701
62.8342
62.9644
63.081
63.2122
63.3448
63.4743
63.5848
63.7173
63.8533
63.9719
64.1057
64.232
64.3573
64.4768
64.5911
64.7036
64.8214
64.9392
65.0556
65.1871
65.3019
65.4119
65.529
65.6433
65.7409
65.8428
65.9466
66.0476
66.1456
66.2383
66.3316
66.4435
66.5397
66.6402
66.7408
66.8436
66.9452
67.0424
67.1396
67.2316
67.3291
67.4292
67.529
67.6145
67.7084
67.8038
67.8962
67.9839
68.0827
68.1751
68.2729
68.3743
68.4597
68.5583
68.6448
68.736
68.8277
68.9242
69.0121
69.1058
69.2
69.2852
69.3686
69.4605
69.5658
69.6532
69.7333
69.8204
69.9174
70.0094
70.104
70.1896
70.2765
70.3703
70.4616
70.5511
70.645
70.7464
70.8274
70.9267
71.0254
71.1097
71.1958
71.2929
71.3793
71.4738
71.5691
71.6651
71.7648
71.8489
71.9376
72.0339
72.1112
72.1972
72.2745
72.3591
72.4414
72.5159
72.5968
72.689
72.7739
72.8514
72.9408
73.0223
73.1074
73.195
73.2706
73.3513
73.435
73.5165
73.5983
73.6788
73.7563
73.8463
73.9335
74.0065
74.0824
74.1579
74.2374
74.3109
74.3881
74.4644
74.5381
74.6139
74.6856
74.7667
74.842
74.9209
74.9969
75.0771
75.1475
75.2105
75.2845
75.3552
75.4292
75.4998
75.5689
75.6415
75.7034
75.7706
75.8434
75.9174
75.9887
76.0686
76.1394
76.212
76.2835
76.3506
76.4139
76.4816
76.5536
76.6238
76.6891
76.7606
76.8246
76.8853
76.9532
77.0114
77.074
77.1338
77.2022
77.2718
77.3354
77.3989
77.4689
77.5321
77.5937
77.6566
77.7242
77.7891
77.8525
77.9137
77.9754
78.043
78.0999
78.1589
78.2207
78.2741
78.3308
78.3939
78.4504
78.5071
78.5618
78.622
78.6768
78.7345
78.7921
78.8391
78.8961
78.953
79.0098
79.0608
79.1172
79.172
79.2332
79.2937
79.3498
79.4072
79.4584
79.5112
79.5655
79.6206
79.6734
79.7304
79.7899
79.8412
79.8995
79.9471
79.9976
80.0532
80.1098
80.1669
80.2166
80.2687
80.3243
80.3799
80.4347
80.4899
80.5466
80.6003
80.655
80.7029
80.756
80.8109
80.8699
80.9145
80.9669
81.0264
81.0702
81.113
81.159
81.2083
81.2611
81.3163
81.3669
81.4159
81.4618
81.5127
81.5631
81.6081
81.6599
81.7103
81.7626
81.8166
81.87
81.9243
81.9742
82.0283
82.0759
82.1268
82.1791
82.2277
82.2821
82.3282
82.3849
82.4345
82.4845
82.5401
82.5912
82.6414
82.689
82.7368
82.786
82.8385
82.8865
82.9353
82.9866
83.0333
83.0831
83.1362
83.1818
83.2294
83.278
83.3283
83.3763
83.4242
83.4698
83.5219
83.5699
83.6193
83.6697
83.7169
83.7694
83.8152
83.866
83.9152
83.9667
84.0157
84.0614
84.1127
84.1657
84.2156
84.2606
84.3098
84.356
84.3989
84.4457
84.4927
