1
2
2.5
3.5
3.75
3.95
4.11667
4.40238
4.65238
4.8746
7.13871
9.31593
12.4952
17.5036
22.0782
24.8384
26.9768
28.7689
30.3246
31.6527
33.0185
34.37
35.4442
36.3748
37.2815
38.0779
38.8675
39.575
40.2836
40.8642
41.4308
42.0324
42.5823
43.1453
43.6313
44.0781
44.4586
44.8811
45.303
45.6887
46.0794
46.4567
46.8025
47.1331
47.436
47.7463
48.0569
48.3585
48.628
48.9166
49.2017
49.4656
49.7106
49.9537
50.203
50.4412
50.6557
50.8825
51.1156
51.3254
51.5524
51.7942
52.0045
52.2262
52.4412
52.6549
52.8676
53.0837
53.2959
53.5049
53.6981
53.9054
54.1496
54.3662
54.5608
54.784
54.962
55.178
55.3885
55.5963
55.8021
56.0108
56.2184
56.443
56.6614
56.8484
57.0425
57.2549
57.447
57.642
57.8504
58.0754
58.2745
58.4657
58.6479
58.8191
58.9951
59.1854
59.3675
59.5258
59.713
59.8891
60.0767
60.2444
60.4237
60.5999
60.7605
60.9213
61.084
61.2496
61.3982
61.5467
61.6986
61.8601
62.0104
62.1663
62.3208
62.4603
62.6138
62.778
62.9289
63.0693
63.1979
63.3494
63.5022
63.662
63.8205
63.9587
64.1146
64.2526
64.4016
64.5505
64.6975
64.8275
64.9618
65.0959
65.2203
65.3461
65.4771
65.6151
65.7631
65.9009
66.051
66.1902
66.3268
66.4578
66.5847
66.7325
66.8575
66.9985
67.1114
67.234
67.3677
67.4927
67.6175
67.7438
67.8747
68.0056
68.1267
68.2497
68.3566
68.4677
68.587
68.7013
68.823
68.948
69.0832
69.2103
69.333
69.4534
69.598
69.7023
69.8245
69.9373
70.0474
70.1676
70.279
70.3898
70.4972
70.6208
70.7246
70.8323
70.9428
71.0505
71.1718
71.2811
71.371
71.4761
71.5884
71.69
71.8004
71.899
72.0085
72.1098
72.2057
72.3023
72.4091
72.5208
72.6147
72.7059
72.8089
72.9007
72.9984
73.0957
73.1862
73.285
73.3807
73.4824
73.5646
73.6467
73.7302
73.823
73.9163
74.0101
74.0989
74.1907
74.2811
74.3704
74.4615
74.5438
74.6291
74.711
74.802
74.8844
74.9725
75.058
75.1421
75.2364
75.3245
75.4082
75.4967
75.5788
75.6724
75.7543
75.8419
75.9156
75.9974
76.0747
76.155
76.237
76.321
76.4112
76.4963
76.5732
76.6511
76.7321
76.8088
76.8782
76.9566
77.0365
77.1141
77.1871
77.2493
77.3205
77.3991
77.4694
77.5448
77.6215
77.7027
77.7751
77.848
77.9246
77.9939
78.0688
78.1424
78.211
78.2845
78.362
78.433
78.5126
78.588
78.656
78.7348
78.8032
78.8712
78.9385
79.0078
79.0794
79.1428
79.207
79.2791
79.3351
79.3991
79.4706
79.536
79.6005
79.6738
79.7493
79.8169
79.8818
79.9507
80.0135
80.0747
80.1352
80.199
80.2645
80.3304
80.3959
80.4582
80.5243
80.583
80.6431
80.7051
80.7719
80.8355
80.8973
80.9566
81.0211
81.0846
81.1476
81.2136
81.279
81.3379
81.4022
81.4625
81.5172
81.5712
81.6308
81.6909
81.754
81.8115
81.8657
81.9232
81.9813
82.0387
82.1006
82.1613
82.2255
82.2846
82.3427
82.4002
82.4527
82.5099
82.5644
82.6208
82.6721
82.7321
82.7843
82.8384
82.8935
82.948
83.0029
83.0587
83.1129
83.1663
83.2199
83.2761
83.3284
83.3808
83.4352
83.4897
83.5487
83.5989
83.6516
83.7075
83.7546
83.8148
83.869
83.9219
83.9689
84.0264
84.076
84.125
84.1817
84.2359
84.2885
84.3376
84.3838
84.4356
84.4857
84.532
84.5834
84.6283
84.6801
84.7314
84.7785
84.8313
84.8866
84.94
84.9908
85.0399
85.0859
85.1334
85.1761
85.2211
85.2781
85.3266
85.3755
85.4268
85.4742
85.5236
85.5699
85.617
85.6635
85.7156
85.7681
85.8216
85.8681
85.9144
85.9581
86.0055
86.0546
86.1007
86.1467
86.1946
86.2448
86.2891
86.3317
86.3762
86.423
86.4716
86.5164
86.5629
