2
2.5
2.83333
3.33333
3.93333
4.1
4.24286
4.36786
4.59008
6.13374
8.48996
11.6143
14.7108
16.0183
18.7544
21.3227
23.2541
24.9908
26.3341
27.4145
28.3623
29.2156
30.1415
30.7869
31.5472
32.2798
32.9989
33.5985
34.1265
34.6205
35.0993
35.4775
35.8842
36.3425
36.6567
36.9941
37.2761
37.5752
37.8455
38.1119
38.3607
38.6014
38.8275
39.0789
39.3362
39.5758
39.8147
40.0082
40.1999
40.4157
40.6247
40.8235
40.9953
41.2228
41.4322
41.6752
41.8756
42.0835
42.3045
42.516
42.6819
42.8855
43.0668
43.2574
43.4497
43.6208
43.8001
43.9784
44.1627
44.3451
44.5277
44.7211
44.9147
45.0787
45.2398
45.4102
45.6025
45.7844
45.957
46.1252
46.2901
46.4626
46.6457
46.8083
46.9755
47.1382
47.2938
47.4553
47.6199
47.7776
47.9407
48.1029
48.2697
48.4283
48.5828
48.7122
48.8644
48.9894
49.145
49.2724
49.4158
49.5473
49.6803
49.8141
49.9353
50.0583
50.1955
50.322
50.4624
50.5909
50.7108
50.8361
50.958
51.063
51.1812
51.2862
51.3779
51.5
51.6165
51.7395
51.848
51.9421
52.0498
52.1462
52.2521
52.3555
52.4683
52.5746
52.6681
52.7735
52.8812
52.9921
53.0928
53.1992
53.3105
53.4167
53.5213
53.6352
53.7401
53.8572
53.9721
54.0752
54.1763
54.2759
54.3805
54.4888
54.5928
54.6933
54.7912
54.8914
54.9913
55.0994
55.1987
55.2963
55.4054
55.5085
55.5986
55.7033
55.8079
55.9237
56.0324
56.1414
56.2521
56.3473
56.4503
56.5431
56.6454
56.7322
56.8251
56.9242
57.017
57.1197
57.2156
57.3121
57.418
57.5238
57.6228
57.7199
57.821
57.9149
58.0174
58.1089
58.205
58.2853
58.3778
58.4749
58.5764
58.6628
58.7533
58.8475
58.9418
59.0374
59.1227
59.2128
59.3095
59.3993
59.4862
59.5736
59.6497
59.7426
59.8415
59.9344
60.0277
60.1168
60.1978
60.2857
60.3837
60.4606
60.5485
60.6278
60.7032
60.7939
60.886
60.9711
61.0562
61.1353
61.2347
61.3248
61.4113
61.4931
61.5762
61.6619
61.76
61.8458
61.9285
62.0074
62.0901
62.1725
62.2578
62.3449
62.4299
62.5137
62.5996
62.6845
62.7752
62.8517
62.9321
63.0045
63.0805
63.1559
63.2405
63.3085
63.3865
63.4687
63.5488
63.6267
63.6982
63.7699
63.8496
63.9238
64.0057
64.083
64.1701
64.241
64.3094
64.3857
64.4579
64.5333
64.6123
64.6865
64.7649
64.8316
64.9162
64.99
65.0736
65.153
65.2217
65.3038
65.3755
65.4469
65.5284
65.6045
65.6785
65.7509
65.822
65.8873
65.9587
66.0311
66.1065
66.1759
66.2503
66.3173
66.3849
66.453
66.5231
66.5964
66.6632
66.7328
66.798
66.8693
66.9397
67.012
67.0893
67.1612
67.2333
67.2946
67.3595
67.4228
67.4879
67.5447
67.6096
67.6803
67.7454
67.8158
67.8737
67.9311
67.9898
68.0652
68.1301
68.2044
68.2733
68.3347
68.3904
68.4461
68.4996
68.557
68.6204
68.6885
68.7552
68.829
68.8985
68.9634
69.0271
69.0935
69.1537
69.2181
69.2692
69.3266
69.4018
69.4576
69.5215
69.5817
69.6431
69.7094
69.7756
69.8478
69.9163
69.9801
70.052
70.1112
70.1725
70.2359
70.2941
70.368
70.4325
70.4933
70.5604
70.6174
70.6791
70.7411
70.8119
70.8687
70.924
70.9855
71.048
71.1079
71.1666
71.2243
71.2836
71.3445
71.3999
71.4581
71.521
71.5811
71.6337
71.6928
71.7485
71.8031
71.8655
71.9259
71.9801
72.0372
72.0924
72.1521
72.2053
72.2624
72.315
72.3722
72.4245
72.4829
72.5363
72.5946
72.6454
72.6945
72.7489
72.8076
72.8591
72.9075
72.9598
73.0125
73.0636
73.1135
73.1655
73.2162
73.2738
73.3246
73.3771
73.4285
73.4808
73.5423
73.5927
73.6431
73.6931
73.7447
73.7941
73.8443
73.8976
73.9468
73.9988
74.0486
74.107
74.1566
74.2066
74.2571
74.3109
74.3598
74.4086
74.4556
74.5061
74.5492
74.5961
74.6404
74.6889
74.7338
74.7778
74.8241
74.8691
74.9188
74.9692
75.0114
75.0559
75.0968
75.1502
75.197
75.2403
75.2908
75.3372
75.3808
75.4289
75.4749
75.5209
75.5635
75.6121
75.6576
75.697
75.7383
75.7868
75.8255
75.8747
75.919
75.9663
76.0146
76.0634
76.1163
76.1605
76.2092
76.2543
76.3
76.3451
76.3955
76.4446
76.4866
76.5363
76.589
76.6496
76.6995
76.753
76.8033
76.8525
76.9023
76.9584
77.0074
77.0555
77.1159
77.1699
77.2236
77.274
77.3288
77.3754
77.4293
77.4825
77.5332
77.5887
77.6406
77.7033
77.7519
77.8056
77.8643
77.923
77.9777
78.0369
78.0931
78.1449
78.2057
78.2675
78.3348
78.3989
78.4687
78.5378
78.6133
78.6881
78.7623
78.843
78.916
79.0015
79.0898
79.1851
79.2943
79.4348
79.6002
79.8564
80.2148
81.1876
