2
2.5
2.83333
3.33333
4.33333
4.83333
5.11905
5.24405
5.35516
7.29475
9.34678
12.7416
16.183
17.6238
20.4031
22.371
23.7275
24.7585
25.7715
26.717
27.6537
28.5644
29.6014
30.4911
31.3913
32.1711
33.0185
33.8818
34.7436
35.4679
36.0376
36.5619
37.2097
37.7287
38.1938
38.6539
39.1414
39.5932
40.0591
40.4924
40.8692
41.2101
41.5484
41.8856
42.2222
42.5358
42.8269
43.1388
43.4162
43.6664
43.9541
44.1965
44.4532
44.6968
44.9712
45.2182
45.4437
45.6732
45.9069
46.1169
46.3485
46.5712
46.7705
46.9648
47.1701
47.3674
47.5381
47.7091
47.8864
48.0644
48.2402
48.4205
48.5833
48.7572
48.9145
49.0844
49.25
49.4107
49.5529
49.7071
49.8669
50.0354
50.1984
50.3659
50.5311
50.682
50.8213
50.9634
51.1076
51.2484
51.3768
51.5425
51.6874
51.8332
51.9546
52.0887
52.2199
52.3571
52.4878
52.624
52.741
52.8756
53.0109
53.1373
53.2618
53.3846
53.4902
53.6192
53.7428
53.8624
53.9897
54.1203
54.2336
54.3514
54.4564
54.5604
54.6659
54.7854
54.8976
55.0154
55.1211
55.226
55.3312
55.4363
55.5391
55.6477
55.7381
55.8384
55.944
56.054
56.1464
56.2485
56.3513
56.4421
56.5268
56.6241
56.7259
56.8174
56.9127
57.0011
57.1017
57.1903
57.2882
57.3754
57.4659
57.5656
57.6589
57.7608
57.8613
57.9487
58.038
58.1277
58.2081
58.2858
58.3744
58.4622
58.5507
58.6434
58.7189
58.8049
58.895
58.9774
59.068
59.1472
59.2382
59.3209
59.4054
59.4872
59.5718
59.6507
59.7449
59.8251
59.9053
59.9875
60.0614
60.1502
60.2233
60.3046
60.3825
60.4658
60.5507
60.628
60.7104
60.7896
60.8654
60.9433
61.0213
61.1017
61.1737
61.2498
61.3347
61.4144
61.4905
61.5737
61.6538
61.732
61.8031
61.8792
61.9541
62.0294
62.1052
62.181
62.2485
62.3203
62.3883
62.4654
62.5391
62.6109
62.6913
62.7552
62.8173
62.8891
62.9606
63.0344
63.1088
63.1773
63.243
63.3104
63.3856
63.4588
63.5265
63.5975
63.6703
63.7398
63.8041
63.8788
63.951
64.0256
64.0937
64.1591
64.2218
64.2807
64.3461
64.4197
64.4908
64.552
64.6254
64.6995
64.764
64.8306
64.8979
64.9633
65.0258
65.0892
65.1585
65.2129
65.2751
65.3436
65.4106
65.4693
65.5333
65.6041
65.6698
65.7283
65.7803
65.8395
65.8997
65.9602
66.0185
66.0797
66.14
66.1935
66.2559
66.3146
66.369
66.4294
66.4997
66.5541
66.6078
66.6628
66.72
66.7754
66.8347
66.8919
66.9597
67.0221
67.087
67.1497
67.2011
67.259
67.3168
67.379
67.4388
67.5019
67.5589
67.6178
67.6706
67.7235
67.7754
67.8416
67.8996
67.9546
68.0131
68.0681
68.1325
68.1857
68.2471
68.3052
68.3523
68.4091
68.4693
68.5261
68.5824
68.6393
68.6939
68.7459
68.7935
68.8508
68.9034
68.9654
69.0259
69.0755
69.1255
69.179
69.2374
69.2869
69.345
69.3981
69.4526
69.5085
69.5589
69.6166
69.6763
69.7336
69.7887
69.8444
69.9014
69.9565
70.0067
70.0635
70.1201
70.177
70.234
70.2928
70.3512
70.405
70.4582
70.5096
70.5586
70.6131
70.6623
70.7165
70.7696
70.8179
70.877
70.9323
70.9824
71.04
71.0865
71.1382
71.1889
71.247
71.3032
71.3594
71.4109
71.4718
71.5246
71.5749
71.6242
71.6777
71.7359
71.7809
71.8357
71.8861
71.9404
71.9968
72.0473
72.1033
72.1528
72.2089
72.2633
72.3148
72.3689
72.4166
72.4683
72.5198
72.5669
72.6224
72.6726
72.713
72.7596
72.8074
72.8515
72.9058
72.9552
73.0018
73.0553
73.1072
73.1551
73.207
73.2598
73.3056
73.3571
73.406
73.4536
73.5025
73.5521
73.6056
73.6556
73.7007
73.7529
73.7958
73.8476
73.8932
73.9444
73.9895
74.0412
74.0882
74.135
74.1834
74.2291
74.2792
74.333
74.3829
74.4299
74.4764
74.5266
74.5711
74.6085
74.6532
74.699
74.7454
74.788
74.8324
74.8758
74.9183
74.9599
75.0085
75.0486
75.0914
75.1469
75.1886
75.231
75.2804
75.3235
75.3675
75.412
75.4516
75.4921
75.5359
75.581
75.6244
75.6701
75.7089
75.754
75.7997
75.8479
75.8887
75.9302
75.9735
76.0191
76.0625
76.1037
76.1555
76.2008
76.251
76.2878
76.3315
76.3791
76.4248
76.4682
76.5132
76.5527
76.5964
76.6413
76.6893
76.7341
76.7789
76.8209
76.8668
76.9058
76.9542
76.996
77.0338
77.0813
77.1266
77.1759
77.2153
77.2611
77.3033
77.3494
77.3992
77.4466
77.4919
77.5403
77.594
77.6392
77.6877
77.7428
77.7985
77.8574
77.9068
77.9684
78.0272
78.0836
78.1509
78.2144
78.2793
78.35
78.4294
78.499
78.5811
78.665
78.7512
78.8407
78.9385
79.0494
79.1568
79.2842
79.4362
79.6144
79.8533
81.3684
