1
2
2.5
2.83333
3.08333
4.08333
4.41667
4.55952
4.80952
4.92063
6.76281
9.28383
11.0031
13.6716
16.0658
17.6515
19.0307
20.1616
21.3054
22.3911
23.5014
24.5017
25.3963
26.3839
27.3782
28.2868
29.1318
29.8926
30.7339
31.4426
32.0435
32.8047
33.5054
34.1094
34.6629
35.1938
35.6313
36.0462
36.4491
36.843
37.2368
37.6039
37.9602
38.3183
38.6418
38.9855
39.3628
39.7155
40.0731
40.3925
40.6935
41.009
41.2977
41.6091
41.9062
42.2183
42.5473
42.8473
43.1396
43.4424
43.6886
43.9035
44.163
44.4044
44.6449
44.8486
45.0706
45.2864
45.5001
45.7276
45.9495
46.1467
46.3429
46.5353
46.7446
46.9253
47.1094
47.3037
47.4652
47.6449
47.7999
47.9861
48.1469
48.3168
48.488
48.6508
48.822
48.9693
49.1211
49.2871
49.4454
49.5966
49.7458
49.8932
50.0402
50.1845
50.3296
50.4699
50.6185
50.741
50.8719
50.9923
51.1141
51.2445
51.3762
51.5109
51.6325
51.7451
51.8758
52.0045
52.1298
52.2434
52.3601
52.4832
52.607
52.7137
52.8235
52.9449
53.0694
53.1697
53.2757
53.3976
53.5105
53.636
53.7573
53.8658
53.9811
54.0741
54.1935
54.3054
54.3998
54.5164
54.6336
54.7418
54.8523
54.9571
55.0491
55.1508
55.2518
55.3585
55.455
55.561
55.656
55.7548
55.8515
55.9449
56.0378
56.1296
56.219
56.31
56.4154
56.5157
56.6154
56.7051
56.7871
56.8798
56.9709
57.0717
57.17
57.2668
57.3605
57.4539
57.5467
57.6389
57.7299
57.8182
57.9066
57.9948
58.0827
58.1674
58.2528
58.3392
58.4226
58.5116
58.6075
58.6932
58.7835
58.8772
58.9665
59.0613
59.1529
59.2423
59.3317
59.4235
59.5166
59.6037
59.6948
59.7846
59.8661
59.9581
60.0452
60.1448
60.2276
60.3203
60.4062
60.489
60.5783
60.6699
60.7541
60.8479
60.9276
61.0129
61.0959
61.1881
61.279
61.3674
61.4566
61.5425
61.6186
61.7045
61.7896
61.8738
61.9691
62.0635
62.147
62.2404
62.3199
62.4124
62.4993
62.5864
62.6636
62.7437
62.8318
62.9121
62.9964
63.0779
63.1648
63.2473
63.3407
63.4268
63.5
63.5776
63.6697
63.7495
63.8329
63.9105
63.9948
64.08
64.1646
64.2463
64.3341
64.4194
64.5081
64.5907
64.6749
64.7556
64.834
64.9117
64.9966
65.0873
65.1706
65.2591
65.3433
65.4311
65.5149
65.5964
65.6772
65.7596
65.8545
65.9357
66.0181
66.0997
66.1809
66.2634
66.3452
66.4322
66.5168
66.6058
66.6883
66.7686
66.8605
66.9378
67.0209
67.1021
67.178
67.2605
67.3495
67.4368
67.5129
67.5967
67.6797
67.7749
67.8521
67.9492
68.0278
68.1155
68.1946
68.275
68.358
68.4403
68.5254
68.6066
68.6884
68.7763
68.8653
68.95
69.029
69.1184
69.1982
69.2953
69.3792
69.4601
69.5411
69.6286
69.7122
69.7941
69.8764
69.9521
70.0287
70.1105
70.196
70.2797
70.3562
70.4258
70.4999
70.5782
70.6548
70.73
70.8097
70.8875
70.9632
71.0451
71.1185
71.2039
71.2856
71.3696
71.4519
71.5363
71.615
71.6916
71.7588
71.8428
71.9119
71.9886
72.0649
72.1408
72.2258
72.3036
72.3838
72.4593
72.5338
72.6107
72.6922
72.7636
72.8333
72.9089
72.9751
73.0549
73.1286
73.2
73.2756
73.3443
73.4126
73.4863
73.5577
73.6303
73.6994
73.7641
73.8314
73.9034
73.9739
74.0397
74.0977
74.1593
74.2205
74.2867
74.3549
74.4177
74.4845
74.5454
74.6068
74.6702
74.7357
74.801
74.8619
74.9281
74.9922
75.0523
75.114
75.1746
75.2332
75.2936
75.3565
75.4208
75.4835
75.5475
75.6106
75.6718
75.7253
75.7907
75.8479
75.903
75.9654
76.0255
76.0869
76.1418
76.2048
76.2663
76.3297
76.3931
76.4554
76.5145
76.5708
76.6316
76.6876
76.7423
76.7953
76.8504
76.908
76.9588
77.0174
77.069
77.1266
