2
2.5
2.83333
3.08333
3.28333
3.45
3.59286
3.84286
3.95397
6.04044
9.35992
12.8271
16.8223
18.3047
21.0879
22.9987
24.5472
25.6562
26.7156
27.7424
28.6969
29.5271
30.2721
30.8979
31.5325
32.0458
32.5088
33.0839
33.5506
33.9622
34.3408
34.7161
35.1539
35.5041
35.8843
36.2087
36.5546
36.8879
37.2035
37.5183
37.8387
38.1589
38.4651
38.7536
39.0596
39.37
39.6388
39.9052
40.196
40.5177
40.7915
41.0691
41.3374
41.6001
41.8761
42.1302
42.3658
42.6053
42.8408
43.0774
43.3258
43.5612
43.8032
44.0468
44.2793
44.5068
44.7426
44.9881
45.2203
45.4885
45.7326
45.97
46.1714
46.3775
46.6168
46.8186
47.0425
47.2533
47.4767
47.681
47.8889
48.0918
48.2981
48.4797
48.6603
48.8394
49.0153
49.1683
49.3684
49.5496
49.738
49.8778
50.0393
50.2052
50.3604
50.5144
50.704
50.8734
51.0055
51.142
51.2799
51.4385
51.5815
51.7179
51.8677
52.0305
52.1828
52.3274
52.4666
52.5928
52.7193
52.8379
52.9709
53.092
53.2227
53.3489
53.4706
53.5878
53.7183
53.8492
53.9826
54.103
54.2262
54.3454
54.4586
54.5702
54.7001
54.8314
54.9611
55.0872
55.1853
55.3046
55.4161
55.5298
55.6384
55.7459
55.8577
55.9693
56.0697
56.1863
56.2926
56.3996
56.5145
56.6141
56.7289
56.8444
56.9402
57.0385
57.136
57.2444
57.3391
57.4424
57.5461
57.6523
57.7529
57.8506
57.9541
58.0591
58.158
58.2572
58.3541
58.4501
58.5499
58.6418
58.7309
58.8106
58.9013
58.9979
59.0993
59.1892
59.2817
59.37
59.4547
59.5591
59.655
59.7382
59.8221
59.9014
59.9935
60.0782
60.172
60.2524
60.3404
60.4238
60.5028
60.5804
60.6625
60.7507
60.8425
60.9138
60.9934
61.0806
61.1643
61.2485
61.3297
61.4143
61.5004
61.5908
61.6805
61.7551
61.8252
61.9089
61.9715
62.0512
62.1273
62.2054
62.27
62.3429
62.422
62.5124
62.5957
62.6715
62.7524
62.8261
62.9047
62.9825
63.0613
63.1353
63.209
63.2856
63.3558
63.4324
63.5009
63.5793
63.6431
63.7193
63.7938
63.861
63.9268
63.9916
64.0628
64.1342
64.1959
64.2659
64.3408
64.4142
64.4857
64.5445
64.6058
64.6795
64.7465
64.8158
64.8817
64.9491
65.0215
65.0867
65.151
65.2225
65.2839
65.3503
65.4222
65.4989
65.5721
65.6264
65.6884
65.7541
65.819
65.8796
65.9465
66.0118
66.0802
66.1402
66.2064
66.2707
66.3313
66.3909
66.4555
66.5271
66.5869
66.6471
66.709
66.7744
66.8442
66.9009
66.957
67.017
67.0762
67.1347
67.1921
67.2496
67.3087
67.371
67.4302
67.4893
67.5442
67.5955
67.6546
67.714
67.7753
67.8332
67.8866
67.9473
68.0022
68.0554
68.1092
68.1638
68.2147
68.2653
68.3208
68.3768
68.4278
68.4761
68.5309
68.5833
68.6365
68.6923
68.7406
68.7967
68.8568
68.9053
68.9526
68.9991
69.0521
69.1045
69.1546
69.2026
69.2488
69.3003
69.352
69.408
69.4544
69.5078
69.5589
69.6086
69.6603
69.708
69.7537
69.8105
69.8577
69.9071
69.9606
70.0079
70.0587
70.1083
70.1539
70.199
70.25
70.2998
70.3509
70.4006
70.4544
70.5115
70.5632
70.6196
70.6725
70.7186
70.7666
70.821
70.8738
70.9263
70.9754
71.0257
71.0755
71.1312
71.1792
71.2314
71.2827
71.322
71.369
71.4154
71.4663
71.5147
71.56
71.6132
71.6612
71.711
71.7543
71.7989
71.8473
71.8982
71.941
71.9903
72.038
72.087
72.1365
72.1816
72.2208
72.2652
72.3035
72.3514
72.4052
72.4546
72.5021
72.5425
72.5838
72.625
72.6662
72.7152
72.7569
72.8026
72.8448
72.8929
72.9386
72.9869
73.0309
73.0803
73.1278
73.17
73.2162
73.2589
73.3055
73.3535
73.4008
73.444
73.4882
73.5319
73.574
73.6235
73.6687
73.7166
73.7536
73.7958
73.8367
73.8791
73.9268
73.9707
74.0161
74.06
74.1059
74.1504
74.1927
74.234
74.2798
74.3212
74.3623
74.4048
74.4469
74.4896
74.5332
74.5821
74.6292
74.6762
74.7246
74.7677
74.8135
74.8621
74.9053
74.9497
74.993
75.0352
75.0786
75.1261
75.1657
75.207
75.2522
75.2967
75.3421
75.3853
75.4317
75.4789
75.5213
75.569
75.6114
75.653
75.698
75.7417
75.7876
75.8314
75.8746
75.9167
75.9613
75.9995
76.0438
76.084
76.1283
76.1763
76.225
76.2765
76.3157
76.3632
76.3997
76.442
76.4868
76.5354
76.5885
76.6333
76.6804
76.7297
76.776
76.8207
76.8713
76.9217
76.9702
77.0177
77.0705
77.1199
77.1738
77.2311
77.2857
77.3401
77.4031
77.455
77.5043
77.5644
77.6214
77.6817
77.7529
77.8176
77.8878
77.9533
78.029
78.1073
78.1934
78.2692
78.3508
78.4444
78.5392
78.6569
78.7961
78.9571
79.166
79.4561
81.518
