2
2.5
2.83333
3.08333
3.28333
3.61667
3.90238
4.27738
4.83294
6.33291
7.68077
9.36572
12.0171
12.982
15.1015
17.1848
18.4237
19.4988
20.5507
21.292
22.072
22.7574
23.5176
24.1067
24.7152
25.2415
25.7984
26.3689
26.8397
27.2767
27.7334
28.1529
28.5376
28.9373
29.3374
29.7183
30.0768
30.4311
30.7441
31.0741
31.3789
31.6701
31.9778
32.2861
32.5387
32.7902
33.0537
33.3254
33.5593
33.7965
34.0974
34.3269
34.5724
34.8075
35.0313
35.2592
35.4623
35.6746
35.8848
36.0945
36.2927
36.4923
36.7124
36.9145
37.1015
37.2675
37.4503
37.631
37.7768
37.9549
38.1128
38.2874
38.4585
38.607
38.8003
38.9722
39.1384
39.3046
39.4886
39.6491
39.8214
39.9874
40.1355
40.2716
40.4301
40.5914
40.7511
40.9044
41.0535
41.1906
41.3467
41.4933
41.6412
41.7778
41.912
42.0416
42.1682
42.2923
42.4168
42.5541
42.7007
42.8243
42.9778
43.1203
43.2805
43.4263
43.5386
43.6826
43.8089
43.9386
44.0727
44.1958
44.3321
44.4767
44.6019
44.7443
44.8724
45.0397
45.1931
45.3327
45.4658
45.6076
45.7456
45.8868
46.0073
46.1403
46.2862
46.4364
46.5675
46.7053
46.8321
46.9638
47.1005
47.2475
47.3923
47.5142
47.6373
47.7561
47.8958
48.0338
48.1753
48.2951
48.4214
48.5596
48.6833
48.8108
48.9268
49.0509
49.171
49.2993
49.4202
49.5393
49.662
49.783
49.9013
50.03
50.1405
50.2537
50.3709
50.4807
50.5979
50.718
50.8237
50.9239
51.0166
51.1246
51.237
51.3395
51.4454
51.5556
51.6703
51.7703
51.869
51.9841
52.0934
52.1846
52.2851
52.3849
52.4802
52.5701
52.6697
52.77
52.8725
52.9679
53.074
53.1788
53.2729
53.3734
53.4747
53.5612
53.6492
53.7451
53.8495
53.9375
54.0263
54.1221
54.2166
54.2954
54.3851
54.4707
54.5679
54.6527
54.7352
54.8219
54.9198
55.0105
55.0991
55.1904
55.284
55.3742
55.4655
55.5613
55.634
55.715
55.7949
55.8783
55.9668
56.0474
56.1341
56.2144
56.2939
56.3724
56.4554
56.537
56.6233
56.7045
56.7864
56.8711
56.9503
57.033
57.1148
57.187
57.2683
57.3475
57.4155
57.4893
57.5627
57.6319
57.7049
57.7802
57.8512
57.917
57.9874
58.0534
58.1223
58.2083
58.2845
58.3532
58.4273
58.5027
58.5678
58.6398
58.7093
58.7809
58.8445
58.9114
58.9736
59.0344
59.0918
59.1526
59.218
59.2852
59.3471
59.4112
59.483
59.5512
59.6118
59.676
59.7392
59.8057
59.8693
59.9319
59.9946
60.0548
60.1134
60.1713
60.2349
60.2949
60.3569
60.416
60.4783
60.5406
60.5978
60.6524
60.7073
60.7644
60.8182
60.8739
60.9338
60.989
61.0461
61.103
61.1664
61.2206
61.2713
61.3312
61.3863
61.437
61.4941
61.5448
61.5939
61.6543
61.7058
61.7642
61.818
61.8757
61.9253
61.9776
62.0308
62.0786
62.1315
62.1866
62.2368
62.2896
62.3391
62.3887
62.4384
62.4892
62.5404
62.5941
62.6496
62.7012
62.745
62.7924
62.8392
62.8906
62.9475
62.9987
63.0532
63.1081
63.1543
63.2037
63.2603
63.3129
63.3635
63.4125
63.4656
63.5208
63.5727
63.6272
63.6742
63.7275
63.777
63.8321
63.8845
63.9313
63.982
64.032
64.0777
64.1227
64.1675
64.2208
64.2688
64.3158
64.3615
64.4132
64.4636
64.5171
64.565
64.6149
64.6661
64.7143
64.7588
64.8066
64.853
64.8953
64.936
64.985
65.033
65.075
65.1216
65.172
65.218
65.2633
65.3085
65.3569
65.4015
65.4464
65.486
65.5287
65.5722
65.6215
65.6704
65.7133
65.7599
65.8069
65.8525
65.9026
65.9504
65.9987
66.0445
66.0941
66.1333
66.181
66.2245
66.2713
66.3163
66.3599
66.4095
66.4506
66.4978
66.5405
66.5802
66.6253
66.6702
66.7179
66.7605
66.8044
66.8469
66.8927
66.9341
66.9824
67.0232
67.0658
67.1062
67.1423
67.1875
67.2352
67.283
67.3265
67.3692
67.4098
67.4505
67.4969
67.5413
67.5835
67.6306
67.6729
67.7163
67.7631
67.8133
67.8535
67.8956
67.9377
67.9806
68.0231
68.0645
68.1037
68.1555
68.1977
68.2391
68.2826
68.3284
68.3682
68.4139
68.4563
68.4954
68.5419
68.5878
68.6293
68.6687
68.709
68.75
68.785
68.8249
68.8656
68.9077
68.9464
68.9883
69.0306
69.0698
69.1122
69.1579
69.2011
69.2468
69.2848
69.3283
69.372
69.4115
69.4566
69.499
69.5387
69.5819
69.6272
69.6745
69.7189
69.7613
69.8091
69.8634
69.9118
69.9636
70.0102
70.0562
70.1038
70.1553
70.208
70.2645
70.3122
70.363
70.4199
70.48
70.5393
70.6009
70.6695
70.7338
70.8118
70.8764
70.9484
71.0409
71.119
71.2037
71.2804
71.3666
71.4778
71.5808
71.6922
71.8181
71.9697
72.128
72.3342
72.5966
72.9593
74.0268
