1
2
2.5
2.83333
3.08333
3.28333
3.45
3.73571
3.86071
4.19405
6.54064
8.81341
10.5217
14.3064
17.7203
19.3814
20.7278
21.675
22.615
23.4458
24.164
24.8455
25.5536
26.1887
26.7886
27.3593
27.9213
28.4247
28.9838
29.4924
29.9688
30.5055
30.9753
31.42
31.8544
32.2301
32.6286
32.9793
33.3152
33.6658
34.0008
34.3082
34.6523
34.9821
35.2894
35.58
35.8803
36.1396
36.4183
36.6812
36.9409
37.2057
37.4593
37.7124
37.9565
38.1924
38.4592
38.7134
38.9372
39.1872
39.4322
39.6739
39.9059
40.1131
40.3412
40.5646
40.7552
40.9706
41.1742
41.3764
41.5867
41.7976
42.016
42.2027
42.4054
42.6046
42.8052
43.013
43.2121
43.3997
43.6058
43.8256
44.018
44.199
44.4096
44.601
44.7984
44.9974
45.1943
45.3878
45.5897
45.7932
45.9761
46.1868
46.3721
46.5641
46.7553
46.9625
47.1507
47.3124
47.5181
47.7113
47.906
48.1033
48.292
48.4648
48.6453
48.8164
48.9793
49.1583
49.3379
49.4918
49.6629
49.8297
50.0225
50.1832
50.3403
50.5197
50.7162
50.8932
51.0698
51.2559
51.434
51.6091
51.7955
51.9563
52.1165
52.2784
52.4817
52.6681
52.8623
53.0605
53.2414
53.4178
53.5849
53.7519
53.9354
54.1179
54.3058
54.4975
54.6748
54.8564
55.0472
55.2212
55.381
55.5676
55.7304
55.8944
56.0675
56.2443
56.4263
56.6078
56.7824
56.9419
57.1095
57.2693
57.4408
57.5951
57.757
57.9133
58.0696
58.2166
58.3854
58.5402
58.6899
58.8539
59.0181
59.1906
59.3281
59.4765
59.6409
59.7887
59.9349
60.0909
60.2478
60.4032
60.5521
60.6967
60.8365
60.9892
61.1363
61.2791
61.4054
61.5512
61.6982
61.8324
61.964
62.1094
62.2411
62.3898
62.518
62.6501
62.7775
62.9016
63.0321
63.1526
63.2813
63.4128
63.5465
63.6773
63.7908
63.9185
64.0492
64.1667
64.2908
64.4134
64.5348
64.6471
64.7688
64.8772
64.9963
65.1261
65.2559
65.3783
65.5138
65.6599
65.7898
65.9149
66.0291
66.1554
66.2857
66.4013
66.5252
66.6436
66.7635
66.8839
67.0086
67.1209
67.2486
67.3568
67.472
67.5944
67.7208
67.8389
67.9601
68.0581
68.1719
68.2878
68.4046
68.5097
68.6202
68.7359
68.8565
68.9628
69.0696
69.1872
69.2934
69.4129
69.5027
69.6026
69.7088
69.8121
69.9124
70.0245
70.1318
70.2308
70.3187
70.4183
70.527
70.6325
70.7373
70.835
70.935
71.0336
71.137
71.2364
71.3316
71.4292
71.5176
71.6053
71.7017
71.7891
71.8788
71.982
72.0774
72.1714
72.2548
72.3487
72.4442
72.5448
72.6411
72.7345
72.8151
72.9034
72.9916
73.0816
73.1703
73.2428
73.3316
73.4241
73.5133
73.5944
73.6787
73.7598
73.8337
73.9244
74.0058
74.0829
74.1603
74.2404
74.311
74.3836
74.4605
74.5392
74.6157
74.6988
74.7815
74.8543
74.9328
75.0049
75.0783
75.1486
75.2218
75.2944
75.3631
75.4348
75.5112
75.5902
75.6606
75.7256
75.786
75.8537
75.9242
75.9983
76.0731
76.1423
76.2057
76.2753
76.346
76.4105
76.4782
76.5393
76.6039
76.6646
76.7281
76.7962
76.8606
76.9212
76.9847
77.0497
77.1098
77.1814
77.247
77.3156
77.3789
77.4409
77.5001
77.5655
77.63
77.6907
77.7496
77.8145
77.8774
77.9392
77.9996
78.059
78.1099
78.174
78.2311
78.29
78.3462
78.4084
78.4683
78.5353
78.5995
78.6585
78.7157
78.7729
78.8352
78.9
78.9647
79.0224
79.0795
79.1425
79.2034
79.2658
79.3238
79.3778
79.439
79.4956
79.5538
79.6165
79.6801
79.7439
79.8038
79.8652
79.9248
79.9863
80.0465
80.1019
80.1589
80.2147
80.2708
80.328
80.3902
80.4507
80.5092
80.5656
80.6218
80.6836
80.7404
80.8019
80.8571
80.9131
80.971
81.0269
81.0849
81.1412
81.1978
81.2545
81.3131
81.3664
81.4253
