2
2.5
2.83333
3.08333
3.28333
3.78333
3.92619
4.05119
4.1623
5.96662
7.50324
8.96644
12.6222
13.8673
17.2291
19.4897
21.1662
22.6353
23.9302
25.0683
26.0541
27.2157
28.118
28.9327
29.597
30.5029
31.3134
32.0011
32.6898
33.2652
33.8754
34.4346
35.0235
35.5365
35.9932
36.4468
36.8603
37.2669
37.6756
38.055
38.4483
38.8347
39.1835
39.5158
39.8787
40.2264
40.5278
40.8296
41.1187
41.4255
41.7463
42.0069
42.2562
42.5419
42.7966
43.0763
43.3581
43.6157
43.8552
44.0945
44.3418
44.5715
44.8155
45.0523
45.3008
45.5167
45.6953
45.897
46.0826
46.2905
46.4707
46.6438
46.8405
47.0269
47.2629
47.4365
47.6054
47.7781
47.9512
48.1146
48.2785
48.47
48.6177
48.7816
48.9391
49.0774
49.2181
49.37
49.5017
49.6558
49.7823
49.9264
50.0797
50.2118
50.3445
50.4698
50.5896
50.7183
50.8387
50.9582
51.0877
51.2179
51.3497
51.4792
51.5847
51.7034
51.8058
51.9299
52.0701
52.1875
52.3079
52.4237
52.5396
52.6626
52.7759
52.8803
52.9878
53.1044
53.2195
53.3216
53.4239
53.5328
53.6428
53.7469
53.8678
53.9855
54.0954
54.1946
54.2997
54.408
54.5019
54.6118
54.7145
54.8008
54.9144
55.0194
55.1228
55.2223
55.3399
55.4429
55.5573
55.6572
55.7761
55.8865
55.9929
56.1088
56.2183
56.3341
56.4445
56.548
56.6522
56.7713
56.8791
57.0017
57.117
57.2273
57.3282
57.4222
57.5106
57.6056
57.7073
57.8175
57.9063
58.0135
58.1117
58.209
58.318
58.4249
58.5155
58.609
58.7087
58.7936
58.883
58.9716
59.0682
59.1546
59.2476
59.3453
59.4217
59.5279
59.6291
59.708
59.7976
59.8822
59.9667
60.0522
60.1327
60.2147
60.2941
60.3818
60.4658
60.5542
60.6324
60.7293
60.8081
60.8945
60.9801
61.0776
61.1678
61.2478
61.339
61.4216
61.502
61.5777
61.6659
61.7526
61.8326
61.91
61.9954
62.0694
62.1555
62.236
62.3134
62.3888
62.4644
62.5454
62.6232
62.7033
62.7872
62.86
62.9357
63.0038
63.0696
63.1532
63.2273
63.2942
63.37
63.4393
63.5027
63.5823
63.648
63.7108
63.7866
63.8699
63.9484
64.0306
64.0983
64.1679
64.2405
64.305
64.3737
64.4339
64.5052
64.5757
64.6451
64.7171
64.7812
64.8458
64.9192
64.9951
65.0676
65.13
65.1957
65.2633
65.3294
65.4018
65.4693
65.5328
65.6062
65.6685
65.7355
65.802
65.8655
65.9212
65.9841
66.05
66.113
66.1795
66.2436
66.3079
66.3788
66.4434
66.508
66.5779
66.6442
66.7015
66.7671
66.8318
66.8895
66.9508
67.012
67.0676
67.1278
67.1923
67.2508
67.3097
67.3797
67.4401
67.4977
67.5558
67.6051
67.6668
67.7352
67.7914
67.8497
67.9049
67.9601
68.0161
68.0709
68.1313
68.1899
68.2521
68.3072
68.3653
68.429
68.4852
68.5414
68.5995
68.6597
68.7214
68.7778
68.8372
68.8877
68.9448
69.0064
69.0683
69.1128
69.1695
69.2259
69.2821
69.332
69.3901
69.4444
69.4954
69.5479
69.6028
69.657
69.7107
69.7651
69.817
69.865
69.9209
69.9735
70.0217
70.0776
70.1297
70.1818
70.2308
70.2846
70.3353
70.3879
70.4477
70.4944
70.5426
70.5908
70.6477
70.6947
70.7427
70.7884
70.836
70.8855
70.9305
70.9757
71.0254
71.0748
71.1314
71.1854
71.2313
71.2745
71.3219
71.3673
71.4116
71.4592
71.5052
71.5536
71.6041
71.6491
71.6917
71.7354
71.7824
71.8274
71.8754
71.921
71.9714
72.0166
72.0643
72.1076
72.1507
72.1955
72.2424
72.2832
72.3328
72.3824
72.4317
72.4774
72.5257
72.5731
72.6135
72.6622
72.7053
72.7499
72.7939
72.8387
72.8832
72.9299
72.9779
73.0236
73.0695
73.1175
73.1609
73.2063
73.252
73.294
73.3344
73.384
73.4252
73.4684
73.5174
73.5623
73.6121
73.656
73.7026
73.7504
73.7935
73.8323
73.8793
73.9235
73.9692
74.0166
74.0613
74.1089
74.1593
74.2054
74.2515
74.3007
74.3542
74.4077
74.454
74.5066
74.5571
74.6079
74.6589
74.7108
74.7695
74.8226
74.873
74.9213
74.9742
75.0243
75.0745
75.126
75.1776
75.2317
75.285
75.3402
75.4
75.4505
75.5091
75.5623
75.6152
75.6704
75.7217
75.7716
75.8225
75.878
75.9306
75.9754
76.0306
76.0821
76.1327
76.1866
76.2335
76.2833
76.337
76.3892
76.4427
76.4968
76.5433
76.596
76.6488
76.7006
76.7518
76.8111
76.8675
76.9255
76.9798
77.0378
77.0973
77.16
77.2181
77.2819
77.3325
77.3953
77.4532
77.5245
77.5826
77.6598
77.7309
77.7992
77.8577
77.9248
77.9833
78.0501
78.1192
78.1903
78.2646
78.3394
78.4088
78.484
78.5605
78.6404
78.7126
78.798
78.8766
78.9525
79.0522
79.1521
79.2481
79.3588
79.4918
79.6509
79.8735
80.6497
