1
2
2.5
2.83333
3.08333
3.28333
3.78333
3.92619
4.05119
4.1623
5.96662
7.50324
9.01934
13.9831
18.9122
21.2558
23.1726
24.8597
26.2565
27.6724
28.8697
29.8499
30.8663
32.0034
33.0138
33.919
34.778
35.5091
36.3324
37.0137
37.6333
38.1722
38.7514
39.2839
39.825
40.345
40.8743
41.3329
41.7873
42.2559
42.6867
43.0837
43.4853
43.9014
44.2959
44.6951
45.07
45.412
45.7604
46.1206
46.4765
46.8056
47.1163
47.4114
47.6727
47.9652
48.2473
48.4883
48.7641
49.0386
49.2824
49.5327
49.7845
50.0006
50.2197
50.4482
50.6766
50.8925
51.1102
51.2837
51.4803
51.678
51.8579
52.062
52.244
52.421
52.6007
52.7871
52.9603
53.1275
53.2894
53.4518
53.6164
53.7795
53.9361
54.0945
54.2516
54.4225
54.5978
54.7499
54.9021
55.05
55.2165
55.3771
55.5348
55.6922
55.8401
56.0093
56.1694
56.3206
56.473
56.6363
56.796
56.9442
57.1013
57.2613
57.4198
57.5976
57.753
57.9048
58.0792
58.2415
58.4095
58.5531
58.7146
58.8797
59.0574
59.2224
59.3987
59.5523
59.7065
59.8719
60.0432
60.1956
60.3615
60.5236
60.6724
60.8284
60.9646
61.1125
61.2617
61.4177
61.567
61.6929
61.8351
61.9707
62.1187
62.2313
62.3641
62.4997
62.6274
62.7559
62.8926
63.0148
63.1383
63.2742
63.4061
63.5422
63.6649
63.7875
63.9194
64.0333
64.1604
64.2753
64.4005
64.5208
64.6506
64.7561
64.8595
64.9774
65.0961
65.2123
65.3251
65.4483
65.5596
65.6612
65.7806
65.8914
65.998
66.0947
66.1995
66.3105
66.4151
66.5198
66.6086
66.7032
66.8039
66.8994
67.0068
67.1069
67.2188
67.3161
67.4268
67.5244
67.623
67.7278
67.8296
67.9339
68.0243
68.1202
68.2205
68.3209
68.4162
68.5124
68.6094
68.6949
68.7853
68.8785
68.9731
69.0678
69.1621
69.2569
69.3513
69.4412
69.5346
69.6177
69.7121
69.7986
69.8976
69.9875
70.0757
70.1667
70.2569
70.337
70.4353
70.5309
70.6128
70.6946
70.7847
70.8743
70.963
71.0531
71.1406
71.2235
71.3138
71.3936
71.4776
71.5605
71.6499
71.7313
71.8152
71.9022
71.9864
72.0746
72.1581
72.2483
72.3311
72.4141
72.5014
72.5918
72.6663
72.748
72.8355
72.9163
73.0008
73.0812
73.1587
73.2417
73.3191
73.4012
73.4767
73.5534
73.626
73.7027
73.7777
73.8534
73.9315
74.0067
74.0873
74.1681
74.2498
74.3208
74.3914
74.4655
74.5459
74.6154
74.6934
74.77
74.8443
74.9183
74.9894
75.0597
75.1384
75.2108
75.2765
75.3464
75.4235
75.4965
75.5658
75.6394
75.7094
75.7771
75.8445
75.9147
75.985
76.0463
76.1099
76.1809
76.2516
76.3203
76.3923
76.4709
76.5414
76.6047
76.6711
76.7433
76.8148
76.8821
76.9468
77.0154
77.0846
77.1498
77.213
77.276
77.341
77.4032
77.4742
77.5405
77.6041
77.6694
77.7352
77.7957
77.86
77.921
77.9801
78.0449
78.1022
78.1697
78.2377
78.2985
78.3569
78.4144
78.4737
78.5326
78.5905
78.6525
78.714
78.7653
78.8247
78.8831
78.9408
78.999
79.0529
79.1096
79.1696
79.2275
79.2884
79.3506
79.4106
79.4684
79.5316
79.5958
79.6537
79.71
79.7684
79.8217
79.8748
79.9225
79.9767
80.0349
80.0888
80.1406
80.1957
80.2495
80.3041
80.3619
80.4174
80.4713
80.5268
80.578
80.6264
80.6793
80.7292
80.7868
80.8429
80.8884
80.945
80.9992
81.0548
81.1009
81.1577
81.2162
81.2694
81.3239
81.3758
81.4289
81.4772
81.5328
81.5816
81.64
81.6892
81.7391
81.7895
81.8399
81.8963
81.9416
81.9897
82.0445
82.0974
82.1443
82.1953
82.2476
82.2996
82.3488
82.4005
82.4477
82.5006
82.5487
82.5979
82.6484
82.7013
82.7542
82.8024
82.8498
82.896
82.9488
82.998
83.0456
83.0944
83.1454
83.1955
83.2484
83.2972
