2
2.5
2.83333
3.58333
3.78333
4.11667
4.25952
4.63452
4.74563
6.92006
8.33749
10.1188
12.6636
13.8486
16.4517
18.3133
19.7646
21.0636
22.2539
23.5887
24.6193
25.5462
26.379
27.2084
27.8407
28.4663
29.0938
29.662
30.2543
30.7899
31.3755
31.8188
32.3485
32.8425
33.3825
33.8306
34.2867
34.7701
35.2578
35.7077
36.1627
36.5884
36.9649
37.3013
37.6338
37.9391
38.3206
38.6009
38.8968
39.1622
39.4566
39.7311
39.9579
40.2088
40.4645
40.7073
40.9204
41.1311
41.3755
41.5847
41.8102
42.0427
42.2426
42.441
42.6248
42.826
42.9948
43.1853
43.3521
43.523
43.7248
43.9214
44.0814
44.2493
44.4007
44.5709
44.7548
44.9164
45.0637
45.2166
45.3776
45.5217
45.6682
45.7919
45.9467
46.093
46.2442
46.3834
46.5197
46.6393
46.7894
46.9346
47.0687
47.1851
47.3059
47.4384
47.5552
47.6772
47.7947
47.9205
48.0316
48.1503
48.252
48.3562
48.4699
48.5929
48.6927
48.7984
48.894
49.0068
49.1189
49.2171
49.3197
49.4332
49.5481
49.6458
49.7475
49.8528
49.9565
50.0575
50.1545
50.2593
50.3606
50.468
50.5727
50.6615
50.7558
50.8465
50.9467
51.038
51.1374
51.2223
51.3244
51.4175
51.5083
51.5963
51.6847
51.7691
51.8557
51.9364
52.0254
52.1185
52.2148
52.3062
52.4055
52.4962
52.5702
52.6494
52.7315
52.804
52.8886
52.9684
53.0423
53.1245
53.2116
53.2849
53.3583
53.4377
53.5114
53.5829
53.653
53.732
53.8136
53.8858
53.9521
54.0187
54.0982
54.1722
54.2532
54.3286
54.3962
54.4722
54.5522
54.6294
54.7069
54.7838
54.8528
54.9258
54.9993
55.0726
55.1403
55.212
55.2826
55.3586
55.428
55.5015
55.5756
55.6508
55.7168
55.7797
55.848
55.9222
55.9914
56.0603
56.1349
56.1966
56.2629
56.3233
56.394
56.4751
56.5482
56.6189
56.6842
56.7477
56.8121
56.876
56.9503
57.0077
57.0785
57.1516
57.2157
57.2893
57.3659
57.4339
57.5031
57.5717
57.6386
57.7151
57.7798
57.8428
57.9112
57.9824
58.0482
58.1112
58.1766
58.2479
58.3113
58.385
58.452
58.5162
58.5772
58.6476
58.7151
58.7802
58.85
58.9185
58.9828
59.0501
59.1161
59.1799
59.2348
59.2952
59.3569
59.4266
59.4872
59.5465
59.6101
59.6655
59.723
59.7824
59.8442
59.9023
59.9668
60.0327
60.096
60.1615
60.2185
60.2765
60.3344
60.3924
60.453
60.5183
60.5841
60.6475
60.7135
60.7701
60.8312
60.896
60.9467
61.0013
61.0683
61.1307
61.1844
61.2505
61.3113
61.3721
61.4286
61.4836
61.5362
61.5921
61.6542
61.7164
61.7834
61.8444
61.906
61.9625
62.0138
62.0755
62.1348
62.1896
62.2459
62.301
62.3626
62.4232
62.4816
62.5359
62.5931
62.6495
62.7
62.7618
62.8213
62.8751
62.931
62.9882
63.045
63.1014
63.1544
63.207
63.2603
63.3187
63.373
63.423
63.4711
63.5212
63.5701
63.6232
63.6693
63.7184
63.7699
63.8276
63.8869
63.9439
64.0007
64.0545
64.1097
64.1604
64.21
64.2653
64.3216
64.3699
64.4245
64.4787
64.5339
64.5916
64.6414
64.6851
64.7318
64.7764
64.8277
64.8759
64.9252
64.9763
65.0293
65.0785
65.1331
65.185
65.2319
65.2844
65.3358
65.3857
65.4324
65.4863
65.5332
65.5791
65.6285
65.6746
65.725
65.7732
65.8174
65.862
65.9131
65.9643
66.0134
66.0673
66.1096
66.1537
66.2008
66.2495
66.2988
66.3549
66.4045
66.451
66.4957
66.5413
66.5904
66.6356
66.6845
66.7296
66.7775
66.8224
66.8792
66.9225
66.9672
67.0103
67.0582
67.1031
67.1455
67.1965
67.239
67.2826
67.3264
67.3722
67.417
67.4631
67.5062
67.5463
67.5865
67.6319
67.6817
67.7274
67.7729
67.815
67.864
67.9062
67.9489
67.9936
68.0374
68.0776
68.1184
68.1593
68.2035
68.2443
68.2848
68.3276
68.374
68.4171
68.4555
68.4982
68.5394
68.581
68.627
68.6735
68.7172
68.7578
68.8026
68.8511
68.8954
68.9362
68.9759
69.0225
69.0657
69.111
69.1525
69.1964
69.2389
69.283
69.3273
69.3724
69.4225
69.4698
69.5176
69.5626
69.6084
69.652
69.6984
69.7422
69.7894
69.8362
69.8891
69.9359
69.9836
70.0372
70.0751
70.1197
70.1652
70.2118
70.2557
70.3085
70.3537
70.3996
70.4465
70.4959
70.5436
70.593
70.6419
70.6864
70.7288
70.7692
70.8119
70.8568
70.9067
70.9542
71.0007
71.0473
71.0939
71.1359
71.1818
71.2285
71.2755
71.3214
71.3751
71.4271
71.4761
71.5232
71.5718
71.622
71.6727
71.721
71.7725
71.8233
71.8792
71.9382
71.9989
72.0573
72.1134
72.1803
72.2432
72.3063
72.3702
72.4406
72.5024
72.5824
72.6637
72.7495
72.8473
72.9394
73.033
73.1375
73.2591
73.4222
73.6435
74.0443
75.372
