2
2.5
2.83333
3.33333
3.73333
4.23333
4.51905
4.64405
4.86627
7.2189
8.96089
11.5766
14.816
15.9442
17.8908
19.7854
20.9641
22.1924
23.2885
24.478
25.5171
26.6258
27.4626
28.159
28.8339
29.4841
30.0813
30.6196
31.2079
31.7236
32.2397
32.7628
33.2312
33.7106
34.1469
34.6091
35.117
35.6147
36.0726
36.5813
37.0304
37.5239
38.0074
38.4316
38.8718
39.266
39.6537
40.012
40.3913
40.7204
41.0434
41.3394
41.6514
41.955
42.2435
42.5277
42.7868
43.0218
43.2328
43.5034
43.7606
44.0119
44.2277
44.4527
44.6762
44.898
45.1108
45.3261
45.5375
45.7528
45.9559
46.1705
46.3537
46.549
46.7246
46.9197
47.1007
47.2795
47.4843
47.662
47.8432
48.0244
48.2164
48.3987
48.5623
48.7658
48.9347
49.0909
49.2605
49.4375
49.5917
49.744
49.8767
50.0436
50.1906
50.3376
50.4903
50.648
50.7841
50.9335
51.0759
51.2346
51.3879
51.5283
51.6714
51.7989
51.9403
52.0879
52.2232
52.3615
52.4945
52.6131
52.737
52.866
52.9801
53.1044
53.2297
53.3449
53.4746
53.588
53.699
53.8098
53.9219
54.0341
54.1371
54.2398
54.35
54.4584
54.5633
54.6849
54.7867
54.8971
55.0031
55.0977
55.1911
55.2909
55.3987
55.5005
55.6073
55.7016
55.8188
55.9157
56.0272
56.1239
56.2206
56.311
56.4069
56.4975
56.5872
56.6819
56.7761
56.8617
56.9551
57.0454
57.1354
57.2218
57.2978
57.3831
57.4672
57.5515
57.6336
57.7255
57.8101
57.8966
57.9824
58.061
58.148
58.2258
58.3097
58.3894
58.4635
58.5407
58.6172
58.6995
58.7733
58.8378
58.9191
58.9979
59.0767
59.155
59.2279
59.2995
59.37
59.4432
59.52
59.5973
59.6686
59.733
59.8009
59.8714
59.94
60.0139
60.0878
60.1574
60.2316
60.2969
60.361
60.4313
60.4999
60.5705
60.6395
60.7061
60.7622
60.8277
60.8905
60.9555
61.0199
61.0772
61.1456
61.2136
61.2744
61.3294
61.3876
61.448
61.5165
61.5799
61.6413
61.7081
61.7667
61.8347
61.898
61.9521
62.0204
62.0865
62.1464
62.2102
62.2652
62.3198
62.3789
62.4308
62.4936
62.5479
62.6138
62.6686
62.7295
62.7792
62.8422
62.8969
62.9469
62.9998
63.0539
63.1033
63.1603
63.2136
63.2702
63.3247
63.3795
63.4342
63.4965
63.548
63.6003
63.6569
63.7122
63.7704
63.8193
63.8652
63.9238
63.9906
64.0385
64.0931
64.1475
64.2017
64.2555
64.3097
64.3603
64.4146
64.4661
64.5183
64.5743
64.6276
64.6725
64.7217
64.7775
64.8294
64.8872
64.9314
64.9815
65.0386
65.0939
65.1437
65.1922
65.2476
65.3052
65.3526
65.4028
65.4543
65.5046
65.5509
65.6025
65.65
65.6957
65.7458
65.7915
65.8412
65.8884
65.9358
65.9804
66.0319
66.0851
66.1288
66.1783
66.2301
66.2795
66.3234
66.3732
66.4189
66.4754
66.5271
66.5727
66.6248
66.6655
66.717
66.7722
66.817
66.8586
66.913
66.9627
67.01
67.0555
67.0959
67.1435
67.1925
67.2457
67.2968
67.3452
67.3974
67.4416
67.4888
67.5441
67.5913
67.6411
67.6831
67.734
67.7817
67.8308
67.8785
67.9257
67.9745
68.0187
68.0652
68.1151
68.1605
68.2079
68.2546
68.3
68.3484
68.3955
68.4433
68.4906
68.5348
68.5777
68.6184
68.6699
68.7205
68.7714
68.8169
68.8595
68.9049
68.9512
68.997
69.0452
69.0934
69.1381
69.1848
69.2283
69.2719
69.3207
69.3698
69.4181
69.4543
69.492
69.5398
69.5883
69.6349
69.6828
69.7282
69.7698
69.8136
69.8585
69.9074
69.9544
70.0018
70.0501
70.0906
70.1368
70.1812
70.2274
70.2692
70.3147
70.3582
70.3959
70.4395
70.4877
70.5382
70.5814
70.6283
70.6681
70.7097
70.7519
70.7941
70.8332
70.8776
70.9272
70.97
71.0192
71.0665
71.1158
71.1616
71.2102
71.2572
71.3008
71.3426
71.3834
71.4275
71.4708
71.5175
71.5596
71.6088
71.6549
71.7016
71.7477
71.7939
71.8361
71.8779
71.9229
71.967
72.0134
72.0616
72.103
72.145
72.1904
72.2351
72.2827
72.327
72.3809
72.4259
72.4709
72.5112
72.5559
72.5991
72.6453
72.6829
72.7269
72.7684
72.8105
72.855
72.8984
72.9443
72.9893
73.0322
73.0841
73.1299
73.1756
73.2183
73.2647
73.3093
73.3571
73.4081
73.4534
73.5027
73.5571
73.6045
73.6617
73.7191
73.7789
73.8294
73.8767
73.9262
73.9774
74.0313
74.0852
74.138
74.1918
74.2495
74.3002
74.3547
74.4077
74.4612
74.5218
74.5819
74.6576
74.7142
74.7793
74.8453
74.914
74.9852
75.0555
75.133
75.2048
75.2828
75.3553
75.4274
75.498
75.566
75.6473
75.7177
75.8018
75.8799
75.9537
76.0318
76.1142
76.2088
76.3104
76.4
76.5025
76.6186
76.7505
76.8862
77.025
77.1691
77.3588
77.6565
79.5804
