1
2
2.5
2.83333
3.08333
3.28333
3.45
3.59286
3.84286
3.95397
6.00284
7.99486
10.8793
13.5552
15.9362
17.8201
19.461
20.8082
22.0521
23.0831
23.9724
24.7495
25.5769
26.3705
27.12
27.8496
28.5312
29.2087
29.8453
30.4415
31.035
31.661
32.2749
32.7564
33.2528
33.7525
34.2639
34.7815
35.2111
35.7101
36.1361
36.5674
36.9504
37.3772
37.7748
38.1694
38.5452
38.9293
39.2664
39.586
39.9107
40.2446
40.5765
40.9097
41.2113
41.4565
41.7811
42.0445
42.3153
42.6178
42.8877
43.1442
43.4016
43.6619
43.9068
44.1414
44.4322
44.6613
44.9046
45.1443
45.3715
45.6348
45.871
46.0799
46.2799
46.5061
46.6955
46.8927
47.0968
47.2982
47.4781
47.6715
47.8543
48.0341
48.2159
48.4104
48.6016
48.7862
48.9666
49.1441
49.3215
49.5084
49.6813
49.8672
50.0402
50.2206
50.3825
50.5374
50.7038
50.8814
51.0246
51.188
51.3469
51.5072
51.6492
51.8123
51.9882
52.1533
52.2955
52.4697
52.6207
52.773
52.9202
53.0499
53.1842
53.3256
53.468
53.5953
53.7446
53.8781
54.0189
54.1573
54.2918
54.4221
54.5598
54.6944
54.8163
54.9531
55.0825
55.1979
55.3334
55.463
55.5755
55.6988
55.8294
55.9391
56.0644
56.1833
56.2892
56.3977
56.5131
56.6225
56.7377
56.8427
56.9452
57.0519
57.158
57.2682
57.3816
57.4846
57.5838
57.687
57.7854
57.882
57.9772
58.0772
58.1742
58.276
58.3926
58.4922
58.5957
58.6888
58.7826
58.8742
58.9686
59.0536
59.1416
59.2422
59.3409
59.4243
59.5115
59.5927
59.683
59.7726
59.8563
59.9454
60.0292
60.1118
60.2011
60.2799
60.3593
60.4411
60.5122
60.5938
60.6774
60.7561
60.8353
60.9154
60.9974
61.0804
61.1595
61.2438
61.3286
61.4121
61.4928
61.5677
61.6489
61.7347
61.8136
61.8962
61.9809
62.0596
62.1345
62.2215
62.3072
62.3894
62.4704
62.557
62.642
62.7228
62.793
62.8683
62.9507
63.031
63.1116
63.1907
63.2672
63.3405
63.4237
63.5028
63.5804
63.6562
63.7482
63.8302
63.901
63.976
64.0485
64.1272
64.2017
64.2786
64.352
64.4268
64.5045
64.5819
64.6487
64.7191
64.8
64.8778
64.9518
65.0152
65.08
65.1475
65.2206
65.2911
65.3648
65.4374
65.5082
65.5771
65.6433
65.7074
65.7786
65.841
65.9129
65.9858
66.0505
66.1224
66.1903
66.2538
66.3232
66.3885
66.4537
66.5187
66.586
66.6529
66.7209
66.7875
66.852
66.9041
66.9657
67.0298
67.0947
67.1659
67.2283
67.2931
67.3545
67.4213
67.4788
67.544
67.6016
67.6601
67.7321
67.7962
67.8627
67.9215
67.9848
68.0486
68.1083
68.1665
68.2273
68.2902
68.3453
68.4028
68.4706
68.5277
68.5905
68.6492
68.708
68.7642
68.8199
68.8812
68.9352
68.9971
69.0535
69.1155
69.1689
69.2233
69.2722
69.327
69.3874
69.445
69.4984
69.5545
69.6087
69.6621
69.7145
69.7705
69.8268
69.8841
69.9457
70.0051
70.063
70.1184
70.1731
70.2294
70.283
70.3354
70.3871
70.4448
70.5052
70.5627
70.62
70.676
70.7304
70.7847
70.8346
70.8884
70.9441
70.9961
71.0507
71.0973
71.1461
71.2024
71.2526
71.3054
71.3555
71.408
71.4568
71.5124
71.5581
71.6133
71.6628
71.7176
71.7739
71.8263
71.8808
71.929
71.9775
72.0251
72.073
72.1227
72.1737
72.2253
72.2774
72.3262
72.3734
72.4211
72.4729
72.5249
72.5734
72.6208
72.6752
72.7217
72.7718
72.8221
72.8706
72.9181
72.9678
73.0187
73.0662
73.1141
73.165
73.2148
73.2622
73.316
73.3638
73.4142
73.4675
73.5167
73.5616
73.6076
73.6559
73.7027
73.7452
73.7898
73.8357
73.8863
73.9348
73.9809
74.0313
74.0743
74.1227
74.1694
74.2122
74.2582
74.3045
74.3483
74.3962
74.4468
74.4927
74.5397
74.5817
74.6319
74.677
