2
2.5
2.83333
3.08333
3.28333
3.45
3.59286
3.84286
3.95397
6.00284
7.80607
10.5215
12.4714
13.2593
14.7904
16.2682
17.6217
18.8468
19.9907
20.9396
21.7841
22.5577
23.2383
23.8471
24.4687
25.1206
25.6837
26.2455
26.777
27.3302
27.8399
28.2859
28.773
29.2565
29.7109
30.1557
30.6075
30.9962
31.432
31.776
32.1748
32.5534
32.9791
33.3355
33.6859
34.0001
34.3643
34.6605
34.9568
35.252
35.5796
35.864
36.1644
36.4509
36.7616
37.0382
37.3005
37.5406
37.798
38.054
38.3264
38.5729
38.831
39.0759
39.3001
39.5158
39.7354
39.9371
40.1595
40.3602
40.5681
40.7587
40.9581
41.1579
41.3487
41.5519
41.7542
41.927
42.1023
42.2715
42.4596
42.6407
42.7946
42.9785
43.1399
43.2957
43.4883
43.6516
43.7766
43.9408
44.1128
44.2663
44.4133
44.5402
44.6751
44.8054
44.9586
45.0971
45.2256
45.3606
45.4995
45.6171
45.7492
45.8859
45.9999
46.1374
46.2541
46.3738
46.5036
46.632
46.7518
46.8741
46.9904
47.1191
47.2448
47.3701
47.4865
47.6147
47.733
47.8452
47.9637
48.0813
48.1892
48.3018
48.4264
48.5623
48.6824
48.8032
48.9222
49.0312
49.1448
49.241
49.3498
49.4617
49.5674
49.6744
49.7765
49.8788
49.9869
50.0846
50.1757
50.2893
50.3843
50.4805
50.5598
50.6523
50.7542
50.8469
50.941
51.0347
51.1256
51.2112
51.3032
51.3941
51.4842
51.5707
51.6603
51.7494
51.8447
51.9316
52.0074
52.0985
52.1798
52.2665
52.3524
52.4267
52.5165
52.6077
52.6885
52.7743
52.8561
52.9437
53.0202
53.1067
53.1919
53.2867
53.3671
53.4534
53.5225
53.5994
53.6746
53.7586
53.8492
53.9371
54.018
54.0948
54.1698
54.2428
54.3178
54.393
54.469
54.5363
54.6088
54.6772
54.7524
54.834
54.911
54.9705
55.0449
55.1149
55.1757
55.2544
55.3181
55.3915
55.4524
55.5267
55.597
55.6634
55.7282
55.7923
55.8568
55.9269
55.9872
56.056
56.1229
56.1883
56.2556
56.3195
56.3844
56.4523
56.5199
56.591
56.6484
56.7044
56.7631
56.8247
56.8854
56.9461
56.9999
57.0495
57.1021
57.1643
57.2277
57.2838
57.3403
57.3974
57.4564
57.5146
57.5733
57.6302
57.6936
57.7438
57.8051
57.8621
57.9179
57.9728
58.0391
58.0972
58.1544
58.2099
58.2626
58.3213
58.3804
58.4339
58.4965
58.5493
58.6001
58.6601
58.7134
58.7722
58.8266
58.8849
58.9318
58.9828
59.0387
59.0926
59.1428
59.1978
59.2598
59.3139
59.3699
59.418
59.4693
59.5176
59.5706
59.6246
59.6735
59.721
59.7756
59.8305
59.8837
59.937
59.9914
60.0402
60.0944
60.1469
60.1976
60.2485
60.2981
60.3493
60.3978
60.4542
60.5045
60.5524
60.602
60.6519
60.6964
60.7421
60.7969
60.8486
60.8975
60.9462
60.9949
61.0455
61.0912
61.1447
61.1944
61.2439
61.2987
61.345
61.3872
61.4392
61.4865
61.54
61.5839
61.63
61.6716
61.7311
61.7797
61.8235
61.8706
61.911
61.9576
61.9978
62.0528
62.0973
62.142
62.1807
62.2197
62.2663
62.3136
62.358
62.4015
62.4487
62.4909
62.5415
62.5833
62.6304
62.6727
62.7215
62.7633
62.8048
62.8453
62.8911
62.9329
62.9794
63.028
63.0686
63.1113
63.1523
63.195
63.2402
63.2825
63.3267
63.3652
63.402
63.4438
63.4843
63.525
63.567
63.6083
63.6449
63.6895
63.731
63.7726
63.8154
63.8555
63.8983
63.9391
63.9815
64.0226
64.0616
64.102
64.1405
64.1832
64.2244
64.268
64.3106
64.3508
64.3928
64.4329
64.4759
64.5162
64.5538
64.5972
64.6386
64.6818
64.7227
64.7665
64.8081
64.8457
64.8812
64.9218
64.9637
65.0046
65.041
65.0838
65.1276
65.1709
65.208
65.2484
65.2917
65.3315
65.3691
65.4126
65.454
65.4952
65.5383
65.5809
65.6232
65.6637
65.7073
65.745
65.7869
65.825
65.8683
65.9053
65.9446
65.977
66.0165
66.0581
66.098
66.1392
66.1812
66.2212
66.2598
66.2981
66.3388
66.3781
66.4192
66.4635
66.5034
66.543
66.5834
66.6226
66.6641
66.7028
66.7404
66.7781
66.8184
66.8576
66.8985
66.9386
66.9798
67.0171
67.0548
67.0943
67.1323
67.1772
67.2149
67.2561
67.2936
67.3322
67.3751
67.4138
67.4504
67.4871
67.5319
67.5738
67.6116
67.6519
67.6952
67.7377
67.7753
67.8165
67.8551
67.8977
67.9392
67.983
68.0244
68.0641
68.1084
68.1524
68.1986
68.2446
68.2841
68.3309
68.3801
68.4321
68.4809
68.5293
68.5773
68.627
68.6729
68.7231
68.7664
68.8159
68.8671
68.9201
68.9798
69.0424
69.1075
69.1724
69.2345
69.3006
69.3627
69.4289
69.5055
69.5876
69.6639
69.7579
69.8485
69.9357
70.0328
70.139
70.2693
70.3873
70.5221
70.6686
70.8233
71.0231
71.2709
72.6873
