2
2.5
3.5
3.75
3.95
4.11667
4.40238
4.65238
4.8746
7.13871
9.25428
12.4193
15.8595
17.2851
20.2544
22.7259
24.8015
26.4231
27.842
29.0557
30.1228
31.214
32.2208
33.1243
34.0185
34.7127
35.469
36.1414
36.7238
37.3345
37.9316
38.464
38.9672
39.396
39.8904
40.3263
40.7289
41.1379
41.5484
41.966
42.2976
42.6265
42.9392
43.2321
43.5384
43.8959
44.1942
44.4808
44.7855
45.0568
45.2836
45.5139
45.7672
45.995
46.2258
46.4712
46.6899
46.8994
47.1124
47.3078
47.5034
47.7119
47.8768
48.0695
48.2411
48.4148
48.5774
48.7611
48.9607
49.1192
49.2928
49.4708
49.6366
49.8207
49.9956
50.1596
50.3311
50.4937
50.6439
50.8086
50.9789
51.1432
51.308
51.4667
51.6308
51.7846
51.9485
52.1033
52.2705
52.42
52.5636
52.7164
52.8734
53.0179
53.1754
53.3262
53.4877
53.6389
53.7872
53.95
54.0998
54.2481
54.3982
54.5594
54.6872
54.8445
54.9832
55.1209
55.2545
55.4168
55.5554
55.7031
55.8563
55.9849
56.1226
56.2589
56.3929
56.5236
56.6535
56.7855
56.939
57.0682
57.1858
57.3114
57.4367
57.5504
57.6674
57.7978
57.9145
58.0423
58.1643
58.2923
58.4065
58.5085
58.6141
58.7264
58.8418
58.9652
59.0708
59.1718
59.2865
59.3897
59.4925
59.6082
59.7172
59.82
59.9292
60.032
60.1361
60.257
60.3675
60.476
60.5577
60.65
60.7428
60.8371
60.9372
61.0401
61.1432
61.2609
61.3653
61.4577
61.5598
61.6513
61.7558
61.8434
61.9446
62.0285
62.1269
62.2125
62.307
62.395
62.4878
62.5802
62.6684
62.7666
62.856
62.9497
63.0376
63.1412
63.2363
63.338
63.4431
63.5305
63.6295
63.7096
63.7837
63.8719
63.9639
64.0476
64.1284
64.2161
64.3145
64.4007
64.4919
64.5865
64.6791
64.757
64.8441
64.9232
65.0186
65.1064
65.1939
65.286
65.3685
65.4584
65.5383
65.6209
65.7103
65.793
65.8733
65.9638
66.0511
66.1422
66.2239
66.3051
66.3952
66.4731
66.5499
66.6355
66.7253
66.8002
66.8781
66.9535
67.0335
67.1237
67.2002
67.2851
67.3664
67.4469
67.5174
67.5852
67.668
67.7478
67.8261
67.8994
67.9682
68.0429
68.1207
68.1986
68.2847
68.3591
68.43
68.5026
68.575
68.6463
68.7176
68.7892
68.8609
68.9312
69.0002
69.0579
69.124
69.1934
69.2538
69.3292
69.3972
69.4683
69.5411
69.6212
69.6935
69.7649
69.8305
69.8959
69.9594
70.0251
70.0878
70.1564
70.2216
70.2933
70.3526
70.423
70.4802
70.5465
70.6108
70.6794
70.7397
70.8046
70.871
70.9306
70.989
71.0554
71.1235
71.1868
71.2472
71.3151
71.3724
71.4334
71.4891
71.5521
71.6135
71.6649
71.722
71.7901
71.8485
71.9131
71.9724
72.0337
72.0855
72.15
72.2017
72.2596
72.3193
72.3723
72.4241
72.4779
72.5356
72.595
72.6507
72.7126
72.7663
72.8195
72.872
72.926
72.9845
73.0409
73.095
73.1601
73.2142
73.2631
73.3153
73.3698
73.4257
73.4771
73.5284
73.5923
73.6501
73.7079
73.7607
73.8185
73.8761
73.9362
73.9871
74.0323
74.0859
74.1395
74.1927
74.2465
74.2968
74.3442
74.398
74.4428
74.4899
74.5362
74.5876
74.6376
74.6867
74.7389
74.789
74.8328
74.8822
74.9287
74.9823
75.0315
75.0823
75.1318
75.1846
75.2329
75.286
75.3335
75.3869
75.437
75.4806
75.5256
75.5701
75.6218
75.6669
75.7164
75.7669
75.8153
75.8592
75.9081
75.9587
75.9985
76.0388
76.0855
76.1352
76.18
76.2212
76.2631
76.3079
76.3484
76.3978
76.4456
76.4897
76.5324
76.5733
76.6214
76.6646
76.7032
76.7487
76.7945
76.8389
76.8828
76.9278
76.9652
77.0081
77.0522
77.0944
77.1374
77.1745
77.2153
77.2542
77.3023
77.3448
77.3826
77.4228
77.4648
77.5071
77.5502
77.5969
77.6373
77.6849
77.7259
77.7627
77.7998
77.8456
77.8855
77.926
77.9672
78.0054
78.0481
78.0856
78.1311
78.168
78.2102
78.252
78.2979
78.339
78.3835
78.4275
78.4658
78.5066
78.5483
78.5862
78.6294
78.6697
78.7112
78.7498
78.7939
78.8318
78.8725
78.9102
78.9461
78.9863
79.0301
79.0745
79.1177
79.1579
79.1977
79.236
79.2767
79.3201
79.3642
79.4069
79.4496
79.4882
79.5347
79.5773
79.6165
79.6597
79.6994
79.7399
79.7858
79.8233
79.8643
79.9091
79.9531
79.9998
80.0454
80.0921
80.1403
80.1876
80.2359
80.282
80.3276
80.3683
80.4181
80.468
80.5123
80.559
80.6085
80.651
80.6939
80.7379
80.7824
80.8244
80.873
80.914
80.9641
81.0091
81.054
81.1081
81.1652
81.2169
81.2763
81.3374
81.3933
81.4607
81.5171
81.5843
81.6499
81.7173
81.7913
81.8709
81.9641
82.0683
82.1971
82.3515
82.5029
82.7377
83.0481
84.2783
