2
2.5
2.83333
3.08333
3.48333
3.65
3.79286
3.91786
4.02897
6.1343
8.55576
10.7158
12.9308
13.7051
15.46
17.0543
18.1716
19.1458
19.9505
20.7092
21.349
21.9396
22.4818
22.976
23.549
24.1075
24.6203
25.1398
25.6681
26.1701
26.7109
27.1969
27.6369
28.0386
28.442
28.7843
29.136
29.4883
29.8193
30.1914
30.5279
30.8621
31.153
31.4747
31.7645
32.0323
32.3182
32.5628
32.8151
33.0805
33.3577
33.6017
33.8415
34.0762
34.3107
34.5491
34.7798
35.0161
35.2714
35.5009
35.6891
35.9127
36.1358
36.3501
36.5795
36.8028
36.9997
37.2163
37.4145
37.6239
37.8207
38.0291
38.2344
38.4511
38.6574
38.8582
39.0725
39.2487
39.4425
39.6162
39.7932
39.9729
40.1553
40.3492
40.518
40.6995
40.8686
41.0477
41.2368
41.4219
41.6155
41.7989
41.9661
42.1358
42.3194
42.4997
42.6818
42.8549
43.008
43.1722
43.3378
43.5037
43.664
43.8313
43.9876
44.1458
44.2942
44.4256
44.5505
44.7104
44.8564
45.0061
45.1585
45.3001
45.4587
45.5959
45.7407
45.8894
46.0287
46.164
46.3086
46.4509
46.6063
46.7425
46.8942
47.0652
47.2064
47.3497
47.4812
47.6312
47.7823
47.9328
48.1029
48.2507
48.4038
48.5446
48.6752
48.8112
48.954
49.0907
49.2316
49.3674
49.4998
49.6189
49.7449
49.8604
50.0014
50.1204
50.2322
50.3608
50.4807
50.5939
50.7053
50.8157
50.9278
51.0612
51.1762
51.2943
51.4071
51.5175
51.6463
51.7599
51.862
51.9611
52.0766
52.1866
52.2922
52.4182
52.5276
52.6329
52.746
52.8503
52.9662
53.0815
53.1843
53.308
53.4209
53.5297
53.6338
53.7367
53.8327
53.9303
54.0361
54.139
54.237
54.3237
54.4197
54.5276
54.6158
54.7257
54.8207
54.9098
55.0011
55.1044
55.19
55.2889
55.3952
55.4922
55.5837
55.68
55.7752
55.8622
55.9573
56.0467
56.1465
56.2463
56.3283
56.4075
56.4909
56.5739
56.6562
56.7434
56.8263
56.9109
56.9913
57.0738
57.1482
57.2222
57.2961
57.3792
57.4606
57.5448
57.6263
57.6965
57.7633
57.8372
57.9128
57.9752
58.0432
58.1151
58.1825
58.2556
58.325
58.3901
58.4542
58.5279
58.6035
58.6667
58.7403
58.8097
58.8875
58.9628
59.0322
59.1028
59.1753
59.2425
59.3107
59.3771
59.4408
59.5013
59.5625
59.64
59.7066
59.7778
59.8393
59.9098
59.9724
60.0329
60.0937
60.154
60.2081
60.2732
60.3353
60.4006
60.4638
60.5281
60.5882
60.6468
60.7095
60.7715
60.8349
60.9012
60.9708
61.032
61.0932
61.161
61.2193
61.2801
61.3353
61.4119
61.4725
61.5322
61.5846
61.6451
61.7099
61.7686
61.8317
61.8927
61.9552
62.0239
62.076
62.1369
62.1945
62.2535
62.3113
62.3684
62.4282
62.4872
62.543
62.6064
62.6724
62.7292
62.7802
62.8361
62.8918
62.9451
63.0029
63.0551
63.1129
63.1657
63.2144
63.266
63.3188
63.3798
63.4328
63.4873
63.5361
63.5884
63.641
63.6917
63.7446
63.7968
63.8494
63.9006
63.953
63.9984
64.0542
64.106
64.1515
64.1994
64.2584
64.3068
64.3578
64.4105
64.4625
64.5144
64.5634
64.6072
64.6557
64.7115
64.7625
64.8107
64.8624
64.9141
64.9613
65.0082
65.0586
65.1073
65.155
65.2076
65.2569
65.2963
65.3436
65.3891
65.4387
65.4843
65.5334
65.5829
65.6298
65.6764
65.7213
65.7651
65.8092
65.8584
65.9053
65.9482
65.9946
66.0408
66.086
66.1324
66.1795
66.2236
66.2705
66.3155
66.3589
66.4054
66.4519
66.4943
66.5432
66.5871
66.6339
66.682
66.727
66.7712
66.8184
66.8636
66.9058
66.9556
66.9975
67.0403
67.0877
67.1232
67.1663
67.2128
67.2587
67.3017
67.3417
67.3859
67.4317
67.4787
67.5268
67.5658
67.6112
67.6564
67.6979
67.7454
67.7844
67.8258
67.8667
67.9152
67.9616
68.0041
68.0428
68.0905
68.1335
68.1798
68.2229
68.2641
68.2981
68.342
68.3844
68.4269
68.4716
68.5114
68.5509
68.5939
68.6368
68.6804
68.7223
68.7623
68.8071
68.8528
68.8968
68.9389
68.9772
69.0175
69.0563
69.0976
69.1387
69.1742
69.212
69.2507
69.2936
69.3366
69.3753
69.4131
69.4545
69.4982
69.5368
69.5762
69.6163
69.6551
69.696
69.7392
69.7817
69.819
69.8631
69.9044
69.9445
69.9856
70.0273
70.0703
70.1128
70.1568
70.2016
70.2507
70.2979
70.3418
70.3842
70.4295
70.4732
70.5152
70.5562
70.5977
70.6465
70.6867
70.7293
70.7771
70.8262
70.8773
70.9315
70.9746
71.0253
71.078
71.1307
71.1807
71.2294
71.2897
71.3427
71.388
71.4439
71.4968
71.5574
71.6244
71.687
71.7536
71.8192
71.8844
71.9551
72.0192
72.1021
72.1916
72.2749
72.3441
72.4311
72.521
72.6157
72.7185
72.8366
72.9684
73.1443
73.4584
74.6344
