1
2
2.5
2.83333
3.33333
4.33333
4.83333
5.11905
5.24405
5.35516
7.29475
9.36718
12.8754
18.0189
21.9466
23.9808
25.3234
26.5961
27.7547
28.9813
30.2473
31.3998
32.5341
33.6644
34.7853
35.9322
36.8023
37.6122
38.3485
39.0922
39.7026
40.368
41.0055
41.6306
42.1603
42.632
43.1141
43.5804
43.9808
44.3732
44.7516
45.1162
45.5051
45.8651
46.2215
46.5699
46.8716
47.1858
47.5004
47.794
48.1021
48.3917
48.6546
48.9267
49.1779
49.4312
49.6743
49.9142
50.1419
50.3745
50.6245
50.8563
51.068
51.3007
51.5122
51.7227
51.9365
52.1754
52.4038
52.6135
52.828
53.0175
53.2402
53.4503
53.644
53.8551
54.0329
54.231
54.4175
54.6099
54.7953
54.9859
55.1544
55.3452
55.5366
55.7105
55.8781
56.0512
56.2201
56.387
56.5734
56.7335
56.8939
57.057
57.2089
57.3754
57.53
57.677
57.8325
57.9831
58.1271
58.2558
58.4155
58.5477
58.677
58.8274
58.9676
59.0997
59.2347
59.3732
59.5031
59.6511
59.7637
59.9209
60.0561
60.1828
60.3
60.428
60.5522
60.6679
60.7773
60.8961
61.0303
61.1595
61.2662
61.3912
61.5171
61.6283
61.7357
61.8418
61.9588
62.0835
62.2047
62.3199
62.4357
62.5497
62.6643
62.7797
62.8908
62.9951
63.1078
63.2202
63.3256
63.4389
63.5426
63.66
63.7753
63.8851
63.9835
64.0818
64.1882
64.2928
64.3903
64.4896
64.5945
64.6971
64.8091
64.9141
65.0108
65.1133
65.2118
65.3155
65.4094
65.505
65.6045
65.6963
65.7876
65.8841
65.98
66.0852
66.1915
66.2858
66.3961
66.4977
66.6116
66.7107
66.8084
66.911
67.0076
67.0986
67.195
67.288
67.3799
67.4847
67.588
67.6792
67.7748
67.8666
67.9505
68.0462
68.1392
68.2345
68.3229
68.4107
68.5008
68.5897
68.688
68.7726
68.8591
68.9449
69.0336
69.1299
69.2213
69.3088
69.3912
69.4764
69.5666
69.6544
69.7363
69.8186
69.9062
69.9953
70.0809
70.1672
70.252
70.3404
70.4249
70.51
70.5958
70.6823
70.7663
70.8541
70.9436
71.0356
71.1092
71.1933
71.2747
71.3541
71.4414
71.5184
71.5974
71.6808
71.7609
71.836
71.9183
72.0148
72.0976
72.1745
72.2593
72.3257
72.4106
72.4921
72.5678
72.6478
72.7311
72.8102
72.9057
72.9818
73.0667
73.1447
73.2279
73.3071
73.3795
73.4587
73.5308
73.6137
73.6911
73.7711
73.8471
73.9222
74.0018
74.0718
74.151
74.2351
74.312
74.3918
74.4718
74.5518
74.6305
74.7143
74.789
74.8643
74.9438
75.0255
75.1019
75.1723
75.2444
75.3229
75.3991
75.4741
75.5504
75.6247
75.7023
75.7785
75.8617
75.9392
76.0073
76.0766
76.1509
76.2255
76.3014
76.3744
76.4501
76.5169
76.5906
76.6671
76.7357
76.8085
76.8773
76.9517
77.0219
77.1019
77.1703
77.2401
77.3148
77.3955
77.4637
77.535
77.6043
77.6812
77.7533
77.8125
77.8794
77.9487
78.0268
78.1071
78.1832
78.2585
78.3343
78.3999
78.4754
78.5427
78.6127
78.6792
78.7433
78.8143
78.8852
78.9626
79.0195
79.0892
79.1626
79.2286
79.2956
79.365
79.4313
79.4956
79.5626
79.6257
79.6895
79.7535
79.8237
79.8965
79.9635
80.0333
80.0991
80.1634
80.2241
80.279
80.3496
80.4158
80.4772
80.5395
80.6058
80.67
80.7324
80.7961
80.8527
80.9149
80.9668
81.0283
81.0952
81.1592
81.2123
81.271
81.3296
81.385
81.4384
81.497
81.5596
81.6128
81.6679
81.7216
81.7812
81.8404
81.8958
81.9534
82.0123
82.0667
82.1216
82.1763
82.2294
82.2847
82.3369
82.393
82.4498
82.5043
82.563
82.6224
82.6721
82.7234
82.7732
82.8297
82.8838
82.9393
82.9914
83.0444
83.1012
83.1561
83.2131
83.263
83.3152
83.3683
83.4162
83.4659
83.52
83.5751
83.6274
83.6829
83.7347
83.7849
83.8381
83.8877
83.9443
