1
2
3
3.33333
3.58333
3.78333
4.11667
4.25952
4.50952
4.62063
6.61905
8.75808
10.4576
14.2031
19.4199
22.108
24.4913
26.2156
27.7464
29.0396
30.2591
31.164
32.0988
33.0403
33.9669
34.8078
35.7518
36.6125
37.4164
38.2419
39.0855
39.9421
40.5576
41.2737
42.0593
42.885
43.7997
44.6456
45.3055
45.9317
46.4067
46.9413
47.4457
47.9145
48.3305
48.7191
49.1305
49.47
49.7822
50.1493
50.4868
50.8003
51.1053
51.4262
51.7304
52.0343
52.3093
52.6227
52.9043
53.1764
53.433
53.6834
53.9547
54.1886
54.4414
54.6637
54.8768
55.0942
55.3036
55.5395
55.741
55.9498
56.1524
56.3542
56.5389
56.7206
56.9122
57.0873
57.2659
57.4338
57.5921
57.7483
57.9076
58.0742
58.2402
58.393
58.5538
58.6981
58.8552
59.034
59.1864
59.3467
59.4991
59.6449
59.7762
59.9237
60.0637
60.2041
60.3373
60.4652
60.5947
60.7244
60.8432
60.9784
61.1128
61.2473
61.3664
61.4733
61.5898
61.6993
61.8217
61.9442
62.0634
62.1785
62.3052
62.4264
62.5476
62.6614
62.7699
62.8852
63.0002
63.105
63.2369
63.3489
63.4598
63.5759
63.6836
63.7878
63.8852
64.0006
64.1025
64.2164
64.3207
64.4293
64.5351
64.6319
64.7252
64.8274
64.9312
65.0264
65.1309
65.2235
65.3249
65.4211
65.5117
65.601
65.7058
65.8011
65.9052
65.9867
66.0771
66.1781
66.2694
66.3592
66.442
66.532
66.6152
66.6955
66.7746
66.8641
66.9558
67.0406
67.1284
67.2153
67.2999
67.3978
67.4773
67.5865
67.6674
67.7534
67.8354
67.9155
67.996
68.0855
68.1706
68.2486
68.334
68.4166
68.4964
68.5708
68.6464
68.7227
68.7997
68.8759
68.9523
69.0308
69.1074
69.1859
69.2558
69.3278
69.3991
69.4769
69.55
69.6349
69.7104
69.7893
69.867
69.9501
70.0286
70.1137
70.1916
70.2683
70.3462
70.4299
70.5116
70.5856
70.6565
70.7284
70.804
70.8789
70.9502
71.0277
71.0938
71.166
71.2517
71.3311
71.4037
71.4774
71.553
71.6286
71.7015
71.7785
71.8502
71.9237
71.9965
72.0759
72.146
72.2182
72.2933
72.3707
72.4454
72.5175
72.5973
72.6636
72.7482
72.8197
72.8931
72.973
73.0452
73.1184
73.1897
73.2684
73.3498
73.4228
73.4964
73.5656
73.6522
73.727
73.8071
73.8794
73.9617
74.0406
74.1206
74.2069
74.2885
74.3722
74.4479
74.5306
74.6082
74.6905
74.7699
74.8486
74.9258
74.9986
75.0727
75.1554
75.2339
75.3111
75.392
75.4717
75.5498
75.6276
75.711
75.7883
75.8628
75.9386
76.0135
76.0939
76.1652
76.2409
76.3134
76.3887
76.4648
76.5442
76.6165
76.6947
76.7767
76.8513
76.9248
76.9962
77.0732
77.1468
77.2232
77.2969
77.3724
77.4448
77.5236
77.5945
77.6761
77.7448
77.8188
77.8955
77.9684
78.0448
78.1238
78.1949
78.2661
78.3447
78.4225
78.501
78.5716
78.643
78.7207
78.8027
78.8863
78.9564
79.031
79.0968
79.1664
79.2427
79.3173
79.3848
79.4622
79.5272
79.5921
79.6727
79.7432
79.8118
79.8812
79.9509
80.021
80.09
80.1615
80.2384
80.3067
80.3746
80.4481
80.5216
80.5932
80.6641
80.7299
80.8033
80.8755
80.944
81.0214
81.0943
81.171
81.2441
81.3202
81.3866
81.4656
81.5282
81.5922
81.6571
81.7194
81.7926
81.8586
81.9357
82.0082
82.0803
82.1445
82.2199
82.2906
82.3641
82.4284
82.494
82.5624
82.6338
82.7003
82.7723
82.8436
82.9188
82.9803
83.0485
83.1193
83.1845
83.2501
83.3183
83.39
83.4564
83.5226
83.5874
83.6564
83.719
83.7777
83.8408
83.9061
83.9733
84.0417
84.1058
84.173
84.2451
84.3141
84.3812
84.4548
84.5214
84.5772
84.6447
84.7118
84.7789
84.8386
84.8959
84.9585
85.0268
85.0901
85.1533
85.2181
85.2819
85.3515
85.4227
85.4892
85.5542
85.627
