2
2.5
2.83333
3.33333
3.53333
3.86667
4.15238
4.27738
4.4996
6.04077
7.60263
9.53357
11.9679
12.9135
14.7362
16.308
17.6549
18.6963
19.5847
20.3696
21.2068
21.9212
22.5331
23.0995
23.6726
24.2258
24.7111
25.1776
25.6096
26.061
26.475
26.8729
27.2339
27.5965
28.01
28.3592
28.7088
29.0633
29.4192
29.7691
30.094
30.3729
30.757
31.0597
31.3508
31.6705
31.9796
32.288
32.6308
32.9451
33.286
33.6419
33.9177
34.2352
34.5657
34.881
35.1692
35.4837
35.8164
36.1136
36.3844
36.6505
36.9272
37.1661
37.4487
37.7012
37.967
38.2137
38.4413
38.6844
38.9442
39.1629
39.3732
39.5835
39.7818
39.9889
40.2025
40.4069
40.6037
40.7997
40.9739
41.1458
41.3279
41.503
41.6767
41.8352
41.9941
42.1655
42.3057
42.4686
42.6354
42.7922
42.9597
43.1104
43.2503
43.4079
43.5625
43.7047
43.837
43.971
44.103
44.2344
44.3821
44.5249
44.6678
44.7948
44.9283
45.0553
45.1854
45.325
45.4409
45.579
45.7021
45.8497
45.9754
46.1156
46.2354
46.3719
46.481
46.6217
46.7496
46.859
46.9775
47.0988
47.227
47.3397
47.4535
47.5611
47.6714
47.7897
47.9084
48.0273
48.1321
48.2287
48.3345
48.4327
48.5412
48.641
48.7455
48.8445
48.9406
49.0431
49.1345
49.2332
49.3263
49.4147
49.5125
49.6013
49.6918
49.7836
49.8713
49.9653
50.0532
50.1465
50.2273
50.321
50.3985
50.4839
50.5636
50.6441
50.7296
50.8234
50.9007
50.9953
51.0874
51.1794
51.2594
51.3348
51.4176
51.502
51.5824
51.6698
51.7449
51.8325
51.9123
51.9991
52.0871
52.1582
52.2498
52.3364
52.4092
52.4865
52.5659
52.6536
52.73
52.813
52.9086
52.9868
53.0748
53.1549
53.2313
53.3182
53.3906
53.4702
53.5489
53.629
53.7093
53.7853
53.8622
53.9325
54.005
54.0838
54.1646
54.2375
54.312
54.3978
54.4747
54.5478
54.6246
54.6981
54.787
54.8606
54.9364
55.0059
55.0787
55.1508
55.221
55.2943
55.3761
55.4477
55.535
55.619
55.6969
55.7761
55.8589
55.9472
56.0255
56.1116
56.1957
56.2736
56.346
56.421
56.5053
56.5892
56.6643
56.7348
56.809
56.8873
56.9642
57.0408
57.1266
57.2044
57.2757
57.3509
57.4272
57.493
57.5757
57.6431
57.7237
57.8022
57.8812
57.9659
58.0484
58.1337
58.2191
58.294
58.3685
58.4544
58.532
58.6125
58.6965
58.7845
58.8695
58.9588
59.0389
59.1198
59.1978
59.2857
59.3743
59.448
59.5308
59.6048
59.6962
59.7702
59.8594
59.9409
60.0294
60.1159
60.2153
60.2972
60.3826
60.4733
60.5604
60.6404
60.7297
60.8049
60.8807
60.9584
61.0311
61.1118
61.1992
61.2863
61.3708
61.4521
61.5313
61.6234
61.7092
61.7858
61.8653
61.944
62.0205
62.1013
62.1847
62.2618
62.3388
62.4247
62.5137
62.6023
62.6773
62.7547
62.842
62.9233
62.9955
63.0828
63.175
63.2686
63.3548
63.4468
63.528
63.6137
63.7198
63.8012
63.8957
63.9889
64.0804
64.1601
64.2385
64.328
64.4098
64.4992
64.5759
64.6617
64.7509
64.8327
64.9112
65.0028
65.0971
65.1798
65.2659
65.3591
65.439
65.5126
65.5965
65.6826
65.7622
65.8426
65.9204
66.0018
66.0932
66.1651
66.259
66.3478
66.4383
66.515
66.5978
66.6768
66.7557
66.8345
66.9181
66.9952
67.072
67.1407
67.2131
67.2858
67.3661
67.4412
67.5161
67.5829
67.6533
67.7278
67.7967
67.8613
67.9383
67.9946
68.0632
68.1254
68.1916
68.2514
68.3189
68.3922
68.4643
68.5375
68.6015
68.6566
68.7127
68.777
68.8346
68.9004
68.9574
69.0194
69.0838
69.1432
69.2039
69.2644
69.3261
69.3921
69.452
69.5143
69.5729
69.629
69.6807
69.74
69.8049
69.8665
69.9178
69.9799
70.0388
70.0929
70.1578
70.2165
70.2772
70.3339
70.3916
70.4481
70.5015
70.553
70.6139
70.6735
70.7216
70.7804
70.8363
70.8894
70.9409
70.9947
71.0428
71.0928
71.1411
71.1952
71.2475
71.3015
71.3595
71.4103
71.4543
71.5143
71.5667
71.6159
71.6723
71.727
71.7725
71.8292
71.8782
71.9327
71.9779
72.0302
72.0799
72.1271
72.1783
72.2284
72.2751
72.3206
72.3678
72.4132
72.4668
72.5157
72.564
72.6105
72.6682
72.7135
72.7619
72.8064
72.8469
72.8917
72.9344
72.9803
73.0266
73.0689
73.1174
73.1631
73.2066
73.258
73.304
73.3463
73.3926
73.4375
73.4855
73.5348
73.5827
73.6338
73.6816
73.73
73.7827
73.8357
73.8866
73.934
73.9897
74.0489
74.1009
74.1569
74.2085
74.262
74.3168
74.3733
74.4277
74.4842
74.5462
74.5993
74.6623
74.7269
74.7902
74.8476
74.9087
74.981
75.0514
75.1256
75.2046
75.2834
75.3786
75.4791
75.605
75.7358
75.8916
76.1896
77.3649
