1
2
3
3.33333
3.58333
3.78333
3.95
4.09286
4.34286
4.45397
5.99705
7.34816
8.96604
11.6537
14.8204
16.9567
18.7096
20.1603
21.7034
23.3037
24.6422
25.8633
26.909
27.7693
28.4595
29.1711
29.8829
30.5466
31.1554
31.8032
32.4348
33.0497
33.6377
34.2025
34.7518
35.2478
35.7171
36.1755
36.6278
37.0217
37.4333
37.8088
38.17
38.5802
38.9432
39.289
39.5741
39.8935
40.1851
40.4739
40.7672
41.0398
41.2916
41.5166
41.7771
41.9957
42.2194
42.4679
42.6913
42.9248
43.1516
43.3871
43.6308
43.8392
44.051
44.2521
44.4775
44.6766
44.8911
45.1099
45.2943
45.4863
45.687
45.8767
46.0634
46.2573
46.4253
46.5908
46.7376
46.9149
47.0691
47.2378
47.408
47.5556
47.732
47.8799
48.0182
48.1622
48.3063
48.4563
48.5841
48.7423
48.8925
49.044
49.1793
49.3219
49.4656
49.5974
49.7291
49.8725
50.015
50.1578
50.2948
50.4357
50.5594
50.6995
50.8347
50.9722
51.0973
51.2397
51.3702
51.507
51.6397
51.7661
51.8918
52.0137
52.1482
52.28
52.4074
52.5351
52.6547
52.7817
52.8987
53.0223
53.143
53.2702
53.3916
53.5181
53.648
53.7693
53.9009
54.02
54.1396
54.257
54.3776
54.5058
54.6322
54.7429
54.8628
54.9841
55.0988
55.2237
55.3386
55.4579
55.5684
55.6893
55.8018
55.9378
56.0505
56.1778
56.2995
56.418
56.5228
56.6432
56.7479
56.8619
56.9822
57.1265
57.2484
57.3724
57.4798
57.5944
57.7105
57.8193
57.9521
58.0721
58.2087
58.323
58.4348
58.5711
58.678
58.7913
58.9048
59.0147
59.1254
59.249
59.3694
59.494
59.6192
59.7225
59.8403
59.9637
60.0843
60.2075
60.3206
60.4186
60.5209
60.6451
60.7618
60.884
60.9993
61.1198
61.2272
61.3426
61.4647
61.5837
61.6908
61.8088
61.9259
62.0538
62.1799
62.2992
62.4184
62.5305
62.6599
62.7699
62.8807
62.9918
63.111
63.2198
63.3376
63.4473
63.5669
63.6802
63.7859
63.899
64.0093
64.1123
64.2279
64.3448
64.4423
64.545
64.644
64.7526
64.87
64.9822
65.1044
65.2273
65.342
65.4541
65.5542
65.6656
65.76
65.8661
65.9715
66.0777
66.1889
66.2949
66.3968
66.4997
66.615
66.7227
66.8221
66.926
67.0296
67.1336
67.2336
67.3251
67.4177
67.5192
67.6091
67.7059
67.7934
67.8962
67.9963
68.0911
68.1918
68.2878
68.3899
68.4843
68.5866
68.678
68.7755
68.8741
68.9614
69.0519
69.147
69.2364
69.3224
69.4101
69.5043
69.5864
69.6774
69.7686
69.8572
69.9427
70.0351
70.1347
70.2238
70.3121
70.3882
70.4781
70.5604
70.6526
70.7365
70.8225
70.9022
70.9924
71.0843
71.1655
71.2506
71.3315
71.4114
71.4948
71.5721
71.6427
71.7283
71.8074
71.8832
71.9633
72.0273
72.1028
72.1824
72.2567
72.329
72.4
72.4801
72.5512
72.6253
72.6995
72.7739
72.8463
72.9243
72.9943
73.0733
73.1446
73.2168
73.2941
73.3684
73.4383
73.5077
73.5778
73.6537
73.7165
73.7875
73.8572
73.9295
73.997
74.0714
74.1424
74.2105
74.2716
74.3403
74.4137
74.4844
74.5563
74.6214
74.6868
74.7574
74.8305
74.8908
74.9557
75.0221
75.085
75.1542
75.2191
75.2867
75.3568
75.4286
75.4948
75.5631
75.6233
75.6918
75.755
75.8238
75.8893
75.9575
76.0251
76.0918
76.1578
76.2207
76.2873
76.3493
76.4151
76.4848
76.5524
76.6179
76.6766
76.7466
76.8098
76.8717
76.9374
77.0043
77.0712
77.1392
77.2022
77.2687
77.3304
77.3952
77.456
77.5192
77.5839
77.6489
77.7119
77.773
77.8426
77.8985
77.9595
78.0173
78.0849
78.1441
78.2045
78.2605
78.3219
78.3797
78.4376
78.4955
78.5629
78.6278
78.6857
78.7431
78.8028
78.8658
78.9231
78.9803
79.0288
79.0855
79.1402
79.199
79.2524
79.313
79.3691
79.4258
