2
3
3.33333
3.58333
3.78333
3.95
4.09286
4.34286
4.45397
5.99705
7.2926
8.86348
10.6277
11.4838
13.2815
15.3904
16.9177
18.2288
19.4543
20.4874
21.8034
22.9193
23.9349
24.8362
25.6925
26.3558
26.9562
27.5126
28.0671
28.6019
29.1235
29.6306
30.0849
30.549
30.9924
31.4598
31.905
32.3369
32.7714
33.1493
33.5684
33.9391
34.2946
34.6216
34.9347
35.2477
35.5626
35.8022
36.1064
36.4009
36.6882
36.9414
37.1977
37.4175
37.6693
37.897
38.1735
38.3972
38.581
38.7944
39.0056
39.2054
39.3938
39.5849
39.7723
39.9536
40.1008
40.2629
40.4286
40.5889
40.7548
40.9259
41.0787
41.2515
41.4192
41.5919
41.762
41.9172
42.0867
42.2259
42.3935
42.5375
42.6896
42.8446
42.9901
43.1546
43.2891
43.4185
43.5574
43.6977
43.826
43.9625
44.0838
44.2049
44.3447
44.4819
44.5973
44.7271
44.8411
44.9671
45.0864
45.2087
45.3172
45.4294
45.5508
45.6611
45.782
45.8985
46.0039
46.1194
46.2297
46.3495
46.4591
46.5711
46.6737
46.7896
46.9052
47.0197
47.1222
47.2136
47.3169
47.4133
47.5213
47.624
47.7184
47.8249
47.9068
48.0009
48.1051
48.2091
48.3082
48.4114
48.5054
48.6052
48.7163
48.8294
48.9177
49.0139
49.1166
49.2033
49.2953
49.3752
49.4715
49.5565
49.6442
49.7424
49.8318
49.9289
50.0143
50.1063
50.1937
50.2943
50.3885
50.4691
50.557
50.6555
50.745
50.8234
50.9058
50.9987
51.0915
51.1874
51.2761
51.361
51.4535
51.5405
51.6225
51.7147
51.8104
51.9002
51.9911
52.0703
52.1624
52.2522
52.3276
52.4109
52.4987
52.5864
52.6659
52.7442
52.8287
52.9193
53.0081
53.0823
53.1813
53.2589
53.343
53.4245
53.5095
53.5857
53.6662
53.7574
53.8397
53.9187
54.0039
54.087
54.172
54.2572
54.3299
54.4154
54.4953
54.5841
54.6586
54.7433
54.8279
54.9203
54.9965
55.0795
55.1611
55.2473
55.3333
55.414
55.4907
55.5738
55.6579
55.7403
55.8275
55.904
55.9808
56.0641
56.1545
56.2288
56.3195
56.3954
56.4753
56.5641
56.6522
56.7341
56.8096
56.8955
56.986
57.0682
57.1477
57.2338
57.3137
57.3993
57.476
57.5617
57.6491
57.738
57.8124
57.8811
57.9648
58.0568
58.1429
58.2359
58.3266
58.4078
58.4866
58.5751
58.66
58.7423
58.8316
58.919
59.0005
59.0895
59.1765
59.2615
59.345
59.4268
59.5027
59.58
59.6673
59.7526
59.8286
59.9082
59.9891
60.0702
60.1446
60.2269
60.3053
60.3856
60.4629
60.5482
60.6167
60.6986
60.7911
60.8741
60.9535
61.0225
61.1113
61.188
61.2723
61.3536
61.4214
61.5054
61.5766
61.6466
61.7168
61.7879
61.853
61.9149
61.9896
62.0815
62.1556
62.234
62.3052
62.3798
62.4497
62.5198
62.5916
62.6734
62.7601
62.843
62.9146
62.9881
63.063
63.1386
63.2111
63.2796
63.3491
63.413
63.481
63.5533
63.6181
63.694
63.7634
63.8314
63.9005
63.9681
64.0396
64.1093
64.1796
64.2428
64.3138
64.3864
64.4514
64.5136
64.5812
64.6564
64.7294
64.7961
64.8546
64.9159
64.9825
65.0518
65.1074
65.1769
65.2427
65.3185
65.376
65.4367
65.5071
65.5665
65.6292
65.6952
65.7527
65.8193
65.8807
65.9401
65.9991
66.0622
66.1251
66.1868
66.2494
66.3141
66.3714
66.423
66.4808
66.5418
66.5997
66.6592
66.7133
66.7799
66.8424
66.8971
66.9513
67.0092
67.072
67.1311
67.188
67.2479
67.3115
67.3707
67.425
67.4784
67.5367
67.5888
67.6452
67.7028
67.752
67.8026
67.8582
67.9177
67.9795
68.0323
68.0879
68.1429
68.2016
68.256
68.3048
68.3573
68.4098
68.4712
68.5253
68.5818
68.6368
68.695
68.7497
68.8024
68.8525
68.9028
68.9583
69.0121
69.0612
69.1099
69.1635
69.2145
69.2595
69.3121
69.3629
69.4108
69.4596
69.5142
69.559
69.6145
69.6636
69.7137
69.7673
69.8179
69.8704
69.9177
69.9628
70.0125
70.0641
70.1146
70.1668
70.212
70.2612
70.312
70.3657
70.4168
70.4722
70.5221
70.5721
70.6188
70.667
70.7161
70.7685
70.8144
70.8645
70.9121
70.9637
71.0116
71.0596
71.1043
71.1568
71.2009
71.2481
71.2937
71.3439
71.3923
71.4431
71.4939
71.5473
71.5954
71.6421
71.6854
71.7394
71.788
71.8339
71.8796
71.9215
71.9758
72.0271
72.0755
72.127
72.1691
72.2141
72.2668
72.3134
72.3584
72.4067
72.4522
72.4992
72.5457
72.5954
72.6419
72.6884
72.7336
72.7848
72.8345
72.8837
72.9378
72.987
73.032
73.08
73.1319
73.1823
73.2362
73.2929
73.3564
73.4185
73.4822
73.5506
73.62
73.6845
73.7503
73.8243
73.894
73.9615
74.0428
74.1152
74.1975
74.2826
74.3824
74.4893
74.6083
74.7447
74.9003
75.0732
75.3768
76.5205
