1
2
2.5
2.83333
3.33333
3.73333
4.23333
4.51905
4.64405
4.86627
7.2189
9.0116
11.6874
16.2153
19.327
21.2302
22.7306
24.1619
25.6759
27.1528
28.27
29.1843
30.0312
30.8532
31.5702
32.3513
33.0312
33.7058
34.3723
34.9373
35.5766
36.2455
36.8343
37.5201
38.1346
38.8076
39.4103
39.9846
40.5402
41.1368
41.6535
42.1129
42.5246
42.9756
43.4267
43.8951
44.2516
44.5974
44.9651
45.3306
45.6733
46.02
46.3717
46.6977
46.9991
47.3189
47.6205
47.911
48.195
48.48
48.7408
48.994
49.2541
49.4973
49.7352
49.9708
50.1997
50.4611
50.6737
50.9141
51.1343
51.3783
51.5975
51.8286
52.0515
52.2526
52.4485
52.6845
52.8959
53.1277
53.3251
53.5509
53.7531
53.9683
54.1744
54.3647
54.5552
54.7611
54.9504
55.136
55.3273
55.5106
55.6923
55.8702
56.0576
56.2352
56.3995
56.5722
56.7203
56.8737
57.023
57.1911
57.3364
57.4865
57.6292
57.7731
57.9163
58.0678
58.2342
58.384
58.5262
58.6743
58.8228
58.9643
59.1092
59.2352
59.3791
59.5266
59.6525
59.7797
59.9257
60.0518
60.1879
60.3066
60.4307
60.5551
60.6794
60.7916
60.9061
61.0221
61.1329
61.2495
61.3623
61.4755
61.5856
61.7043
61.8084
61.9232
62.0193
62.1348
62.2358
62.338
62.4415
62.5409
62.6363
62.7421
62.836
62.9346
63.0341
63.1332
63.2369
63.3478
63.4402
63.5369
63.6328
63.7285
63.8174
63.9102
64.0029
64.1053
64.2013
64.2963
64.3817
64.477
64.5697
64.6585
64.7506
64.8321
64.9141
64.9983
65.0843
65.1708
65.2606
65.3468
65.4245
65.5138
65.5955
65.6814
65.7653
65.84
65.9221
66.0145
66.0916
66.1721
66.2507
66.3317
66.4141
66.4981
66.5675
66.6447
66.721
66.8042
66.8859
66.9581
67.0369
67.1072
67.1804
67.2587
67.3353
67.4144
67.4959
67.568
67.6447
67.7245
67.7989
67.8702
67.9422
68.0163
68.101
68.172
68.2516
68.3333
68.4049
68.4814
68.5575
68.6326
68.7038
68.7783
68.8509
68.9339
69.0049
69.0755
69.1423
69.2174
69.2877
69.3625
69.4344
69.5052
69.5807
69.648
69.7258
69.7979
69.8724
69.945
70.0274
70.0996
70.1727
70.2458
70.3194
70.3834
70.4509
70.5209
70.5934
70.6685
70.7435
70.8116
70.8801
70.9566
71.0218
71.0895
71.1622
71.2385
71.3063
71.3818
71.4585
71.521
71.5913
71.6569
71.7334
71.8107
71.8824
71.9511
72.026
72.1007
72.1755
72.2448
72.3151
72.3861
72.4586
72.5275
72.5923
72.6631
72.7385
72.8077
72.8768
72.9516
73.0164
73.0777
73.1425
73.2113
73.2809
73.3452
73.4172
73.485
73.5564
73.6293
73.6973
73.7659
73.8328
73.9041
73.9771
74.0423
74.1168
74.179
74.2393
74.3128
74.3745
74.4443
74.5121
74.5863
74.657
74.7267
74.7963
74.8612
74.919
74.9844
75.0433
75.1144
75.1827
75.2493
75.3124
75.3849
75.4592
75.5238
75.5894
75.6606
75.7302
75.795
75.8601
75.9246
75.9947
76.0587
76.1271
76.1948
76.259
76.3159
76.3784
76.4475
76.5135
76.5755
76.637
76.7014
76.766
76.8245
76.8924
76.9516
77.0096
77.0725
77.1339
77.2033
77.2688
77.3379
77.3892
77.4501
77.5082
77.568
77.6335
77.693
77.7628
77.8218
77.8773
77.9358
77.9955
78.0561
78.1143
78.1695
78.2334
78.2879
78.3413
78.4015
78.4569
78.5142
78.5775
78.6386
78.7003
78.7648
78.8258
78.8812
78.9413
78.9983
79.0572
79.1124
79.1667
79.2246
79.2832
79.347
79.4061
79.4643
79.5207
79.5751
79.6361
79.6934
79.7546
79.8153
79.8704
79.9325
79.9867
80.0511
80.1104
80.1657
80.2289
80.2865
80.3502
80.406
80.4605
80.5118
80.5685
80.623
80.6802
80.7317
80.7826
80.8348
80.8867
80.9437
81.007
81.0628
81.1147
81.168
81.2243
81.2836
81.3383
81.3921
81.4473
