2
2.5
2.83333
3.08333
3.28333
3.95
4.52143
4.89643
5.11865
7.19876
9.6909
12.1694
15.667
16.5148
18.4907
20.4119
22.0866
23.3823
24.6048
25.6655
26.7021
27.7821
28.7753
29.6174
30.4247
31.2767
32.1784
32.8784
33.5731
34.2257
34.7955
35.3139
35.8134
36.3705
36.7378
37.1235
37.5098
37.8535
38.2257
38.5836
38.9003
39.2303
39.5535
39.8391
40.1269
40.4164
40.703
40.9797
41.2676
41.5435
41.7989
42.0495
42.2959
42.551
42.8319
43.0743
43.3157
43.5653
43.7958
44.0237
44.2437
44.4499
44.6805
44.909
45.1146
45.3463
45.5582
45.7518
45.9313
46.1194
46.2948
46.4666
46.6588
46.8283
46.9973
47.1678
47.318
47.4676
47.6092
47.7539
47.8968
48.0353
48.162
48.291
48.4123
48.5427
48.6877
48.7917
48.9263
49.0687
49.1849
49.3111
49.4246
49.5399
49.6489
49.7681
49.867
49.9941
50.114
50.2303
50.3357
50.4495
50.5714
50.6724
50.777
50.8845
50.9773
51.0882
51.1951
51.2994
51.419
51.51
51.6193
51.7215
51.8251
51.9287
52.027
52.1284
52.2206
52.3253
52.4327
52.5273
52.626
52.7242
52.8341
52.9366
53.0216
53.1288
53.2381
53.3294
53.4311
53.5309
53.6318
53.7306
53.8217
53.9169
54.0132
54.1138
54.2086
54.3069
54.3902
54.4872
54.5941
54.6867
54.785
54.8814
54.9857
55.0782
55.177
55.2668
55.3652
55.4651
55.5605
55.6598
55.7517
55.8321
55.921
56.0044
56.0933
56.1812
56.2635
56.3691
56.4648
56.5575
56.6387
56.7281
56.8236
56.9041
56.9868
57.0752
57.1519
57.2291
57.3113
57.3888
57.4706
57.5482
57.6317
57.7133
57.7861
57.8692
57.9537
58.0352
58.1125
58.1884
58.2725
58.3515
58.424
58.5029
58.5799
58.6509
58.7294
58.8069
58.8852
58.9574
59.0299
59.0988
59.1664
59.2342
59.3045
59.3715
59.456
59.5319
59.5978
59.6794
59.7522
59.8161
59.8906
59.9703
60.0466
60.1219
60.1943
60.2592
60.3253
60.3915
60.4609
60.5283
60.5944
60.6648
60.7231
60.7998
60.8648
60.9303
60.9981
61.0701
61.1351
61.2029
61.2763
61.3461
61.4137
61.487
61.5555
61.626
61.6975
61.7616
61.8297
61.8954
61.9565
62.0215
62.0798
62.1459
62.211
62.2686
62.3293
62.3855
62.4528
62.5187
62.58
62.6462
62.7071
62.7708
62.8273
62.8845
62.9442
63.0052
63.0703
63.1307
63.1945
63.2593
63.3236
63.3888
63.4513
63.5201
63.5772
63.6393
63.6983
63.7676
63.8284
63.8901
63.9512
64.0091
64.0672
64.1247
64.1839
64.2403
64.3003
64.3571
64.4126
64.4724
64.5344
64.5989
64.652
64.713
64.774
64.8311
64.888
64.9616
65.0242
65.0809
65.1465
65.2062
65.27
65.3256
65.38
65.4288
65.4863
65.542
65.5939
65.6477
65.7024
65.7589
65.8174
65.8791
65.9292
65.9777
66.0324
66.0903
66.1469
66.2001
66.2568
66.312
66.3719
66.4286
66.4901
66.5496
66.608
66.6651
66.7155
66.7705
66.8216
66.877
66.9327
66.9995
67.0567
67.1056
67.1581
67.2136
67.2665
67.324
67.3797
67.4384
67.4902
67.5485
67.6
67.6451
67.6963
67.75
67.8057
67.864
67.9155
67.9707
68.0198
68.069
68.1264
68.1818
68.2323
68.2825
68.3411
68.3951
68.4501
68.5004
68.5528
68.5982
68.6511
68.7003
68.7518
68.8006
68.851
68.895
68.9471
69.0002
69.0472
69.1042
69.1519
69.2042
69.2607
69.3059
69.3521
69.4061
69.4538
69.5014
69.5531
69.6027
69.6493
69.698
69.7468
69.7938
69.8431
69.8935
69.9354
69.9822
70.0337
70.079
70.1276
70.1787
70.2278
70.2708
70.318
70.3681
70.4188
70.4678
70.5175
70.5591
70.609
70.6522
70.6963
70.7397
70.7881
70.8337
70.8859
70.9355
70.985
71.0299
71.0773
71.1192
71.1683
71.2149
71.2673
71.3127
71.3563
71.3992
71.4365
71.4793
71.5294
71.5697
71.6136
71.6565
71.7031
71.7435
71.7947
71.8388
71.88
71.9182
71.9642
72.009
72.0514
72.0922
72.1381
72.1857
72.2316
72.2718
72.3115
72.3555
72.3936
72.436
72.4826
72.5247
72.5644
72.6076
72.653
72.6968
72.7346
72.7796
72.8207
72.8632
72.9083
72.9435
72.9907
73.0394
73.0838
73.1269
73.1649
73.206
73.248
73.2894
73.327
73.3693
73.4078
73.4482
73.4944
73.5391
73.578
73.6146
73.6526
73.691
73.7418
73.7798
73.8206
73.8621
73.902
73.9458
73.9974
74.039
74.077
74.1169
74.1585
74.1975
74.2372
74.2788
74.32
74.3642
74.4086
74.4548
74.502
74.55
74.5926
74.6431
74.701
74.7501
74.8037
74.8645
74.9224
74.9809
75.0393
75.0976
75.161
75.2272
75.2917
75.3494
75.4152
75.479
75.5384
75.6038
75.6764
75.7485
75.8249
75.9061
76.002
76.1177
76.265
76.4321
76.6682
76.9523
77.8796
