1
2
2.5
2.83333
3.58333
3.78333
4.11667
4.25952
4.63452
4.74563
6.92006
8.40146
10.1867
14.09
17.7457
19.8597
21.5263
23.2467
24.7743
25.9621
27.1046
28.147
28.9892
29.8222
30.6104
31.3565
32.1286
32.809
33.496
34.1898
34.7663
35.3883
36.0644
36.7306
37.3507
37.9347
38.397
38.8515
39.345
39.7852
40.216
40.6303
41.0144
41.3708
41.7432
42.0892
42.4029
42.7277
43.0599
43.3477
43.6175
43.905
44.1879
44.4552
44.7081
44.984
45.2627
45.5428
45.7991
46.0866
46.3512
46.6162
46.8574
47.0808
47.3025
47.5144
47.7328
47.9406
48.1592
48.36
48.5551
48.7542
48.9541
49.1468
49.34
49.5398
49.722
49.8985
50.0713
50.2613
50.4409
50.6072
50.7797
50.9309
51.1119
51.2881
51.4413
51.604
51.7564
51.9195
52.0723
52.2495
52.397
52.5649
52.7071
52.8668
53.0022
53.159
53.3158
53.45
53.5993
53.7502
53.8887
54.0245
54.1573
54.2869
54.4176
54.5455
54.6814
54.8065
54.9358
55.064
55.1818
55.3114
55.4331
55.5643
55.679
55.79
55.9043
56.0278
56.1526
56.2775
56.4035
56.5
56.6064
56.723
56.8199
56.9245
57.039
57.1445
57.2557
57.3538
57.4631
57.5676
57.6797
57.7855
57.8844
57.979
58.08
58.183
58.2738
58.3762
58.4761
58.5886
58.6926
58.7884
58.8902
58.993
59.1021
59.2135
59.3146
59.4136
59.5079
59.6107
59.7154
59.8154
59.9246
60.029
60.1216
60.2201
60.312
60.4163
60.5179
60.6148
60.7122
60.807
60.898
60.9937
61.0922
61.1842
61.2855
61.3801
61.4802
61.5615
61.6575
61.7435
61.8304
61.9272
62.0235
62.1189
62.2159
62.3026
62.3902
62.481
62.5637
62.6516
62.7386
62.8235
62.9153
63.005
63.0897
63.1854
63.2757
63.3692
63.4566
63.5449
63.6313
63.7063
63.7933
63.877
63.9647
64.0412
64.1263
64.2075
64.2983
64.381
64.458
64.5428
64.6294
64.7079
64.7881
64.876
64.9664
65.0505
65.1282
65.2083
65.2939
65.3811
65.4618
65.5468
65.6414
65.7153
65.7934
65.8726
65.9458
66.0267
66.1142
66.194
66.2743
66.3604
66.4356
66.5157
66.5887
66.6656
66.7403
66.8261
66.9025
66.975
67.0527
67.1303
67.2024
67.2758
67.3465
67.4181
67.496
67.5684
67.6369
67.7158
67.7888
67.854
67.9301
67.9985
68.0716
68.1462
68.2208
68.288
68.3651
68.4371
68.5104
68.5802
68.6527
68.7228
68.804
68.8759
68.9531
69.0297
69.0945
69.1741
69.2478
69.3214
69.3927
69.4647
69.5311
69.5985
69.6722
69.7488
69.8197
69.8857
69.9585
70.025
70.0992
70.1751
70.2375
70.3014
70.3675
70.4407
70.5113
70.5763
70.6469
70.7189
70.7889
70.8625
70.9351
71.0047
71.0726
71.1371
71.2096
71.2772
71.3391
71.4088
71.4736
71.5425
71.6086
71.6737
71.7447
71.8135
71.8744
71.9368
71.9989
72.0653
72.1305
72.198
72.2655
72.3338
72.4027
72.4709
72.5307
72.5969
72.6598
72.7255
72.7854
72.8468
72.9046
72.9669
73.0221
73.0833
73.1441
73.2024
73.2642
73.3216
73.3814
73.4367
73.4939
73.5532
73.6089
73.6606
73.7159
73.7719
73.8275
73.8834
73.9393
73.9902
74.0484
74.1049
74.1621
74.2166
74.2736
74.3336
74.3901
74.4446
74.4997
74.5544
74.6098
74.6593
74.7126
74.7659
74.8207
74.8742
74.923
74.9727
75.0234
75.0707
75.1235
75.1777
75.2298
75.283
75.336
75.3888
75.4402
75.4895
75.5419
75.5958
75.6489
75.7055
75.7549
75.8061
75.8528
75.8983
75.9506
76.005
76.0504
76.0981
76.1469
76.1955
76.2411
76.2853
76.329
76.3792
76.4264
76.4754
76.5262
76.5761
76.618
76.6672
76.7101
76.7561
76.7974
76.8429
76.8883
76.9334
76.9774
77.0222
77.0702
77.1184
77.1647
77.2119
77.256
77.2936
77.3366
77.378
77.4238
77.4699
77.5159
