2
2.5
3.16667
3.66667
4.26667
4.43333
4.71905
4.84405
4.95516
6.73257
8.34374
11.0003
13.8267
14.7024
16.694
18.5731
19.922
21.2605
22.3732
23.3543
24.2269
25.1732
25.9303
26.7073
27.323
27.9174
28.5611
29.134
29.6994
30.283
30.8069
31.2746
31.7389
32.1862
32.5697
32.905
33.2827
33.6488
34.0098
34.3556
34.709
35.0182
35.3407
35.6575
35.9249
36.2206
36.4548
36.7296
37.001
37.2918
37.5206
37.7645
37.9835
38.2222
38.4363
38.644
38.85
39.0891
39.3322
39.5406
39.7406
39.9234
40.1267
40.3125
40.5216
40.71
40.9075
41.1122
41.2786
41.4578
41.6346
41.8218
42.0086
42.1975
42.3721
42.5612
42.7387
42.9176
43.1045
43.2668
43.414
43.5619
43.7143
43.8695
44.0275
44.1774
44.3167
44.4648
44.6025
44.7573
44.8969
45.0172
45.1384
45.2577
45.3921
45.5198
45.6653
45.783
45.9116
46.0492
46.1756
46.3221
46.4607
46.574
46.7001
46.8167
46.939
47.0646
47.1794
47.2891
47.3906
47.5164
47.6365
47.7481
47.8749
47.9883
48.1057
48.2126
48.3142
48.4234
48.5427
48.6603
48.7774
48.8774
48.9937
49.1072
49.2028
49.3139
49.4339
49.5452
49.6527
49.7588
49.8557
49.9633
50.0656
50.163
50.2721
50.3777
50.4755
50.5738
50.6724
50.7683
50.8705
50.9633
51.0635
51.1644
51.2579
51.3578
51.4517
51.5531
51.6384
51.7366
51.8351
51.9361
52.0347
52.1261
52.2239
52.3221
52.4166
52.5256
52.6136
52.7065
52.8019
52.9052
53.0066
53.1075
53.2011
53.2994
53.3911
53.4864
53.5786
53.667
53.7456
53.8404
53.9255
54.0191
54.1155
54.2107
54.2954
54.3815
54.4636
54.5538
54.6486
54.7244
54.8059
54.8914
54.9639
55.0567
55.1418
55.2226
55.3111
55.3937
55.4871
55.5877
55.6807
55.7712
55.8604
55.9344
56.0241
56.1097
56.1912
56.2839
56.3803
56.4729
56.5716
56.6544
56.7452
56.8388
56.9395
57.0357
57.13
57.2195
57.3057
57.3945
57.4818
57.5555
57.6464
57.7298
57.8134
57.9006
57.9775
58.0639
58.1373
58.209
58.2924
58.3708
58.4511
58.5248
58.6022
58.681
58.7582
58.8291
58.8975
58.9728
59.0521
59.1235
59.198
59.267
59.3431
59.4085
59.4859
59.5734
59.6511
59.7271
59.8003
59.8642
59.9432
60.0055
60.0851
60.1522
60.2227
60.2996
60.3762
60.4442
60.5192
60.5904
60.6668
60.7464
60.8285
60.9039
60.9676
61.0338
61.1045
61.1762
61.2477
61.3182
61.393
61.4583
61.5354
61.61
61.6808
61.7552
61.822
61.8952
61.9618
62.0271
62.1036
62.1763
62.239
62.3055
62.3691
62.4359
62.4952
62.5616
62.6263
62.6914
62.7508
62.8197
62.8884
62.9576
63.0212
63.094
63.153
63.2224
63.2876
63.3583
63.4184
63.4869
63.5458
63.606
63.6774
63.7321
63.8037
63.8736
63.9386
64.0052
64.0677
64.1417
64.203
64.2677
64.3359
64.4005
64.4637
64.5356
64.6022
64.6678
64.7334
64.796
64.862
64.9293
64.9964
65.0596
65.1221
65.1882
65.2523
65.3134
65.3734
65.4382
65.4985
65.5598
65.6184
65.6811
65.7475
65.8122
65.8765
65.9373
65.999
66.0613
66.1201
66.1837
66.2409
66.3071
66.3614
66.4163
66.4722
66.5355
66.5943
66.6554
66.7133
66.7701
66.8277
66.8844
66.9429
66.9992
67.0557
67.126
67.1888
67.2505
67.3046
67.3586
67.4162
67.4698
67.5325
67.589
67.6499
67.708
67.7709
67.8365
67.8986
67.9539
68.0157
68.0736
68.1387
68.1991
68.2567
68.3108
68.3668
68.4214
68.4774
68.5321
68.586
68.6488
68.7034
68.7634
68.8177
68.8724
68.9295
68.9898
69.046
69.102
69.1586
69.2141
69.2713
69.3343
69.3915
69.4502
69.5041
69.5639
69.6185
69.6715
69.7236
69.7813
69.8371
69.8916
69.945
69.9938
70.0559
70.1119
70.1703
70.2188
70.2735
70.3297
70.3815
70.4382
70.4926
70.5496
70.6047
70.6618
70.7126
70.7679
70.8172
70.8797
70.9345
70.9921
71.0452
71.0995
71.1547
71.2104
71.2698
71.3243
71.3793
71.4323
71.4854
71.5415
71.5959
71.6478
71.7075
71.7647
71.8176
71.8682
71.9228
71.9718
72.0306
72.0857
72.1402
72.1928
72.2466
72.3012
72.3573
72.409
72.4616
72.5196
72.5844
72.6525
72.7021
72.7609
72.8136
72.8789
72.9389
72.9959
73.0516
73.0995
73.1508
73.1933
73.2512
73.3088
73.3753
73.4383
73.4983
73.5564
73.6082
73.6666
73.7134
73.7677
73.8271
73.8836
73.9346
73.9942
74.0565
74.1096
74.1621
74.2198
74.2825
74.3304
74.3902
74.4505
74.5064
74.5633
74.6181
74.6858
74.7463
74.8093
74.8679
74.9296
74.9917
75.0661
75.1326
75.213
75.2983
75.3799
75.453
75.5335
75.6274
75.7148
75.8204
75.9202
76.0177
76.1158
76.2513
76.3961
76.5897
76.8387
78.4516
