1
2
2.5
2.83333
3.33333
3.93333
4.1
4.24286
4.36786
4.59008
6.13374
8.527
11.7432
16.2227
20.4224
23.3672
25.588
27.31
28.6528
29.8115
30.9626
31.9013
32.8739
33.8206
34.6321
35.3999
36.0231
36.6216
37.1734
37.6564
38.0785
38.4618
38.869
39.2428
39.6002
39.9363
40.2532
40.589
40.9226
41.2288
41.5189
41.7827
42.062
42.3456
42.6216
42.9023
43.1899
43.4882
43.7534
44.0132
44.2856
44.5602
44.8033
45.087
45.3424
45.6315
45.8591
46.1128
46.3455
46.6032
46.8258
47.066
47.3058
47.5471
47.7921
48.0143
48.2467
48.4856
48.7184
48.9535
49.1954
49.4332
49.6576
49.8945
50.1167
50.3526
50.554
50.7591
50.9627
51.1541
51.3406
51.5489
51.7336
51.9317
52.1036
52.2671
52.4467
52.62
52.7933
52.959
53.1302
53.2816
53.4472
53.6003
53.752
53.8871
54.0144
54.1602
54.3141
54.4513
54.6069
54.7441
54.8907
55.0365
55.1665
55.2987
55.4362
55.5753
55.7146
55.8471
55.9999
56.1411
56.279
56.4298
56.5784
56.7282
56.8757
57.0159
57.1426
57.282
57.4182
57.558
57.7004
57.8225
57.9435
58.0735
58.2257
58.3658
58.5103
58.6432
58.7859
58.9228
59.0634
59.1993
59.3269
59.4655
59.6034
59.7385
59.8872
60.0308
60.1545
60.2995
60.4354
60.5602
60.7093
60.8326
60.9721
61.0972
61.2125
61.3345
61.4562
61.5747
61.7028
61.8341
61.9586
62.0933
62.2288
62.3424
62.4614
62.5849
62.7088
62.8244
62.9608
63.0887
63.2122
63.3317
63.4554
63.5693
63.7138
63.8383
63.9603
64.0777
64.205
64.3212
64.4392
64.5669
64.6839
64.794
64.9205
65.0366
65.1555
65.2662
65.3747
65.4904
65.5998
65.7125
65.8349
65.9493
66.0607
66.1873
66.3101
66.425
66.5438
66.6538
66.7541
66.8822
67.0069
67.11
67.2185
67.3179
67.4263
67.5331
67.6395
67.7578
67.8709
67.976
68.0863
68.1935
68.2951
68.4055
68.4958
68.5996
68.7048
68.8142
68.9204
69.0186
69.1174
69.2227
69.3333
69.4418
69.5428
69.6405
69.7348
69.8222
69.931
70.0327
70.1289
70.2243
70.3194
70.4243
70.5236
70.6115
70.7074
70.8062
70.8951
70.9924
71.0862
71.1934
71.2849
71.3725
71.471
71.5624
71.6563
71.7416
71.836
71.9349
72.0213
72.1131
72.1995
72.2926
72.3824
72.4705
72.5703
72.6587
72.7422
72.8349
72.9156
73.0086
73.1
73.1898
73.2882
73.3839
73.478
73.5673
73.6573
73.7523
73.8397
73.9339
74.024
74.1068
74.1865
74.2762
74.3701
74.4554
74.5365
74.6248
74.7076
74.7898
74.8781
74.9594
75.0447
75.1281
75.2143
75.3003
75.3746
75.4575
75.5406
75.6206
75.7075
75.7916
75.878
75.9632
76.0485
76.1237
76.2032
76.2792
76.3619
76.4493
76.5268
76.6004
76.6825
76.7597
76.8346
76.9139
76.9906
77.0612
77.1455
77.2202
77.2965
77.3765
77.4515
77.5276
77.6005
77.6778
77.7466
77.827
77.907
77.9735
78.05
78.1242
78.2011
78.2784
78.3533
78.4254
78.4945
78.5697
78.6387
78.7148
78.7873
78.8609
78.9295
79.0078
79.078
79.1491
79.214
79.2824
79.3473
79.413
79.4771
79.5426
79.6098
79.6743
79.7412
79.808
79.8678
79.9398
80.0007
80.0639
80.1272
80.1891
80.2553
80.3228
80.3814
80.4438
80.507
80.5657
80.6284
80.6957
80.7519
80.8196
80.8803
80.9411
81.0056
81.0667
81.1317
81.1919
81.2515
81.3156
81.3757
81.4374
81.492
81.5525
81.6102
81.6675
81.7214
81.785
81.8455
81.8929
81.9491
82.0047
82.0597
82.1168
82.1763
82.2327
82.2915
82.3437
82.3932
82.4497
82.5098
82.5675
82.618
82.674
82.7234
82.7757
82.8215
82.8709
82.9223
82.9797
83.029
83.077
83.1236
83.1732
83.2239
83.2711
83.3169
83.3692
83.4206
83.4735
83.5285
83.5808
83.6277
83.6819
83.7252
