1
2
2.5
2.83333
3.33333
3.53333
3.86667
4.15238
4.27738
4.61071
6.04077
7.63204
9.58449
13.1479
15.8905
17.8474
19.239
20.369
21.4047
22.4351
23.2416
24.0252
24.7223
25.3849
26.0048
26.5971
27.144
27.6505
28.1847
28.6638
29.1844
29.6503
30.0966
30.5466
31.0001
31.4428
31.8745
32.2859
32.6828
33.1023
33.5381
33.9846
34.4302
34.8747
35.2807
35.6826
36.0865
36.5233
36.9886
37.3804
37.7876
38.1621
38.5667
38.9531
39.2661
39.5942
39.9382
40.2952
40.62
40.9309
41.2255
41.5114
41.8169
42.069
42.3567
42.6153
42.8813
43.1199
43.3651
43.5993
43.8034
44.0129
44.2306
44.4429
44.6409
44.8456
45.0539
45.248
45.4549
45.653
45.8481
46.0353
46.2391
46.4022
46.5941
46.7712
46.9584
47.1128
47.3003
47.4719
47.6621
47.8439
48.0158
48.2004
48.3828
48.5525
48.7026
48.8825
49.0421
49.2082
49.3766
49.5217
49.7053
49.8748
50.0193
50.1881
50.3315
50.495
50.6513
50.7835
50.9215
51.064
51.197
51.3191
51.4544
51.5841
51.7229
51.8456
51.9782
52.091
52.2093
52.3343
52.4421
52.5663
52.6663
52.7834
52.9029
53.02
53.1345
53.2537
53.3693
53.4742
53.5825
53.6929
53.821
53.9298
54.0489
54.1661
54.2727
54.3798
54.4846
54.5972
54.7065
54.8199
54.9333
55.0471
55.1572
55.2741
55.3762
55.4892
55.586
55.6997
55.8064
55.9054
56.0239
56.141
56.2537
56.3472
56.4522
56.5613
56.6672
56.7662
56.8702
56.9828
57.0769
57.1859
57.2919
57.388
57.5023
57.6013
57.6958
57.7983
57.9096
58.0161
58.1173
58.2334
58.3462
58.4431
58.5513
58.6727
58.7843
58.8891
58.996
59.1069
59.2121
59.3277
59.4405
59.5527
59.6494
59.7518
59.876
59.9992
60.0965
60.1957
60.3064
60.408
60.523
60.6385
60.7447
60.8645
60.9571
61.0788
61.1919
61.3007
61.4144
61.5245
61.63
61.7419
61.8684
61.986
62.0912
62.2126
62.3316
62.4507
62.566
62.6924
62.8134
62.9239
63.0466
63.1582
63.2768
63.3888
63.5063
63.6289
63.7518
63.8583
63.9713
64.0998
64.2112
64.32
64.448
64.5655
64.6805
64.7899
64.9127
65.0357
65.1458
65.2822
65.4006
65.5082
65.6334
65.7453
65.8557
65.9733
66.0996
66.2217
66.3421
66.4506
66.5698
66.7023
66.8204
66.9472
67.0782
67.1984
67.3223
67.4406
67.5709
67.7013
67.8353
67.9623
68.0761
68.1931
68.3132
68.432
68.5679
68.6863
68.8083
68.9405
69.0689
69.2095
69.3251
69.4474
69.5761
69.7035
69.8209
69.9433
70.0589
70.1793
70.3033
70.4241
70.5399
70.6557
70.7743
70.8758
70.996
71.112
71.2277
71.3412
71.4685
71.5732
71.6723
71.7721
71.8806
71.9903
72.0858
72.1796
72.2763
72.3737
72.4719
72.5679
72.6716
72.7716
72.8572
72.9474
73.0509
73.1502
73.2479
73.3324
73.4138
73.5051
73.587
73.6695
73.7673
73.8508
73.9345
74.025
74.0923
74.1781
74.2625
74.3364
74.4283
74.515
74.5862
74.6634
74.7419
74.8208
74.9004
74.9691
75.048
75.1263
75.1986
75.2725
75.3446
75.4188
75.494
75.5624
75.6337
75.6968
75.7635
75.8319
75.8968
75.9669
76.0371
76.0948
76.164
76.2293
76.2934
76.3641
76.4247
76.4896
76.5581
76.625
76.6867
76.7541
76.8238
76.8792
76.9436
77.0024
77.0705
77.1338
77.1923
77.2487
77.3089
77.3701
77.4251
77.4834
77.5389
77.5893
77.6486
77.7091
77.7674
77.8298
77.8825
77.94
77.9958
78.0499
78.113
78.1613
78.2154
78.2688
78.3253
78.3837
78.4427
78.4953
78.5528
78.6067
78.651
78.7051
78.7582
78.8157
78.8676
78.919
78.9709
79.019
79.0718
79.1257
79.1795
79.2317
79.2793
79.3289
79.3798
79.4292
79.4801
79.5308
79.585
79.6311
79.6799
79.7288
79.7706
79.8222
79.8716
79.9218
79.9707
