1
2
2.5
2.83333
3.08333
3.28333
3.95
4.52143
4.89643
5.11865
7.19876
9.71131
12.2982
16.8015
19.9457
22.1694
23.9105
25.4726
26.8862
28.2111
29.4954
30.692
31.7727
32.8485
33.8553
34.7193
35.6076
36.2911
36.9626
37.6024
38.122
38.6586
39.1031
39.6287
40.0983
40.5259
40.9612
41.3709
41.8079
42.2043
42.6045
42.939
43.2878
43.644
43.9816
44.3268
44.68
45.0445
45.3823
45.6798
45.994
46.3059
46.6266
46.9237
47.2095
47.4879
47.7495
47.9989
48.2405
48.5086
48.7396
48.9566
49.181
49.405
49.6113
49.8237
50.0456
50.2214
50.4313
50.6098
50.779
50.9466
51.1204
51.2877
51.4476
51.6198
51.7826
51.9408
52.0936
52.2527
52.4121
52.5494
52.6974
52.8485
52.9911
53.1286
53.2725
53.4119
53.5584
53.7136
53.8564
54.0099
54.1419
54.277
54.4111
54.548
54.6841
54.8289
54.9734
55.106
55.2423
55.3751
55.5158
55.659
55.7929
55.9344
56.0647
56.1933
56.3154
56.4445
56.5732
56.7025
56.8392
56.9804
57.1114
57.246
57.3916
57.5204
57.6477
57.7778
57.9138
58.0467
58.1735
58.2977
58.433
58.5534
58.686
58.821
58.9366
59.0622
59.1851
59.3114
59.4281
59.5405
59.6722
59.7867
59.8975
60.0246
60.1304
60.2515
60.3639
60.4818
60.5915
60.6985
60.8217
60.9175
61.0239
61.1286
61.2509
61.3639
61.4742
61.5844
61.6932
61.7999
61.8982
62.0081
62.1166
62.2212
62.3049
62.407
62.4956
62.589
62.6906
62.7912
62.8889
62.9855
63.0812
63.1753
63.2777
63.38
63.4814
63.5849
63.6848
63.7816
63.8765
63.9756
64.0679
64.16
64.2613
64.3496
64.4431
64.5416
64.639
64.7238
64.8177
64.9036
64.9961
65.0842
65.1743
65.2688
65.3667
65.4607
65.5507
65.6316
65.7177
65.7995
65.8917
65.9732
66.0619
66.1603
66.2396
66.3239
66.4076
66.4961
66.5778
66.6688
66.7532
66.8409
66.9266
67.0157
67.0956
67.1801
67.2635
67.3562
67.4349
67.529
67.615
67.6991
67.7819
67.8594
67.9436
68.0281
68.1045
68.186
68.2693
68.3578
68.4351
68.5228
68.602
68.6847
68.7718
68.851
68.9343
69.0151
69.0993
69.1758
69.2597
69.343
69.4239
69.5107
69.5935
69.6715
69.7509
69.8371
69.9148
69.9964
70.0771
70.1543
70.2467
70.3299
70.4137
70.489
70.5681
70.6467
70.7302
70.8046
70.8844
70.9736
71.0501
71.1308
71.2078
71.2893
71.37
71.4563
71.5307
71.6162
71.6863
71.7588
71.8358
71.915
71.9887
72.0617
72.1381
72.2251
72.2997
72.384
72.4588
72.5318
72.6008
72.6744
72.7505
72.8227
72.9
72.9751
73.045
73.1191
73.1898
73.2667
73.3367
73.4097
73.4864
73.5551
73.6312
73.7048
73.7759
73.8535
73.9314
74.0015
74.0704
74.1459
74.2186
74.295
74.3665
74.4394
74.5085
74.5748
74.6448
74.7155
74.7833
74.8508
74.9196
74.9816
75.0443
75.1026
75.1697
75.2393
75.3056
75.3778
75.4474
75.5107
75.5775
75.6509
75.7128
75.7827
75.8552
75.9277
75.9938
76.053
76.1201
76.184
76.2414
76.3079
76.3732
76.43
76.4933
76.5598
76.6289
76.6899
76.7507
76.8085
76.8732
76.9323
76.9945
77.0511
77.1102
77.1753
77.2354
77.2949
77.3498
77.4125
77.4723
77.5359
77.5929
77.6472
77.7098
77.7663
77.8276
77.8833
77.9353
77.9913
78.0483
78.1105
78.1633
78.2145
78.2683
78.3259
78.3803
78.4405
78.494
78.5511
78.6069
78.6605
78.7104
78.7669
78.8212
78.8863
78.9404
78.9863
79.0465
79.1
79.1507
79.2067
79.2613
79.3147
79.3712
79.4214
79.475
79.5288
79.5814
79.6302
79.6867
79.7357
79.7848
79.8342
79.8839
79.9406
79.9909
80.0406
80.0939
80.1429
80.1942
80.2476
80.2967
80.3455
80.3925
80.4407
80.4843
80.5373
80.5884
80.6367
80.6812
80.7305
80.7814
