1
2
2.5
2.83333
3.08333
3.28333
3.61667
3.90238
4.27738
4.83294
6.38291
7.72201
9.45053
13.2179
16.6987
18.5756
20.0238
21.347
22.3272
23.3887
24.331
25.1678
25.899
26.6475
27.3992
28.0546
28.657
29.191
29.7895
30.3007
30.8069
31.3244
31.8008
32.2303
32.6585
33.0785
33.4524
33.8106
34.1738
34.5416
34.8877
35.2286
35.5685
35.8793
36.2228
36.5464
36.8243
37.1529
37.4268
37.717
37.9771
38.2329
38.5179
38.7494
38.9833
39.2168
39.444
39.6583
39.8792
40.1086
40.335
40.575
40.7932
41.011
41.2596
41.4784
41.7044
41.9239
42.1369
42.3413
42.5627
42.779
42.9813
43.1915
43.3816
43.5777
43.7695
43.9573
44.1299
44.3361
44.5193
44.7039
44.8994
45.0965
45.2826
45.4806
45.6664
45.863
46.0416
46.2335
46.4128
46.6195
46.8405
47.0385
47.2109
47.389
47.5727
47.7677
47.9744
48.1629
48.3737
48.5843
48.7865
48.9657
49.1799
49.3813
49.5632
49.7491
49.9329
50.1201
50.3221
50.499
50.6586
50.8469
51.0309
51.2079
51.3913
51.5651
51.7617
51.9174
52.0907
52.2586
52.4374
52.6244
52.8006
52.9739
53.1334
53.2853
53.443
53.6038
53.7569
53.9211
54.0921
54.2336
54.3958
54.5376
54.7075
54.852
54.9972
55.1195
55.2579
55.4189
55.5579
55.6961
55.8332
55.9693
56.1059
56.2541
56.3801
56.5259
56.6605
56.7993
56.9416
57.068
57.2021
57.3385
57.4818
57.6263
57.7706
57.9147
58.0577
58.1949
58.3234
58.455
58.587
58.7165
58.8423
58.9745
59.1125
59.2364
59.37
59.4944
59.622
59.7491
59.8722
59.9892
60.0959
60.2229
60.3475
60.4666
60.5806
60.6992
60.8206
60.9292
61.0343
61.1451
61.2441
61.3583
61.4604
61.5702
61.6796
61.7895
61.8852
61.9933
62.0899
62.1936
62.2891
62.3955
62.498
62.5933
62.6933
62.7899
62.8782
62.9791
63.0817
63.1775
63.2767
63.366
63.458
63.5429
63.6366
63.7331
63.8267
63.9035
63.989
64.075
64.1547
64.2363
64.3214
64.4006
64.4958
64.5888
64.6765
64.7618
64.8528
64.9381
65.0116
65.098
65.1772
65.2561
65.3402
65.4214
65.4935
65.5798
65.6596
65.7342
65.8089
65.8851
65.9686
66.0465
66.1183
66.1995
66.2737
66.3451
66.4131
66.4859
66.5583
66.6299
66.701
66.7707
66.8388
66.9065
66.9736
67.0441
67.1122
67.1837
67.253
67.329
67.3958
67.4646
67.5274
67.5993
67.6704
67.7389
67.8061
67.8773
67.9473
68.0178
68.0883
68.1556
68.2249
68.294
68.3588
68.4286
68.4978
68.563
68.6333
68.6983
68.7643
68.8361
68.9004
68.9645
69.0266
69.0903
69.1525
69.2165
69.2856
69.3531
69.4173
69.4836
69.5511
69.6159
69.6793
69.746
69.8089
69.8707
69.9344
69.9905
70.0615
70.1297
70.1954
70.2543
70.3091
70.372
70.4332
70.4887
70.5511
70.611
70.663
70.7247
70.7881
70.8509
70.9136
70.9653
71.0186
71.0749
71.1293
71.1853
71.2463
71.3092
71.3662
71.422
71.4745
71.5311
71.5881
71.6476
71.7042
71.7618
71.8119
71.8682
71.9212
71.9733
72.0307
72.083
72.139
72.1935
72.2491
72.3031
72.3598
72.4226
72.4782
72.5431
72.602
72.656
72.7081
72.7617
72.8207
72.874
72.9306
72.9851
73.0395
73.0973
73.1541
73.2052
73.2605
73.3149
73.3644
73.4171
73.468
73.5202
73.5735
73.6324
73.6835
73.7364
73.7934
73.8462
73.8992
73.9507
74.0048
74.0575
74.1124
74.1638
74.2133
74.2629
74.3116
74.3619
74.4167
74.4715
74.5251
74.5811
74.6337
74.6812
74.7308
74.7811
74.8306
74.8803
74.9314
74.9835
75.0312
75.0757
75.1244
75.1753
75.2232
75.2702
75.3207
75.3673
75.4275
75.4764
75.5247
75.569
75.6141
75.6643
75.7106
75.7598
75.8068
75.8553
75.9056
75.9539
76.0023
76.0492
76.0919
76.141
76.1867
