1
2
2.5
3.16667
3.66667
4.26667
4.43333
4.71905
4.84405
4.95516
6.73257
8.34374
11.1392
14.9616
18.1137
20.1175
21.8364
23.426
24.6815
25.7902
26.8963
27.8218
28.6213
29.5144
30.2922
31.0151
31.8329
32.4384
33.0218
33.6219
34.1301
34.6342
35.1315
35.5665
36.0153
36.4266
36.8396
37.229
37.6158
37.9851
38.3056
38.6528
39.0067
39.3154
39.6453
39.9614
40.2613
40.53
40.8041
41.077
41.3525
41.6321
41.8962
42.1634
42.4352
42.6875
42.9547
43.2295
43.4881
43.7341
43.9849
44.2352
44.4731
44.7098
44.922
45.1536
45.3653
45.6109
45.8247
46.0302
46.2463
46.4261
46.6133
46.8212
47.0076
47.1934
47.3803
47.5437
47.7245
47.8938
48.065
48.2317
48.4004
48.5817
48.7617
48.919
49.1109
49.2924
49.4644
49.6063
49.7572
49.9022
50.055
50.1794
50.3245
50.4913
50.6401
50.7833
50.9252
51.0737
51.2318
51.3767
51.4993
51.6368
51.7795
51.9196
52.0741
52.2302
52.3789
52.505
52.6514
52.7873
52.9262
53.0675
53.1912
53.3249
53.4608
53.6021
53.7288
53.8666
53.996
54.1449
54.278
54.4177
54.5318
54.6694
54.7942
54.9296
55.0538
55.177
55.2896
55.4157
55.5384
55.6696
55.8128
55.9431
56.0885
56.203
56.3444
56.4757
56.5973
56.7211
56.8422
56.9647
57.086
57.2027
57.3257
57.4442
57.5587
57.681
57.7894
57.9169
58.0345
58.157
58.2829
58.3977
58.5172
58.6293
58.7551
58.8755
59.0004
59.1114
59.2285
59.3427
59.469
59.5974
59.7162
59.8324
59.9549
60.0824
60.2161
60.3502
60.4774
60.59
60.7142
60.831
60.9452
61.0633
61.1805
61.2816
61.3864
61.4942
61.6106
61.7161
61.808
61.9052
62.0168
62.1209
62.2352
62.3374
62.4388
62.5461
62.6529
62.7563
62.8489
62.9485
63.035
63.1297
63.2399
63.3404
63.4298
63.5314
63.6334
63.7282
63.8215
63.913
64.01
64.1056
64.1995
64.2902
64.382
64.4821
64.5854
64.6787
64.7749
64.8653
64.9536
65.043
65.1285
65.2239
65.3224
65.4122
65.5041
65.5904
65.6802
65.7745
65.8657
65.9561
66.0463
66.1369
66.228
66.3271
66.413
66.4978
66.5844
66.6725
66.7645
66.8444
66.9308
67.019
67.1195
67.2133
67.3005
67.3894
67.4768
67.5694
67.6549
67.737
67.8238
67.9136
68.003
68.0938
68.1832
68.2777
68.3684
68.4589
68.5441
68.6323
68.7127
68.8002
68.883
68.9645
69.0432
69.1281
69.2089
69.2929
69.3826
69.4702
69.5526
69.6336
69.7156
69.7915
69.8738
69.9681
70.045
70.1323
70.2094
70.2957
70.3755
70.4475
70.5291
70.5996
70.6676
70.7566
70.8402
70.9191
70.9961
71.073
71.1625
71.2441
71.3293
71.4032
71.4899
71.5821
71.6638
71.7405
71.8176
71.8848
71.968
72.0427
72.1195
72.1954
72.2715
72.3443
72.4253
72.4982
72.5764
72.6471
72.7212
72.81
72.8866
72.9629
73.0353
73.1057
73.1807
73.2561
73.3287
73.4069
73.4912
73.5767
73.6516
73.7314
73.8108
73.879
73.9528
74.0235
74.0962
74.1704
74.2488
74.3227
74.3982
74.4818
74.5568
74.6236
74.6978
74.7709
74.8455
74.9219
75.011
75.1044
75.1843
75.2573
75.3297
75.4117
75.485
75.5557
75.6288
75.705
75.7722
75.8462
75.9262
76.0071
76.0671
76.1382
76.2184
76.293
76.3642
76.4503
76.5224
76.59
76.6673
76.7384
76.8153
76.8889
76.9635
77.0475
77.1234
77.2062
77.2789
77.3465
77.4301
77.5033
77.5829
77.661
77.7385
77.8075
77.8939
77.9683
78.0441
78.1186
78.1919
78.2692
78.3389
78.4059
78.4865
78.5737
78.6469
78.7203
78.7995
78.88
78.9595
79.039
79.1179
79.1958
79.2785
79.3511
79.4313
79.515
79.5953
79.6712
79.7515
79.8411
79.9245
80.0049
80.0902
80.1641
80.2399
80.3221
80.4024
80.4836
80.5668
80.6424
80.7224
