1
2
2.5
2.83333
3.08333
3.48333
3.65
3.93571
4.56071
4.67183
6.21187
8.81635
11.3637
14.7566
19.0869
21.8828
23.7979
25.293
26.5381
27.7247
29.0772
30.346
31.5327
32.5486
33.3338
34.2536
34.9618
35.6073
36.1496
36.6852
37.1926
37.6716
38.1375
38.5779
38.9894
39.3881
39.7659
40.1366
40.4957
40.8327
41.1579
41.4768
41.7917
42.1005
42.3916
42.6674
42.9578
43.2397
43.5105
43.7538
44.0401
44.3215
44.6065
44.8406
45.0751
45.3244
45.5562
45.8304
46.0704
46.2993
46.5187
46.741
46.9861
47.2132
47.426
47.6552
47.8791
48.1143
48.3197
48.5426
48.7491
48.9382
49.1373
49.3214
49.5072
49.7093
49.8933
50.094
50.2894
50.4698
50.6713
50.852
51.0337
51.2131
51.3813
51.5436
51.7082
51.8834
52.0507
52.1982
52.3707
52.5248
52.6834
52.8742
53.0451
53.2089
53.3736
53.5352
53.7086
53.8595
54.021
54.1791
54.3316
54.5114
54.6645
54.8139
54.9593
55.1208
55.2639
55.433
55.5731
55.729
55.8833
56.0361
56.1884
56.3317
56.4664
56.61
56.7619
56.8903
57.0343
57.1656
57.3044
57.4354
57.5629
57.6999
57.8223
57.9402
58.0763
58.1905
58.3128
58.4383
58.5514
58.6858
58.7974
58.9213
59.0504
59.1723
59.2883
59.4149
59.5391
59.6485
59.7565
59.8836
60.0009
60.1171
60.226
60.3382
60.455
60.5756
60.6946
60.8007
60.9137
61.0288
61.1177
61.2253
61.3307
61.4223
61.5321
61.6333
61.7557
61.8755
61.9838
62.0916
62.1949
62.2928
62.3885
62.4951
62.5914
62.6925
62.7952
62.8883
62.9817
63.0806
63.1878
63.2825
63.3629
63.4656
63.5577
63.6436
63.7319
63.8262
63.9256
64.0147
64.1153
64.2094
64.2924
64.3815
64.4669
64.5526
64.6492
64.7387
64.8349
64.9164
65.005
65.1017
65.1904
65.2782
65.3639
65.4541
65.5389
65.6195
65.6967
65.7802
65.8732
65.9661
66.0524
66.1352
66.2147
66.2975
66.3753
66.4589
66.5499
66.6414
66.7219
66.8214
66.9009
66.9915
67.0759
67.1569
67.2395
67.3147
67.404
67.4852
67.5688
67.6571
67.7519
67.8364
67.9124
68.0006
68.0844
68.1643
68.2607
68.3423
68.4333
68.5219
68.6042
68.6847
68.7705
68.8534
68.9411
69.022
69.1082
69.2014
69.2848
69.3698
69.4385
69.5187
69.6008
69.6784
69.7613
69.8404
69.919
70.0014
70.0716
70.1506
70.23
70.3065
70.387
70.4663
70.5438
70.6197
70.6932
70.7704
70.843
70.9235
71.0024
71.076
71.1431
71.2175
71.2957
71.3662
71.4438
71.5162
71.5909
71.6622
71.734
71.8058
71.8847
71.956
72.0218
72.0852
72.1513
72.2155
72.2857
72.3655
72.4286
72.5031
72.5713
72.6381
72.7103
72.7772
72.8485
72.9217
72.9974
73.0678
73.1439
73.207
73.2742
73.3407
73.4122
73.4863
73.5522
73.6175
73.6862
73.7545
73.8284
73.9005
73.9678
74.037
74.1025
74.1801
74.2407
74.2997
74.3639
74.4316
74.5017
74.5689
74.6358
74.7017
74.7699
74.8338
74.8925
74.9595
75.0237
75.0859
75.1536
75.2097
75.2759
75.3343
75.3947
75.4518
75.5171
75.5775
75.6362
75.7034
75.7637
75.8208
75.88
75.9408
76.0051
76.058
76.119
76.1853
76.2423
76.308
76.3678
76.4258
76.4861
76.5429
76.6
76.6599
76.7192
76.7746
76.8331
76.8879
76.9505
77.0086
77.0623
77.1176
77.1761
77.2311
77.2917
77.343
77.3997
77.4557
77.5146
77.5709
77.6261
77.6899
77.7458
77.8002
77.8598
77.9141
77.9683
78.0224
78.0751
78.1309
78.1854
78.2441
78.3026
78.3525
78.4088
78.4578
78.5104
78.555
78.605
78.6596
78.7091
78.7549
78.8056
78.8601
78.9148
78.9676
79.0177
79.0711
79.1214
79.1725
79.2289
79.2777
79.3278
79.3773
79.4295
79.4809
79.5265
79.5831
79.6317
79.6792
79.7294
79.7791
79.8323
79.8839
79.934
