1
2
2.5
2.83333
3.08333
3.28333
3.95
4.09286
4.34286
4.56508
6.91572
8.7649
10.7915
13.9311
16.5086
18.1827
19.4665
20.5818
21.4814
22.3312
23.1275
23.8419
24.5659
25.3026
25.9114
26.4987
27.0352
27.5156
27.9645
28.39
28.7653
29.1977
29.612
30.0177
30.4235
30.7941
31.1949
31.5225
31.9226
32.2652
32.6274
32.9351
33.2679
33.576
33.8965
34.189
34.4825
34.7402
35.0149
35.2996
35.5852
35.8373
36.1086
36.3461
36.5951
36.8177
37.0324
37.2767
37.5114
37.7235
37.9718
38.1994
38.4485
38.664
38.8828
39.0889
39.303
39.4847
39.6812
39.884
40.0765
40.262
40.4484
40.6377
40.8253
41.0153
41.1725
41.3375
41.524
41.698
41.8553
42.0101
42.1893
42.3593
42.5159
42.6851
42.8574
43.031
43.1872
43.346
43.5008
43.6585
43.8039
43.9527
44.0947
44.229
44.3687
44.5007
44.6503
44.7854
44.9386
45.0881
45.2419
45.3879
45.5163
45.643
45.7868
45.9154
46.0527
46.1833
46.3103
46.4494
46.5807
46.7078
46.8256
46.9605
47.0899
47.2221
47.3619
47.4903
47.6167
47.7403
47.8692
47.9881
48.1131
48.2527
48.3998
48.5534
48.692
48.8138
48.9452
49.0793
49.2078
49.339
49.4682
49.5969
49.7187
49.8358
49.9691
50.085
50.2073
50.3343
50.4584
50.5945
50.7133
50.8386
50.9703
51.0992
51.2344
51.3553
51.4744
51.6001
51.731
51.842
51.9709
52.0694
52.1878
52.3024
52.4165
52.5425
52.6575
52.78
52.8991
53.0094
53.1165
53.2304
53.3459
53.4538
53.5631
53.6701
53.7683
53.8614
53.9631
54.0776
54.1881
54.3064
54.412
54.5111
54.6146
54.7184
54.8243
54.9307
55.0325
55.1254
55.2281
55.332
55.423
55.528
55.6385
55.7383
55.8296
55.9198
56.0118
56.1106
56.2131
56.3014
56.392
56.4873
56.5725
56.6645
56.7564
56.857
56.9348
57.0249
57.1151
57.206
57.2976
57.3872
57.4802
57.5569
57.643
57.7286
57.8108
57.8924
57.9801
58.0598
58.1448
58.2319
58.317
58.4111
58.4969
58.5855
58.6702
58.7476
58.8271
58.9121
58.9925
59.0733
59.1509
59.2264
59.3012
59.3824
59.4643
59.5394
59.6186
59.7013
59.7803
59.8595
59.9359
60.0137
60.0864
60.1577
60.2408
60.3133
60.3891
60.4597
60.5422
60.6192
60.6895
60.7639
60.8324
60.909
60.9842
61.0558
61.1287
61.1968
61.2644
61.3393
61.4144
61.4897
61.5546
61.6324
61.6969
61.7638
61.8277
61.8989
61.9736
62.0397
62.1064
62.1739
62.2428
62.3144
62.3785
62.4456
62.5111
62.5758
62.6445
62.7123
62.7809
62.8504
62.9158
62.9733
63.0408
63.1074
63.1733
63.2374
63.2955
63.3628
63.4238
63.4879
63.5561
63.6238
63.6901
63.763
63.8275
63.8918
63.9583
64.0321
64.1018
64.1634
64.2169
64.2789
64.3384
64.4023
64.4653
64.5249
64.5897
64.6527
64.7189
64.784
64.8462
64.9179
64.9829
65.0432
65.1073
65.1705
65.2234
65.2795
65.338
65.3959
65.4596
65.5244
65.5829
65.6472
65.706
65.7651
65.8269
65.8927
65.949
66.0068
66.0678
66.1281
66.189
66.2463
66.3163
66.3832
66.4379
66.496
66.556
66.6151
66.6789
66.7389
66.8
66.8616
66.9283
66.9874
67.0472
67.1045
67.1655
67.2283
67.2859
67.3452
67.4117
67.4734
67.5376
67.5964
67.658
67.7245
67.7865
67.8488
67.9097
67.9695
68.029
68.0938
68.1639
68.2319
68.2917
68.3528
68.4194
68.4816
68.5474
68.6037
68.6665
68.7239
68.7898
68.8509
68.9043
68.9702
69.0322
69.0881
69.1457
69.2098
69.2673
69.3329
69.3939
69.4528
69.5149
69.5733
69.6323
69.6917
69.7547
69.8151
69.8729
69.9374
69.9968
70.0592
70.123
70.1831
70.2388
70.2988
70.3551
70.415
70.476
70.5362
70.5941
70.6477
70.7076
70.768
70.8324
70.8894
70.9465
71.0107
71.0691
71.1232
71.1794
71.2331
71.2937
71.3438
71.402
71.466
71.5253
71.5861
71.6436
71.7045
71.7636
71.824
71.8786
71.9415
72.005
72.0596
72.1156
72.1834
72.2451
72.3037
72.3573
72.4212
72.4794
72.5368
72.5885
72.6507
72.7084
72.7676
72.825
72.8836
72.9346
72.9881
73.0446
73.1057
73.1587
73.2141
73.2688
73.3289
73.3832
73.4334
73.4916
73.5475
73.6055
73.6558
73.7117
73.763
73.8237
73.8852
73.9333
73.9927
74.0454
74.1019
74.1572
74.2115
74.2694
74.3216
74.3758
74.4315
74.4854
74.5401
74.5989
74.6516
74.7086
74.7658
74.8179
74.872
74.928
74.9861
75.0466
75.0974
75.1559
75.2099
75.2665
75.3203
75.3733
75.4312
75.4799
75.5361
75.5934
75.6464
75.6999
75.7571
75.8146
75.874
75.9309
75.9837
76.0377
76.0935
76.1455
76.2009
76.2543
76.3052
76.3563
76.413
76.465
76.523
76.5776
76.6292
76.6846
76.7364
76.7875
76.8459
76.8976
76.9504
77.007
77.0621
77.1171
77.1715
77.2195
77.2765
77.3279
77.3765
77.428
77.4788
77.5312
77.5815
77.6281
77.6831
77.7359
77.7886
77.8448
77.8986
77.9418
77.9909
78.04
78.0925
78.1421
78.1937
78.2393
78.2885
78.3369
78.3854
78.4371
78.4865
78.5329
78.5829
78.6308
78.6852
78.7352
78.7848
78.8338
78.8844
78.9296
78.9758
79.0243
79.0755
79.1198
79.1729
79.2143
79.2635
79.3104
79.3562
79.4053
79.4528
79.5028
79.5548
79.5958
79.6453
79.689
79.7319
79.7815
79.8306
79.8729
79.9156
79.9656
80.0093
80.0542
80.099
80.1442
80.1857
80.2293
80.2763
80.3197
80.3643
80.4097
80.4549
80.4968
80.5386
80.5811
80.6225
80.664
80.707
80.7487
80.7987
80.8435
80.884
80.9218
80.9649
81.0083
81.0538
81.0976
81.1378
81.1811
81.2239
81.2652
81.3085
81.3486
81.3895
81.428
81.4666
81.5049
81.5429
81.5826
81.6216
81.6604
81.7075
81.7432
81.7828
81.8231
81.8606
81.8995
81.9368
81.9838
82.0242
82.0629
82.0986
82.1374
82.1776
82.2176
82.2543
82.2918
82.3294
82.3697
82.4087
82.4473
82.4902
82.5287
82.5642
82.6036
82.6405
82.676
82.7125
82.7513
82.7956
82.8331
82.8701
82.9091
82.9477
82.9816
83.0179
83.0606
83.0929
83.1302
83.1668
83.2004
83.2341
83.2676
83.3042
83.3363
83.3702
83.4102
83.4458
83.4837
83.5223
83.5623
83.5972
83.6328
83.6694
83.7106
83.7474
83.7829
83.8184
83.8525
83.8889
83.9228
83.9568
83.9918
84.0261
84.0628
84.0979
84.1346
84.1707
84.2098
84.2442
84.2778
84.3128
84.3489
84.3829
84.4169
84.4491
84.4828
84.5143
84.5473
84.5841
84.6188
84.6534
84.6869
84.7198
84.7547
84.7887
84.8259
84.8581
84.8926
84.9274
84.9619
84.9928
85.0263
85.06
85.09
85.1241
85.1564
85.1881
85.2198
85.2523
85.2851
85.3194
85.3483
85.3811
85.4128
85.4472
85.4815
85.5179
85.5489
85.5801
85.6128
85.6475
85.6808
85.7118
85.7477
85.7794
85.814
85.8439
85.8777
85.9112
85.9428
85.9749
86.0085
86.043
86.0746
86.1055
86.1405
86.1764
86.2076
86.2397
86.2698
86.2978
86.3283
86.3598
86.3908
86.4211
86.4557
86.4865
86.5214
86.5516
86.5849
86.6171
86.647
86.6776
86.7055
86.7355
86.7658
86.7979
86.8307
86.8606
86.8931
86.9235
86.9558
86.9892
87.0243
87.057
87.0865
87.1239
87.1578
87.1895
87.2235
87.2547
87.2828
87.3139
87.3449
87.3755
87.4052
87.4371
87.4694
87.5019
87.5333
87.5638
87.5942
87.6226
87.6539
87.6889
87.7202
87.7558
87.7847
87.8172
87.8505
87.8822
87.9139
87.9423
87.9739
88.0051
88.037
88.0705
88.1008
88.1307
88.1642
88.1901
88.22
88.2516
88.284
88.3116
88.341
88.3749
88.4098
88.4439
88.4707
88.5026
88.5337
88.5643
88.594
88.6271
88.6597
88.686
88.7172
88.7457
88.7765
88.8069
88.8366
88.8657
88.8964
88.927
88.9574
88.9858
89.017
89.0484
89.0821
89.1098
89.1397
89.1694
89.201
89.2303
89.2631
89.2932
89.3214
89.3478
89.3752
89.4051
89.433
89.4647
89.4955
89.5259
89.556
89.5853
89.6194
89.6485
89.6762
89.7078
89.7381
89.7645
89.7943
89.8246
89.8571
89.8839
89.9126
89.9445
89.972
90.0005
90.0307
90.06
90.0873
90.1172
90.1461
90.1742
90.201
90.2269
90.2557
90.2893
90.3185
90.35
90.3781
90.4069
90.4378
90.4658
90.4945
90.5209
90.551
90.5804
90.6102
90.6379
90.6653
90.6941
90.7234
90.7478
90.7764
90.8059
90.8328
90.8622
90.8924
90.9169
90.9462
90.9777
91.0084
91.0344
91.0608
91.0872
91.1179
91.1485
91.1785
91.2083
91.237
91.2645
91.2902
91.3188
91.3473
91.3785
91.4068
91.4356
91.4627
91.4905
91.5197
91.5488
91.5786
91.6062
91.634
91.6622
91.6899
91.721
91.7496
91.7818
91.8087
91.835
91.8621
91.893
91.9182
91.9474
91.9743
92.006
92.0371
92.0664
92.1
92.1297
92.1593
92.1915
92.2195
92.2475
92.2757
92.3048
92.3344
92.3636
92.3914
92.4177
92.4475
92.4782
92.5068
92.5361
92.5631
92.5951
92.626
92.6557
92.682
92.7122
92.7434
92.772
92.8073
92.8393
92.8705
92.8957
92.9265
92.9566
92.9849
93.0155
93.0479
93.0782
93.1099
93.1381
93.1667
93.1985
93.2296
93.2573
93.2871
93.3182
93.3515
93.3863
93.4193
93.4502
93.4817
93.5102
93.5393
93.57
93.6015
93.6315
93.6611
93.6918
93.7247
93.7559
93.7836
93.8168
93.8453
93.8744
93.9067
93.939
93.9669
93.9982
94.0284
94.0593
94.0871
94.1154
94.1445
94.1759
94.2076
94.2384
94.2706
94.3033
94.3304
94.3602
94.3972
94.4342
94.4632
94.495
94.5268
94.5591
94.5938
94.628
94.6607
94.6916
94.7241
94.7552
94.7897
94.8243
94.8547
94.8883
94.9191
94.9484
94.9802
95.0125
95.0417
95.0761
95.1068
95.1405
95.1756
95.208
95.2424
95.2749
95.3084
95.3438
95.3771
95.4111
95.4442
95.48
95.5127
95.5459
95.58
95.6138
95.6459
95.6807
95.7153
95.7491
95.7822
95.8161
95.8498
95.8823
95.9214
95.9566
95.9931
96.0286
96.0641
96.0984
96.1335
96.1655
96.1987
96.2319
96.2683
96.3087
96.3404
96.3704
96.4051
96.445
96.4814
96.5133
96.5469
96.5814
96.6141
96.6487
96.6824
96.7165
96.7518
96.7819
96.8154
96.8507
96.8831
96.921
96.9578
96.9967
97.03
97.0694
97.1025
97.1425
97.1782
97.2166
97.2527
97.2886
97.3246
97.3597
97.396
97.4272
97.4628
97.503
97.5377
97.5749
97.6117
97.648
97.686
97.7262
97.7619
97.8015
97.8391
97.8732
97.9065
97.9416
97.9778
98.012
98.0505
98.0867
98.124
98.1636
98.2
98.2381
98.2741
98.3141
98.3496
98.3883
98.4233
98.46
98.4939
98.5317
98.5703
98.6056
98.6411
98.6817
98.7183
98.753
98.7889
98.8279
98.8644
98.901
98.9399
98.9767
99.0135
99.0498
99.0798
99.1174
99.1513
99.188
99.2261
99.2647
99.2968
99.3321
99.3704
99.4066
99.4455
99.4806
99.5123
99.5477
99.5848
99.6236
99.6612
99.697
99.7309
99.7676
99.804
99.8418
99.8774
99.91
99.9458
99.9844
100.022
100.059
100.091
100.128
100.163
100.199
100.229
100.266
100.301
100.338
100.376
100.412
100.447
100.485
100.52
100.558
100.593
100.626
100.66
100.693
100.729
100.762
100.799
100.835
100.867
100.905
100.941
100.979
101.012
101.047
101.083
101.119
101.152
101.187
101.222
101.255
101.288
101.323
101.352
101.385
101.42
101.456
101.493
101.527
101.563
101.594
101.629
101.663
101.698
101.729
101.762
101.798
101.832
101.864
101.896
101.931
101.961
101.992
102.025
102.062
102.094
102.13
102.163
102.196
102.228
102.259
102.291
102.324
102.358
102.389
102.421
102.46
102.492
102.527
102.56
102.594
102.63
102.661
102.697
102.728
102.761
102.794
102.825
102.857
102.888
102.925
102.954
102.99
103.021
103.051
103.083
103.115
103.149
103.182
103.215
103.246
103.285
103.316
103.348
103.382
103.414
103.445
103.48
103.513
103.545
103.576
103.607
103.641
103.669
103.701
103.733
103.766
103.797
103.829
103.864
103.893
103.926
103.954
103.985
104.016
104.048
104.079
104.11
104.136
104.166
104.195
104.224
104.256
104.288
104.321
104.355
104.385
104.415
104.443
104.475
104.507
104.538
104.571
104.607
104.637
104.665
104.698
104.728
104.76
104.79
104.819
104.853
104.882
104.915
104.946
104.978
105.011
105.04
105.072
105.105
105.137
105.167
105.198
105.229
105.261
105.292
105.325
105.354
105.386
105.419
105.447
105.477
105.508
105.536
105.565
105.596
105.626
105.656
105.683
105.713
105.739
105.766
105.796
105.826
105.856
105.886
105.917
105.944
105.973
106.001
106.031
106.06
106.09
106.119
106.149
106.18
106.208
106.236
106.264
106.295
106.323
106.353
106.382
106.415
106.443
106.471
106.5
106.532
106.561
106.592
106.622
106.649
106.677
106.706
106.736
106.764
106.791
106.819
106.846
106.877
106.907
106.935
106.966
106.994
107.022
107.049
107.075
107.103
107.128
107.156
107.186
107.213
107.243
107.27
107.301
107.331
107.357
107.386
107.411
107.441
107.467
107.495
107.52
107.55
107.578
107.606
107.633
107.659
107.689
107.714
107.74
107.771
107.798
107.831
107.859
107.886
107.917
107.944
107.973
108.001
108.028
108.056
108.085
108.113
108.14
108.165
108.194
108.219
108.248
108.277
108.302
108.33
108.359
108.384
108.412
108.442
108.467
108.494
108.521
108.548
108.573
108.603
108.63
108.657
108.686
108.711
108.736
108.766
108.795
108.82
108.85
108.878
108.904
108.928
108.957
108.984
109.013
109.043
109.071
109.1
109.128
109.155
109.182
109.212
109.24
109.268
109.294
109.322
109.349
109.377
109.403
109.434
109.46
109.486
109.515
109.542
109.569
109.596
109.623
109.65
109.677
109.702
109.73
109.758
109.786
109.812
109.838
109.865
109.89
109.918
109.944
109.973
109.998
110.024
110.051
110.078
110.105
110.133
110.162
110.192
110.222
110.25
110.277
110.303
110.333
110.36
110.388
110.413
110.44
110.466
110.492
110.523
110.55
110.578
110.605
110.631
110.658
110.685
110.712
110.738
110.764
110.789
110.815
110.844
110.871
110.901
110.925
110.952
110.978
111.004
111.031
111.057
111.085
111.113
111.139
111.169
111.198
111.227
111.254
111.282
111.308
111.335
111.359
111.384
111.409
111.437
111.463
111.489
111.521
111.549
111.573
111.6
111.627
111.653
111.678
111.704
111.731
111.756
111.786
111.81
111.838
111.865
111.892
111.919
111.944
111.97
112.001
112.027
112.052
112.077
112.1
112.125
112.153
112.182
112.211
112.235
112.26
112.287
112.315
112.342
112.368
112.392
112.421
112.447
112.473
112.502
112.529
112.554
112.582
112.606
112.635
112.66
112.687
112.713
112.739
112.764
112.79
112.817
112.848
112.872
112.897
112.922
112.946
112.971
112.996
113.021
113.046
113.071
113.095
113.121
113.143
113.17
113.194
113.225
113.252
113.275
113.301
113.327
113.355
113.383
113.411
113.437
113.461
113.485
113.511
113.534
113.56
113.584
113.61
113.637
113.664
113.692
113.714
113.739
113.764
113.789
113.816
113.84
113.863
113.89
113.918
113.942
113.967
113.993
114.019
114.043
114.07
114.095
114.122
114.147
114.171
114.193
114.218
114.245
114.271
114.297
114.324
114.349
114.376
114.402
114.423
114.447
114.471
114.496
114.519
114.544
114.568
114.59
114.616
114.643
114.668
114.693
114.717
114.741
114.763
114.787
114.816
114.838
114.861
114.887
114.912
114.937
114.965
114.99
115.016
115.041
115.065
115.088
115.112
115.138
115.161
115.185
115.211
115.234
115.257
115.281
115.304
115.325
115.35
115.376
115.4
115.425
115.449
115.472
115.496
115.518
115.543
115.568
115.595
115.618
115.639
115.664
115.687
115.709
115.732
115.755
115.779
115.803
115.828
115.851
115.874
115.896
115.918
115.942
115.965
115.99
116.011
116.037
116.06
116.084
116.108
116.13
116.153
116.179
116.204
116.227
116.249
116.276
116.301
116.325
116.351
116.376
116.398
116.422
116.446
116.471
116.495
116.52
116.539
116.563
116.586
116.611
116.636
116.66
116.684
116.708
116.732
116.757
116.783
116.807
116.829
116.854
116.878
116.9
116.922
116.945
116.968
116.989
117.013
117.038
117.061
117.081
117.108
117.13
117.154
117.177
117.202
117.225
117.25
117.276
117.298
117.321
117.343
117.367
117.391
117.414
117.439
117.462
117.487
117.511
117.535
117.559
117.582
117.606
117.629
117.653
117.677
117.703
117.727
117.75
117.773
117.796
117.819
117.84
117.862
117.886
117.909
117.938
117.96
117.981
118.006
118.03
118.056
118.082
118.106
118.129
118.151
118.176
118.2
118.222
118.244
118.266
118.29
118.314
118.336
118.358
118.382
118.402
118.427
118.452
118.474
118.497
118.522
118.543
118.565
118.588
118.612
118.638
118.663
118.687
118.711
118.732
118.755
118.777
118.801
118.824
118.848
118.873
118.896
118.921
118.945
118.969
118.993
119.018
119.041
119.065
119.089
119.111
119.135
119.159
119.182
119.207
119.231
119.254
119.276
119.301
119.323
119.345
119.368
119.389
119.413
119.438
119.462
119.487
119.511
119.534
119.556
119.579
119.601
119.626
119.652
119.674
119.698
119.72
119.742
119.764
119.788
119.817
119.839
119.864
119.888
119.908
119.933
119.958
119.98
120.002
120.026
120.049
120.072
120.094
120.115
120.138
120.163
120.184
120.206
120.23
120.251
120.274
120.296
120.319
120.343
120.364
120.387
120.406
120.432
120.456
120.482
120.505
120.529
120.553
120.577
120.601
120.624
120.645
120.669
120.691
120.715
120.738
120.76
120.783
120.811
120.834
120.857
120.88
120.901
120.925
120.949
120.976
121
121.022
121.043
121.067
121.09
121.113
121.136
121.162
121.185
121.209
121.234
121.257
121.281
121.305
121.331
121.354
121.378
121.4
121.421
121.444
121.47
121.494
121.516
121.537
121.563
121.588
121.612
121.633
121.653
121.677
121.701
121.723
121.747
121.769
121.794
121.82
121.841
121.862
121.886
121.911
121.935
121.959
121.982
122.004
122.03
122.054
122.079
122.102
122.126
122.15
122.174
122.197
122.219
122.245
122.268
122.292
122.315
122.337
122.361
122.384
122.409
122.433
122.456
122.478
122.502
122.529
122.554
122.576
122.6
122.624
122.652
122.677
122.703
122.727
122.751
122.773
122.797
122.824
122.848
122.872
122.895
122.921
122.948
122.973
122.995
123.019
123.042
123.067
123.093
123.115
123.14
123.163
123.188
123.21
123.232
123.255
123.278
123.3
123.323
123.35
123.373
123.397
123.422
123.447
123.471
123.494
123.519
123.541
123.562
123.587
123.611
123.633
123.656
123.679
123.704
123.728
123.753
123.777
123.801
123.826
123.849
123.874
123.898
123.922
123.945
123.97
123.994
124.015
124.037
124.06
124.087
124.112
124.135
124.156
124.178
124.202
124.225
124.249
124.271
124.296
124.32
124.347
124.37
124.394
124.418
124.445
124.471
124.495
124.517
124.541
124.566
124.591
124.613
124.637
124.66
124.684
124.709
124.729
124.752
124.776
124.801
124.829
124.85
124.874
124.896
124.921
124.947
124.969
124.994
125.016
125.039
125.061
125.084
125.108
125.133
125.155
125.181
125.206
125.229
125.254
125.277
125.3
125.323
125.347
125.371
125.397
125.422
125.448
125.473
125.495
125.518
125.541
125.564
125.588
125.618
125.642
125.667
125.692
125.714
125.739
125.76
125.783
125.807
125.831
125.855
125.88
125.904
125.927
125.951
125.976
125.998
126.021
126.046
126.069
126.095
126.118
126.141
126.164
126.189
126.214
126.237
126.26
126.284
126.31
126.333
126.359
126.382
126.406
126.43
126.452
126.478
126.502
126.525
126.549
126.57
126.595
126.618
126.639
126.665
126.69
126.711
126.736
126.762
126.785
126.809
126.834
126.858
126.883
126.904
126.927
126.951
126.976
127
127.027
127.052
127.075
127.1
127.125
127.149
127.172
127.194
127.219
127.243
127.266
127.292
127.316
127.339
127.364
127.384
127.407
127.433
127.458
127.483
127.507
127.532
127.553
127.576
127.598
127.623
127.648
127.672
127.696
127.719
127.744
127.768
127.793
127.816
127.841
127.866
127.89
127.912
127.937
127.961
127.987
128.012
128.035
128.056
128.081
128.104
128.127
128.151
128.175
128.198
128.223
128.248
128.274
128.299
128.326
128.348
128.371
128.395
128.419
128.444
128.466
128.491
128.514
128.536
128.561
128.584
128.606
128.631
128.655
128.678
128.704
128.728
128.752
128.777
128.802
128.825
128.848
128.871
128.894
128.919
128.942
128.967
128.991
129.012
129.037
129.061
129.085
129.113
129.137
129.16
129.183
129.207
129.231
129.255
129.278
129.303
129.326
129.349
129.374
129.397
129.422
129.447
129.472
129.496
129.52
129.543
129.568
129.589
129.612
129.634
129.655
129.679
129.706
129.728
129.748
129.772
129.796
129.819
129.842
129.865
129.889
129.914
129.938
129.96
129.981
130.005
130.029
130.052
130.075
130.098
130.119
130.143
130.163
130.184
130.207
130.234
130.257
130.282
130.305
130.326
130.351
130.374
130.397
130.417
130.44
130.462
130.484
130.506
130.529
130.552
130.575
130.597
130.617
130.64
130.662
130.688
130.709
130.732
130.751
130.773
130.795
130.815
130.838
130.861
130.885
130.907
130.929
130.954
130.976
130.999
131.021
131.045
131.064
131.085
131.109
131.131
131.153
131.175
131.195
131.217
131.24
131.261
131.284
131.307
131.328
131.351
131.371
131.392
131.418
131.438
131.461
131.482
131.503
131.527
131.547
131.568
131.589
131.609
131.63
131.65
131.673
131.693
131.715
131.735
131.754
131.778
131.798
131.817
131.838
131.858
131.88
131.901
131.922
131.943
131.963
131.985
132.006
132.025
132.045
132.065
132.088
132.109
132.129
132.151
132.173
132.192
132.212
132.231
132.251
132.272
132.291
132.31
132.329
132.351
132.371
132.392
132.41
132.43
132.45
132.472
132.493
132.514
132.534
132.552
132.573
132.595
132.616
132.637
132.657
132.677
132.698
132.719
132.741
132.761
132.781
132.8
132.821
132.842
132.863
132.882
132.903
132.922
132.941
132.959
132.98
133.001
133.018
133.04
133.06
133.078
133.099
133.12
133.14
133.157
133.179
133.199
133.217
133.239
133.26
133.28
133.298
133.317
133.338
133.356
133.376
133.395
133.414
133.433
133.452
133.469
133.488
133.507
133.525
133.545
133.565
133.584
133.601
133.622
133.641
133.66
133.68
133.699
133.718
133.735
133.754
133.774
133.791
133.809
133.829
133.848
133.868
133.888
133.906
133.926
133.946
133.966
133.985
134.004
134.022
134.04
134.059
134.079
134.099
134.118
134.137
134.155
134.175
134.196
134.214
134.233
134.251
134.269
134.289
134.307
134.325
134.343
134.36
134.38
134.401
134.418
134.437
134.457
134.475
134.494
134.513
134.531
134.549
134.566
134.583
134.6
134.619
134.637
134.656
134.673
134.691
134.709
134.727
134.745
134.764
134.783
134.801
134.82
134.838
134.856
134.875
134.894
134.913
134.931
134.949
134.967
134.986
135.003
135.02
135.038
135.057
135.076
135.093
135.114
135.133
135.152
135.172
135.191
135.21
135.228
135.244
135.261
135.279
135.295
135.313
135.332
135.348
135.366
135.382
135.401
135.42
135.438
135.455
135.473
135.491
135.509
135.527
135.544
135.563
135.579
135.597
135.613
135.63
135.647
135.666
135.686
135.704
135.722
135.738
135.756
135.775
135.793
135.812
135.829
135.847
135.863
135.88
135.898
135.915
135.932
135.948
135.966
135.983
136.001
136.018
136.036
136.055
136.071
136.088
136.104
136.12
136.14
136.157
136.173
136.192
136.211
136.229
136.247
136.265
136.281
136.297
136.313
136.328
136.347
136.365
136.38
136.397
136.416
136.434
136.453
136.469
136.484
136.5
136.518
136.538
136.555
136.572
136.59
136.607
136.624
136.641
136.658
136.675
136.692
136.712
136.731
136.749
136.765
136.783
136.8
136.819
136.835
136.852
136.87
136.887
136.905
136.922
136.941
136.958
136.974
136.991
137.009
137.029
137.045
137.063
137.08
137.096
137.112
137.129
137.145
137.161
137.178
137.194
137.213
137.231
137.25
137.267
137.286
137.301
137.319
137.335
137.351
137.368
137.385
137.403
137.419
137.436
137.453
137.47
137.487
137.504
137.521
137.54
137.555
137.57
137.588
137.606
137.623
137.64
137.656
137.673
137.691
137.709
137.726
137.744
137.759
137.777
137.794
137.811
137.828
137.845
137.862
137.88
137.897
137.913
137.93
137.946
137.962
137.978
137.993
138.009
138.025
138.042
138.059
138.076
138.091
138.107
138.124
138.141
138.158
138.172
138.19
138.205
138.222
138.24
138.257
138.273
138.291
138.306
138.321
138.337
138.354
138.368
138.386
138.404
138.42
138.439
138.457
138.474
138.489
138.504
138.521
138.535
138.553
138.569
138.584
138.599
138.616
138.633
138.648
138.664
138.682
138.699
138.716
138.734
138.751
138.77
138.788
138.805
138.822
138.839
138.857
138.873
138.89
138.908
138.926
138.944
138.96
138.976
138.993
139.011
139.027
139.045
139.061
139.079
139.096
139.112
139.128
139.145
139.16
139.178
139.195
139.213
139.227
139.244
139.259
139.275
139.294
139.309
139.327
139.343
139.358
139.374
139.389
139.406
139.421
139.437
139.453
139.469
139.484
139.501
139.516
139.531
139.547
139.563
139.581
139.596
139.613
139.632
139.649
139.666
139.682
139.698
139.713
139.729
139.745
139.762
139.777
139.793
139.809
139.826
139.842
139.86
139.877
139.891
139.907
139.923
139.94
139.957
139.974
139.992
140.007
140.024
140.042
140.058
140.075
140.091
140.11
140.126
140.143
140.159
140.175
140.193
140.208
140.224
140.24
140.257
140.273
140.291
140.305
140.319
140.335
140.352
140.368
140.384
140.399
140.419
140.434
140.45
140.468
140.484
140.5
140.517
140.533
140.548
140.564
140.582
140.598
140.614
140.63
140.647
140.662
140.677
140.693
140.708
140.724
140.741
140.757
140.772
140.788
140.803
140.821
140.837
140.852
140.87
140.886
140.902
140.916
140.931
140.947
140.962
140.977
140.992
141.01
141.024
141.038
141.053
141.069
141.085
141.102
141.118
141.134
141.151
141.168
141.183
141.2
141.216
141.231
141.248
141.264
141.281
141.296
141.312
141.326
141.342
141.357
141.372
141.388
141.402
141.417
141.433
141.448
141.464
141.481
141.498
141.514
141.528
141.542
141.559
141.576
141.593
141.609
141.624
141.639
141.657
141.673
141.69
141.705
141.72
141.735
141.751
141.767
141.783
141.797
141.812
141.828
141.845
141.859
141.873
141.888
141.903
141.918
141.932
141.948
141.964
141.981
141.997
142.013
142.029
142.045
142.061
142.076
142.091
142.109
142.122
142.136
142.151
142.167
142.183
142.198
142.213
142.228
142.243
142.258
142.272
142.288
142.302
142.316
142.333
142.349
142.364
142.378
142.393
142.407
142.422
142.439
142.453
142.469
142.485
142.501
142.514
142.53
142.546
142.56
142.576
142.59
142.604
142.619
142.634
142.648
142.663
142.678
142.695
142.711
142.726
142.74
142.757
142.771
142.786
142.799
142.813
142.827
142.843
142.857
142.873
142.89
142.904
142.921
142.937
142.951
142.964
142.978
142.994
143.007
143.022
143.037
143.051
143.066
143.079
143.094
143.107
143.122
143.135
143.149
143.164
143.178
143.192
143.204
143.22
143.234
143.248
143.263
143.278
143.292
143.307
143.32
143.335
143.35
143.363
143.376
143.391
143.406
143.419
143.433
143.447
143.461
143.475
143.49
143.504
143.518
143.533
143.547
143.561
143.576
143.59
143.604
143.617
143.63
143.643
143.657
143.672
143.684
143.698
143.712
143.726
143.741
143.756
143.77
143.784
143.798
143.813
143.828
143.842
143.857
143.872
143.886
143.898
143.914
143.927
143.94
143.953
143.966
143.982
143.996
144.009
144.023
144.037
144.051
144.065
144.08
144.094
144.11
144.125
144.138
144.154
144.168
144.182
144.196
144.21
144.224
144.238
144.252
144.265
144.279
144.293
144.306
144.321
144.336
144.349
144.361
144.375
144.389
144.402
144.416
144.43
144.445
144.457
144.47
144.483
144.497
144.509
144.524
144.535
144.55
144.564
144.578
144.591
144.605
144.618
144.631
144.643
144.656
144.67
144.682
144.697
144.711
144.724
144.736
144.749
144.762
144.775
144.789
144.804
144.817
144.829
144.844
144.858
144.872
144.884
144.896
144.911
144.924
144.938
144.951
144.966
144.979
144.992
145.006
145.019
145.031
145.044
145.056
145.069
145.082
145.094
145.106
145.12
145.135
145.146
145.159
145.173
145.185
145.199
145.212
145.225
145.238
145.252
145.266
145.279
145.292
145.304
145.319
145.331
145.345
145.358
145.371
145.384
145.396
145.408
145.42
145.434
145.448
145.461
145.475
145.488
145.501
145.515
145.526
145.539
145.553
145.565
145.577
145.591
145.604
145.617
145.63
145.643
145.655
145.669
145.684
145.697
145.71
145.723
145.737
145.75
145.765
145.779
145.791
145.803
145.815
145.828
145.841
145.854
145.868
145.88
145.894
145.906
145.919
145.931
145.945
145.957
145.969
145.982
145.995
146.007
146.02
146.033
146.046
146.058
146.069
146.08
146.092
146.105
146.12
146.133
146.146
146.157
146.169
146.182
146.194
146.205
146.217
146.231
146.243
146.256
146.269
146.281
146.293
146.305
146.318
146.33
146.343
146.356
146.369
146.38
146.393
146.406
146.418
146.43
146.443
146.454
146.468
146.481
146.494
146.507
146.519
146.531
146.544
146.557
146.569
146.581
146.593
146.605
146.619
146.632
146.646
146.66
146.673
146.685
146.696
146.708
146.72
146.732
146.744
146.756
146.769
146.782
146.794
146.806
146.817
146.83
146.843
146.853
146.866
146.878
146.891
146.902
146.915
146.927
146.94
146.954
146.965
146.977
146.989
147.002
147.014
147.028
147.039
147.051
147.062
147.075
147.087
147.099
147.112
147.124
147.135
147.147
147.159
147.17
147.181
147.194
147.205
147.216
147.229
147.242
147.255
147.267
147.279
147.291
147.302
147.315
147.327
147.338
147.351
147.362
147.374
147.386
147.397
147.41
147.421
147.434
147.446
147.458
147.469
147.481
147.492
147.503
147.515
147.527
147.538
147.55
147.561
147.575
147.587
147.598
147.61
147.62
147.634
147.646
147.658
147.669
147.681
147.693
147.704
147.716
147.727
147.738
147.75
147.761
147.772
147.785
147.797
147.809
147.82
147.832
147.845
147.857
147.868
147.879
147.892
147.903
147.914
147.927
147.939
147.951
147.963
147.975
147.987
147.999
148.01
148.023
148.033
148.046
148.058
148.07
148.081
148.091
148.101
148.113
148.125
148.138
148.149
148.161
148.172
148.185
148.197
148.208
148.22
148.232
148.243
148.253
148.266
148.278
148.289
148.302
148.313
148.324
148.337
148.349
148.361
148.372
148.383
148.395
148.406
148.418
148.43
148.441
148.453
148.464
148.475
148.487
148.498
148.509
148.521
148.532
148.543
148.555
148.566
148.578
148.59
148.601
148.613
148.625
148.636
148.649
148.66
148.669
148.68
148.692
148.703
148.715
148.726
148.736
148.747
148.759
148.77
148.783
148.794
148.804
148.816
148.827
148.837
148.849
148.859
148.87
148.882
148.894
148.906
148.919
148.93
148.942
148.954
148.965
148.976
148.987
148.998
149.009
149.021
149.032
149.042
149.053
149.063
149.075
149.085
149.096
149.108
149.119
149.131
149.142
149.153
149.165
149.175
149.186
149.196
149.206
149.219
149.231
149.243
149.256
149.267
149.279
149.29
149.302
149.313
149.325
149.334
149.346
149.359
149.371
149.382
149.393
149.404
149.416
149.428
149.441
149.453
149.464
149.476
149.487
149.499
149.509
149.52
149.532
149.543
149.553
149.563
149.575
149.588
149.599
149.609
149.622
149.634
149.645
149.657
149.667
149.679
149.691
149.703
149.714
149.724
149.734
149.747
149.757
149.77
149.78
149.791
149.801
149.812
149.823
149.834
149.845
149.856
149.867
149.878
149.89
149.903
149.914
149.925
149.936
149.947
149.957
149.967
149.979
149.991
150.002
150.014
150.024
150.034
150.045
150.056
150.067
150.079
150.091
150.103
150.116
150.126
150.138
150.149
150.16
150.172
150.184
150.196
150.207
150.22
150.231
150.242
150.253
150.264
150.275
150.288
150.3
150.311
150.322
150.332
150.343
150.354
150.366
150.378
150.387
150.399
150.41
150.419
150.43
150.44
150.452
150.462
150.473
150.485
150.497
150.507
150.517
150.528
150.539
150.551
150.563
150.574
150.585
150.596
150.608
150.619
150.631
150.642
150.653
150.664
150.675
150.686
150.699
150.709
150.718
150.728
150.739
150.75
150.761
150.774
150.785
150.797
150.806
150.817
150.828
150.839
150.849
150.86
150.871
150.88
150.891
150.903
150.913
150.924
150.935
150.947
150.957
150.967
150.977
150.986
150.998
151.01
151.021
151.032
151.043
151.054
151.065
151.076
151.086
151.098
151.109
151.12
151.131
151.142
151.152
151.164
151.175
151.186
151.195
151.206
151.218
151.228
151.24
151.251
151.261
151.272
151.283
151.294
151.305
151.317
151.328
151.34
151.349
151.36
151.371
151.382
151.394
151.405
151.417
151.428
151.439
151.45
151.461
151.472
151.482
151.494
151.506
151.516
151.528
151.539
151.552
151.562
151.573
151.584
151.595
151.606
151.617
151.628
151.639
151.651
151.661
151.672
151.684
151.694
151.706
151.715
151.726
151.738
151.749
151.762
151.774
151.788
151.799
151.808
151.82
151.831
151.842
151.854
151.865
151.875
151.884
151.896
151.907
151.917
151.928
151.939
151.95
151.961
151.972
151.982
151.992
152.003
152.015
152.026
152.037
152.049
152.06
152.072
152.083
152.094
152.105
152.115
152.126
152.137
152.148
152.159
152.171
152.181
152.193
152.204
152.214
152.225
152.236
152.247
152.257
152.268
152.28
152.292
152.303
152.314
152.325
152.337
152.349
152.359
152.369
152.38
152.391
152.402
152.413
152.425
152.436
152.447
152.46
152.471
152.482
152.492
152.503
152.515
152.526
152.536
152.547
152.559
152.57
152.58
152.591
152.601
152.613
152.624
152.635
152.645
152.656
152.667
152.678
152.689
152.699
152.71
152.721
152.732
152.743
152.752
152.763
152.774
152.786
152.797
152.808
152.818
152.83
152.84
152.851
152.861
152.872
152.884
152.895
152.905
152.916
152.928
152.94
152.951
152.961
152.973
152.984
152.994
153.005
153.016
153.028
153.039
153.05
153.061
153.072
153.083
153.094
153.105
153.116
153.127
153.138
153.149
153.161
153.172
153.184
153.194
153.204
153.217
153.229
153.239
153.252
153.262
153.273
153.286
153.298
153.308
153.32
153.332
153.342
153.352
153.363
153.375
153.386
153.395
153.405
153.416
153.426
153.437
153.449
153.458
153.469
153.48
153.49
153.502
153.512
153.522
153.534
153.545
153.556
153.566
153.577
153.588
153.598
153.608
153.62
153.631
153.642
153.654
153.666
153.678
153.69
153.702
153.713
153.723
153.734
153.745
153.756
153.768
153.779
153.79
153.802
153.813
153.824
153.836
153.846
153.859
153.869
153.88
153.891
153.9
153.911
153.923
153.934
153.944
153.955
153.966
153.976
153.987
153.999
154.009
154.021
154.031
154.043
154.054
154.066
154.078
154.089
154.099
154.11
154.12
154.131
154.143
154.155
154.166
154.178
154.189
154.2
154.211
154.222
154.231
154.242
154.253
154.263
154.275
154.285
154.297
154.308
