2
2.5
2.83333
3.08333
3.33333
3.58333
3.75
3.89286
4.01786
5.17617
6.30291
7.40105
8.91515
9.36013
10.6363
11.674
12.433
13.0665
13.6195
14.117
14.5985
15.0015
15.445
15.8386
16.2215
16.5284
16.8246
17.1437
17.4423
17.69
17.9495
18.2031
18.4113
18.6242
18.8258
19.0227
19.2281
19.413
19.5783
19.7313
19.8892
20.0378
20.1748
20.32
20.4561
20.5904
20.709
20.8355
20.9648
21.0891
21.2116
21.3239
21.4329
21.5483
21.6591
21.7596
21.859
21.9622
22.058
22.153
22.253
22.3509
22.4351
22.5132
22.6002
22.6746
22.7715
22.8686
22.9583
23.0327
23.1145
23.1976
23.2757
23.3631
23.4331
23.5004
23.5754
23.6449
23.7207
23.7891
23.8512
23.9273
23.9897
24.0542
24.129
24.1964
24.2653
24.326
24.3895
24.4449
24.5002
24.5603
24.6201
24.6739
24.7294
24.7802
24.831
24.889
24.9514
25.0026
25.0551
25.1117
25.1589
25.2081
25.2584
25.3083
25.3564
25.4017
25.4523
25.4972
25.544
25.5965
25.6408
25.6863
25.7412
25.7868
25.8306
25.8791
25.9224
25.9634
26.0034
26.0435
26.0975
26.1375
26.1794
26.222
26.2606
26.2996
26.3321
26.3743
26.4175
26.4566
26.4944
26.5325
26.5758
26.6155
26.6541
26.6893
26.7273
26.7623
26.8017
26.8411
26.8764
26.9127
26.946
26.9853
27.0135
27.0483
27.0854
27.1239
27.1619
27.194
27.2296
27.263
27.2922
27.3241
27.3592
27.3899
27.4212
27.4546
27.4855
27.5166
27.549
27.5751
27.6048
27.6359
27.6675
27.6975
27.7254
27.7517
27.7826
27.8124
27.8429
27.8722
27.9006
27.9276
27.9592
27.9896
28.0178
28.0474
28.0748
28.1034
28.1302
28.1585
28.1891
28.2179
28.2504
28.2798
28.3058
28.332
28.3612
28.3878
28.4176
28.4438
28.4697
28.4994
28.5258
28.5517
28.5765
28.6041
28.6275
28.654
28.6777
28.7017
28.7277
28.7543
28.7788
28.8055
28.8284
28.8493
28.8735
28.897
28.9208
28.9446
28.9675
28.991
29.0145
29.0367
29.0616
29.0834
29.1077
29.1291
29.1522
29.1766
29.1988
29.2224
29.2421
29.2655
29.2874
29.3087
29.3323
29.3521
29.3742
29.3945
29.4142
29.4359
29.4553
29.4746
29.4947
29.5182
29.5412
29.5629
29.5837
29.6021
29.6215
29.642
29.6645
29.6872
29.7115
29.7345
29.7565
29.7773
29.7976
29.817
29.8362
29.8541
29.871
29.8917
29.9113
29.9321
29.9512
29.9716
29.9898
30.0083
30.0265
30.0469
30.0661
30.0872
30.1066
30.1284
30.1468
30.1671
30.187
30.2057
30.2233
30.2424
30.26
30.2785
30.2963
30.3121
30.3301
30.3493
30.3682
30.3876
30.4065
30.4267
30.444
30.4628
30.4806
30.4975
30.5157
30.5333
30.5484
30.5678
30.5864
30.6031
30.6186
30.6364
30.6529
30.6716
30.6905
30.7085
30.7258
30.742
30.7594
30.775
30.7915
30.8093
30.8248
30.8402
30.8569
30.8738
30.889
30.9044
30.9204
30.9376
30.9525
30.9706
30.9859
31.0024
31.0173
31.0333
31.0483
31.0648
31.0805
31.0963
31.1153
31.1292
31.144
31.1599
31.1759
31.1924
31.2062
31.2226
31.2379
31.2541
31.2689
31.2856
31.3009
31.3161
31.3309
31.3465
31.3614
31.3776
31.3924
31.4081
31.4223
31.4349
31.4499
31.4642
31.4813
31.4968
31.5116
31.5268
31.5417
31.5549
31.5706
31.586
31.5996
31.6151
31.6289
31.6451
31.6607
31.6747
31.6887
31.704
31.7179
31.7335
31.7492
31.7641
31.7787
31.7913
31.8052
31.8195
31.833
31.8469
31.8617
31.8758
31.8908
31.9049
31.9205
31.9343
31.948
31.964
31.9773
31.992
32.0058
32.0193
32.0332
32.0466
32.0617
32.0747
32.0871
32.0992
32.1115
32.1245
32.1365
32.1496
32.1626
32.1771
32.1912
32.2047
32.2179
32.23
32.2437
32.2563
32.2723
32.2864
32.2998
32.3114
32.3248
32.3385
32.3514
32.3637
32.3785
32.3901
32.4042
32.4178
32.4324
32.4462
32.4589
32.4729
32.4862
32.4985
32.5092
32.5211
32.5318
32.5432
32.5575
32.5695
32.5831
32.5957
32.6089
32.6227
32.6351
32.6472
32.6602
32.6721
32.685
32.6987
32.7117
32.7247
32.7362
32.7495
32.7605
32.7725
32.7852
32.7967
32.8087
32.8216
32.8343
32.8476
32.8596
32.8719
32.8839
32.8969
32.9095
32.9218
32.9341
32.9464
32.9594
32.9715
32.9846
32.9957
33.0067
33.02
33.0317
33.0448
33.0587
33.0716
33.0831
33.0963
33.1093
33.1209
33.133
33.1457
33.1565
33.1676
33.1792
33.1923
33.2032
33.2151
33.2258
33.2366
33.2485
33.2602
33.273
33.2856
33.2967
33.3087
33.322
33.334
33.3442
33.3559
33.3682
33.3799
33.3915
33.4037
33.4154
33.4264
33.438
33.4477
33.4583
33.4689
33.48
33.4919
33.503
33.5151
33.5259
33.5367
33.5473
33.5579
33.5702
33.582
33.5928
33.6035
33.6161
33.6267
33.6374
33.6487
33.6588
33.6709
33.682
33.6929
33.7057
33.7158
33.7274
33.7393
33.7515
33.7632
33.7747
33.7864
33.7962
33.8077
33.8175
33.8279
33.8379
33.8495
33.8604
33.8713
33.8827
33.8919
33.9021
33.9126
33.9231
33.9342
33.9443
33.9539
33.965
33.9761
33.9866
33.9969
34.0091
34.0195
34.0318
34.0422
34.0537
34.0642
34.0754
34.0865
34.0962
34.1081
34.1193
34.1306
34.142
34.1529
34.1633
34.1746
34.184
34.1926
34.2033
34.2133
34.2232
34.2337
34.244
34.2544
34.2655
34.2757
34.2858
34.2957
34.3074
34.3174
34.3286
34.3382
34.3481
34.3596
34.3698
34.3801
34.3902
34.3999
34.4089
34.418
34.4276
34.4388
34.4494
34.46
34.4695
34.479
34.489
34.499
34.5078
34.5184
34.5283
34.5392
34.5492
34.558
34.5681
34.5772
34.5874
34.5964
34.6078
34.6178
34.6279
34.6381
34.6482
34.6586
34.6694
34.6781
34.6883
34.6983
34.7088
34.7189
34.7287
34.7391
34.7492
34.758
34.7678
34.7776
34.7867
34.7957
34.8051
34.815
34.8236
34.832
34.8417
34.8512
34.8623
34.8718
34.8811
34.8906
34.8993
34.9079
34.9176
34.9262
34.9348
34.9446
34.9541
34.9624
34.9721
34.9817
34.9907
35.0004
35.0095
35.0195
35.029
35.0387
35.0482
35.0569
35.0664
35.0759
35.086
35.0958
35.106
35.1164
35.1258
35.1355
35.1441
35.1538
35.163
35.1726
35.1814
35.1902
35.1984
35.2072
35.2154
35.2243
35.2348
35.2461
35.2558
35.2652
35.2737
35.2821
35.2924
35.3009
35.3108
35.3198
35.3278
35.3374
35.3459
35.3547
35.3629
35.3708
35.3807
35.3892
35.3987
35.4074
35.4167
35.4261
35.4349
35.4448
35.4539
35.4632
35.4717
35.4804
35.4894
35.4992
35.5084
35.5165
35.5263
35.5354
35.5442
35.5534
35.5614
35.5703
35.5801
35.5887
35.5973
35.6067
35.6156
35.6248
35.6335
35.6426
35.6506
35.6587
35.6677
35.6764
35.6851
35.6932
35.7015
35.7103
35.7193
35.7283
35.738
35.7472
35.7554
35.7642
35.7724
35.7815
35.7903
35.7995
35.8082
35.8178
35.8263
35.8348
35.8428
35.8498
35.8589
35.8678
35.8767
35.8858
35.896
35.9049
35.913
35.9214
35.9304
35.9386
35.9474
35.9565
35.9642
35.9723
35.9816
35.9899
35.9993
36.0065
36.0156
36.0243
36.0332
36.0423
36.0494
36.0584
36.0673
36.0755
36.0841
36.0909
36.0986
36.1076
36.1162
36.1259
36.1348
36.143
36.1523
36.1608
36.1696
36.1784
36.1864
36.195
36.2034
36.2115
36.22
36.2284
36.237
36.2455
36.2545
36.2631
36.2706
36.2789
36.2869
36.2945
36.3017
36.3106
36.319
36.3273
36.3359
36.3451
36.3542
36.3625
36.3703
36.3782
36.3864
36.394
36.4018
36.4104
36.4188
36.4262
36.4341
36.4417
36.4499
36.458
36.4658
36.4741
36.4823
36.4901
36.4986
36.5064
36.5145
36.5224
36.53
36.5378
36.5454
36.552
36.5594
36.5671
36.5743
36.583
36.5921
36.5998
36.6089
36.6168
36.6247
36.6335
36.6417
36.6497
36.6582
36.6666
36.6749
36.6828
36.6902
36.6979
36.706
36.7143
36.7215
36.7293
36.7373
36.7452
36.7534
36.7614
36.7705
36.7786
36.787
36.7945
36.8036
36.8114
36.8196
36.827
36.8349
36.8423
36.8499
36.857
36.8651
36.8731
36.8817
36.8889
36.8969
36.9045
36.9123
36.9206
36.9283
36.9359
36.9445
36.9518
36.9593
36.9668
36.9745
36.9827
36.9902
36.9988
37.0069
37.0142
37.0218
37.0302
37.0375
37.0458
37.0527
37.0605
37.068
37.0757
37.0836
37.0909
37.0981
37.105
37.1121
37.1205
37.1288
37.1359
37.1427
37.1518
37.1597
37.1671
37.1749
37.1832
37.1898
37.1977
37.2043
37.2117
37.2192
37.227
37.234
37.2417
37.2489
37.2566
37.2636
37.2713
37.2787
37.2856
37.2935
37.3006
37.3085
37.3166
37.3235
37.3312
37.3389
37.3469
37.3552
37.3627
37.3695
37.3772
37.3851
37.3922
37.3992
37.4068
37.4132
37.4208
37.4284
37.436
37.4432
37.4506
37.4573
37.4645
37.4724
37.4796
37.4875
37.495
37.5036
37.5107
37.5179
37.5247
37.5316
37.5391
37.5465
37.5528
37.5612
37.5686
37.5758
37.5833
37.591
37.599
37.607
37.6146
37.6213
37.6285
37.6353
37.6424
37.6494
37.6568
37.6645
37.6725
37.6796
37.6861
37.6934
37.7006
37.7081
37.7164
37.7244
37.7315
37.7384
37.7452
37.7529
37.7596
37.7671
37.7736
37.7814
37.7889
37.7957
37.8024
37.8112
37.8185
37.8256
37.8327
37.84
37.8463
37.8534
37.8605
37.8686
37.8757
37.8829
37.8904
37.8981
37.9052
37.9127
37.9198
37.9263
37.9334
37.9413
37.9491
37.9563
37.9633
37.9707
37.9789
37.9857
37.9934
38.0001
38.0071
38.0142
38.0213
38.0281
38.0346
38.0409
38.0484
38.0561
38.0631
38.0703
38.0777
38.0841
38.0916
38.0994
38.1075
38.115
38.1224
38.1307
38.1375
38.1444
38.1523
38.1602
38.1673
38.1736
38.1813
38.1883
38.1955
38.2035
38.2099
38.2168
38.2252
38.2317
38.2393
38.2463
38.2525
38.2591
38.2665
38.2735
38.2811
38.2881
38.2951
38.3019
38.3091
38.3167
38.3235
38.3306
38.3376
38.3448
38.3517
38.3587
38.3655
38.3725
38.3792
38.3861
38.3938
38.4001
38.4071
38.4135
38.4204
38.4267
38.4335
38.4402
38.4471
38.4547
38.4615
38.4684
38.4747
38.4823
38.489
38.4956
38.503
38.5094
38.5162
38.5231
38.5296
38.5364
38.5429
38.5494
38.5563
38.5635
38.5711
38.5775
38.5841
38.5908
38.5979
38.6052
38.6127
38.6196
38.6261
38.6326
38.6403
38.6472
38.654
38.6611
38.6667
38.6729
38.6791
38.6864
38.693
38.7002
38.708
38.7148
38.7219
38.729
38.7348
38.7411
38.7479
38.7542
38.7612
38.7676
38.7743
38.7813
38.7886
38.7943
38.8011
38.8072
38.8139
38.8211
38.8272
38.834
38.8395
38.8463
38.8534
38.8597
38.8666
38.8724
38.8799
38.8857
38.8928
38.8993
38.9057
38.9123
38.9183
38.9246
38.9312
38.9378
38.9456
38.9526
38.9586
38.9657
38.9723
38.9794
38.9861
38.9928
38.9997
39.0056
39.0123
39.019
39.0254
39.0318
39.0383
39.045
39.0514
39.0585
39.0644
39.0714
39.0782
39.0849
39.0909
39.0972
39.1042
39.111
39.118
39.125
39.1315
39.1386
39.1457
39.1522
39.1587
39.1648
39.1718
39.1786
39.1854
39.1924
39.1988
39.2057
39.2129
39.2197
39.2258
39.2328
39.2396
39.2463
39.2529
39.2597
39.2665
39.2729
39.2797
39.2861
39.2924
39.2994
39.3059
39.3124
39.3188
39.3246
39.3302
39.3372
39.3434
39.3501
39.3562
39.3627
39.3688
39.3747
39.3809
39.387
39.3934
39.3993
39.4053
39.4115
39.4184
39.4249
39.4317
39.4387
39.4451
39.4506
39.4566
39.4627
39.4692
39.4753
39.482
39.4886
39.4954
39.5017
39.5075
39.5142
39.5208
39.5267
39.5333
39.5397
39.546
39.5524
39.5589
39.5656
39.5716
39.578
39.5841
39.5893
39.595
39.6003
39.6068
39.6135
39.6194
39.6253
39.6317
39.6382
39.6445
39.6511
39.6576
39.664
39.6699
39.6763
39.6828
39.689
39.6948
39.7009
39.7075
39.7138
39.7211
39.728
39.7348
39.7421
39.7485
39.7544
39.7612
39.7676
39.7737
39.7801
39.7863
39.7928
39.7996
39.8061
39.8121
39.8187
39.8252
39.8309
39.8371
39.843
39.8497
39.8557
39.8622
39.8687
39.8751
39.8811
39.8873
39.894
39.8999
39.906
39.912
39.9182
39.9239
39.9302
39.9359
39.9422
39.9489
39.955
39.9609
39.967
39.9719
39.9774
39.9839
39.9895
39.9948
40.0013
40.0077
40.0146
40.0206
40.0265
40.0334
40.0396
40.0461
40.0534
40.059
40.0653
40.0715
40.0772
40.0831
40.089
40.0956
40.1012
40.1075
40.1136
40.1197
40.1262
40.1321
40.1376
40.1441
40.1501
40.1563
40.1627
40.1692
40.1754
40.182
40.1892
40.1959
40.2015
40.2078
40.2138
40.22
40.2267
40.2326
40.2388
40.245
40.2513
40.258
40.2638
40.2706
40.2771
40.2834
40.2895
40.2956
40.3019
40.3079
40.3141
40.32
40.326
40.3329
40.3389
40.3451
40.351
40.3571
40.3633
40.3694
40.3763
40.3823
40.3886
40.3941
40.3998
40.4058
40.4125
40.419
40.4246
40.4309
40.4363
40.4425
40.4484
40.4546
40.46
40.4662
40.4713
40.4779
40.4836
40.4897
40.4961
40.5013
40.5066
40.5131
40.5191
40.5252
40.5316
40.5377
40.5434
40.5494
40.5554
40.5611
40.5682
40.5745
40.5802
40.5857
40.592
40.5982
40.6044
40.6104
40.6164
40.623
40.6287
40.6347
40.6411
40.6471
40.6527
40.6588
40.6655
40.672
40.6778
40.6843
40.6893
40.6952
40.701
40.7071
40.7133
40.7194
40.7248
40.731
40.7369
40.7429
40.7486
40.7551
40.7615
40.7674
40.7735
40.7796
40.7852
40.7915
40.7974
40.8037
40.8095
40.8159
40.8229
40.83
40.8358
40.8415
40.847
40.8535
40.8589
40.8645
40.8701
40.8763
40.883
40.8889
40.8949
40.901
40.9067
40.9124
40.9176
40.9231
40.9293
40.9353
40.9415
40.9481
40.9543
40.9606
40.9669
40.9728
40.9786
40.9849
40.9903
40.9959
41.0014
41.0077
41.0132
41.0189
41.0242
41.0307
41.0368
41.0428
41.0494
41.0556
41.0615
41.0676
41.0734
41.0794
41.0857
41.0912
41.0971
41.1034
41.1092
41.1152
41.1213
41.1269
41.1327
41.1383
41.1451
41.1505
41.156
41.1616
41.1672
41.173
41.1791
41.1851
41.1907
41.1959
41.201
41.2062
41.2129
41.2187
41.2238
41.2292
41.2346
41.2406
41.2459
41.2513
41.2563
41.262
41.2677
41.2736
41.2796
41.2861
41.2923
41.2979
41.3039
41.3091
41.3144
41.3204
41.327
41.3327
41.3384
41.3449
41.3506
41.3562
41.3622
41.3682
41.3743
41.3799
41.3856
41.3912
41.3969
41.4029
41.4097
41.4161
41.4215
41.4274
41.4334
41.4393
41.4453
41.452
41.4574
41.463
41.4681
41.4739
41.4794
41.4849
41.4906
41.4972
41.5028
41.5095
41.5148
41.5209
41.526
41.5317
41.5375
41.5435
41.5494
41.5554
41.5613
41.5669
41.5734
41.579
41.5846
41.5908
41.5967
41.6022
41.6085
41.6135
41.6197
41.6254
41.6316
41.637
41.6431
41.6485
41.6541
41.6599
41.6655
41.6717
41.6775
41.6839
41.6891
41.6944
41.6995
41.7053
41.7111
41.7172
41.7235
41.7293
41.7354
41.7409
41.7464
41.7519
41.7579
41.7629
41.7696
41.7757
41.7815
41.7878
41.7936
41.7998
41.806
41.8117
41.8174
41.8234
41.8291
41.8352
41.8406
41.8459
41.8512
41.8572
41.863
41.8685
41.8739
41.8796
41.8856
41.8913
41.8965
41.9021
41.9077
41.9132
41.9191
41.9254
41.9312
41.9364
41.9425
41.9485
41.9546
41.9599
41.9653
41.9709
41.9766
41.9825
41.9884
41.9946
42.0006
42.0059
42.0119
42.0181
42.0239
42.029
42.0343
42.0395
42.0449
42.0508
42.0561
42.0616
42.0664
42.0722
42.0789
42.0852
42.0904
42.0963
42.102
42.1074
42.1131
42.1188
42.1244
42.1305
42.1358
42.1415
42.1471
42.153
42.1582
42.1638
42.1695
42.1744
42.1801
42.1861
42.1916
42.1974
42.2029
42.2086
42.2146
42.2203
42.226
42.2315
42.2366
42.2417
42.2481
42.2538
42.2598
42.2651
42.2706
42.2758
42.2812
42.2862
42.2918
42.2972
42.3036
42.3094
42.3152
42.3214
42.3268
42.332
42.3379
42.3435
42.3496
42.3551
42.3611
42.3667
42.3725
42.3783
42.3837
42.3891
42.3948
42.4007
42.4067
42.4126
42.4176
42.4233
42.4293
42.4349
42.4401
42.4458
42.4518
42.457
42.4621
42.4677
42.4731
42.4788
42.4844
42.4902
42.4955
42.5008
42.507
42.5124
42.5182
42.5234
42.5299
42.5347
42.5398
42.5452
42.5512
42.5569
42.5622
42.5675
42.5736
42.5792
42.5847
42.5902
42.5957
42.601
42.6062
42.6116
42.6171
42.6221
42.6282
42.6331
42.6391
42.645
42.6507
42.6564
42.6624
42.6679
42.6736
42.6787
42.684
42.6894
42.6953
42.7004
42.7065
42.712
42.7168
42.7217
42.7276
42.7328
42.738
42.7438
42.7492
42.7544
42.7599
42.7648
42.7705
42.7766
42.7819
42.7871
42.7932
42.799
42.8041
42.8102
42.8157
42.8209
42.8265
42.8321
42.8372
42.8424
42.8483
42.8537
42.8598
42.8658
42.8708
42.8767
42.8826
42.8875
42.8923
42.8975
42.9032
42.9089
42.9142
42.9197
42.9251
42.9301
42.9348
42.9399
42.946
42.9512
42.9569
42.9622
42.968
42.9732
42.9787
42.9841
42.9896
42.9951
43.0005
43.006
43.012
43.0175
43.0229
43.0289
43.0344
43.0397
43.0445
43.0505
43.0564
43.0615
43.0672
43.0728
43.0782
43.0835
43.0887
43.0942
43.0996
43.1052
43.1103
43.116
43.1212
43.1265
43.1315
43.1375
43.143
43.1493
43.155
43.1599
43.1655
43.1712
43.1759
43.1816
43.1867
43.1919
43.197
43.2032
43.2086
43.2137
43.219
43.2239
43.2296
43.2349
43.24
43.2455
43.2508
43.2564
43.262
43.2673
43.2723
43.278
43.2824
43.2876
43.2926
43.2982
43.3037
43.3088
43.3147
43.3197
43.3253
43.3303
43.3362
43.3415
43.3469
43.3521
43.3576
43.3628
43.368
43.3732
43.3786
43.3834
43.3881
43.3933
43.3982
43.4035
43.409
43.4141
43.4197
43.4248
43.4305
43.4358
43.4421
43.4476
43.453
43.4585
43.4637
43.4695
43.4751
43.4802
43.4853
43.4913
43.497
43.502
43.5077
43.5126
43.5182
43.5232
43.5285
43.5337
43.5391
43.5448
43.55
43.5555
43.5604
43.566
43.5717
43.5772
43.5826
43.5882
43.594
43.5995
43.6047
43.6095
43.6149
43.6208
43.6256
43.6309
43.6363
43.6418
43.6473
43.6525
43.6574
43.6625
43.6681
43.6732
43.6788
43.6836
43.6887
43.6943
43.699
43.7046
43.7097
43.7153
43.7205
43.7258
43.7314
43.7364
43.7422
43.7473
43.7527
43.7578
43.7631
43.7684
43.7738
43.779
43.7842
43.7902
43.7954
43.8007
43.8061
43.8119
43.8171
43.8223
43.8276
43.833
43.8385
43.8438
43.8489
43.8541
43.8594
43.8643
43.8699
43.8751
43.8805
43.8865
43.8919
43.8969
43.902
43.9067
43.9124
43.9182
43.9233
43.9289
43.9341
43.9398
43.9445
43.9499
43.9558
43.9611
43.9666
43.9717
43.9774
43.9829
43.9886
43.9937
43.9989
44.004
44.0096
44.015
44.0199
44.0251
44.0301
44.0348
44.0398
44.0453
44.0504
44.0556
44.0604
44.0659
44.071
44.0766
44.0825
44.0878
44.0931
44.0984
44.1041
44.1094
44.1149
44.1205
44.1256
44.1307
44.1365
44.1427
44.1475
44.153
44.1582
44.1632
44.1688
44.1734
44.1782
44.1833
44.189
44.1943
44.2001
44.2061
44.2117
44.217
44.222
44.2277
44.2334
44.2394
44.2448
44.2499
44.255
44.26
44.2648
44.2705
44.2754
44.2801
44.2857
44.2911
44.2972
44.3023
44.3074
44.3126
44.318
44.3229
44.3288
44.3343
44.3389
44.3441
44.3492
44.355
44.3597
44.3644
44.37
44.3749
44.3803
44.3855
44.3907
44.3958
44.4013
44.4067
44.412
44.4172
44.4229
44.4284
44.4342
44.4391
44.4444
44.4491
44.4543
44.4594
44.4644
44.4695
44.475
44.4798
44.4852
44.4905
44.4954
44.5001
44.506
44.5117
44.5171
44.5227
44.5286
44.5345
44.5395
44.5447
44.5502
44.5551
44.5602
44.5649
44.5704
44.5755
44.5811
44.5861
44.5916
44.5962
44.6016
44.6073
44.612
44.6171
44.6229
44.6279
44.6328
44.638
44.6429
44.6486
44.6538
44.6593
44.6649
44.6703
44.6756
44.6799
44.6851
44.6901
44.6956
44.7004
44.7054
44.7111
44.7164
44.7209
44.7267
44.7313
44.7366
44.742
44.747
44.7515
44.7577
44.7631
44.7679
44.7735
44.7794
44.7845
44.7897
44.7955
44.8009
44.8058
44.8113
44.8162
44.8212
44.8267
44.8317
44.8364
44.8408
44.8457
44.8508
44.8554
44.8605
44.8657
44.8708
44.8762
44.8815
44.8871
44.8918
44.8971
44.9021
44.9074
44.9122
44.9173
44.9221
44.9277
44.9324
44.9372
44.9429
44.9483
44.9531
44.9579
44.9636
44.9689
44.9743
44.9789
44.984
44.9887
44.9935
44.9986
45.0037
45.0092
45.0149
45.0202
45.0256
45.0304
45.0355
45.0402
45.0449
45.0491
45.0537
45.0589
45.0643
45.0693
45.0746
45.0797
45.0851
45.0902
45.0956
45.1012
45.106
45.1106
45.1158
45.1206
45.1253
45.1308
45.1357
45.1411
45.1469
45.1517
45.1567
45.1624
45.1675
45.1718
45.1773
45.1824
45.188
45.1928
45.1979
45.203
45.2077
45.2126
45.2182
45.223
45.2281
45.2335
45.2388
45.2441
45.2491
45.2538
45.2589
45.2642
45.2693
45.2744
45.2794
45.2839
45.2891
45.2945
45.2994
45.3042
45.309
45.3137
45.3187
45.323
45.328
45.3329
45.3382
45.3433
45.3483
45.3536
45.3584
45.363
45.3679
45.373
45.3782
45.3831
45.3876
45.3933
45.3982
45.4033
45.4083
45.4134
45.4195
45.4246
45.4297
45.4351
45.4401
45.4452
45.4505
45.4559
45.461
45.4662
45.4715
45.4766
45.4817
45.4869
45.4914
45.4967
45.5019
45.5066
45.5114
45.5161
45.5213
45.526
45.5315
45.5365
45.5415
45.5465
45.5516
45.5562
45.5615
45.5665
45.572
45.578
45.5831
45.5887
45.5936
45.5995
45.6044
45.6099
45.6153
45.6201
45.6258
45.6311
45.6366
45.6409
45.6467
45.652
45.6569
45.6623
45.6673
45.6719
45.6771
45.682
45.6867
45.6922
45.6974
45.7028
45.7081
45.7125
45.7172
45.7217
45.7261
45.7308
45.7363
45.742
45.7472
45.7525
45.7578
45.763
45.768
45.773
45.778
45.783
45.7874
45.7926
45.7973
45.8022
45.8071
45.8123
45.8173
45.8224
45.8269
45.8314
45.8365
45.8419
45.8469
45.8517
45.8565
45.8614
45.8669
45.872
45.8775
45.8824
45.8872
45.892
45.897
45.9016
45.9062
45.9111
45.9162
45.9215
45.9267
45.9312
45.9365
45.9419
45.9464
45.9512
45.9561
45.9613
45.966
45.9711
45.9761
45.9809
45.986
45.9917
45.9966
46.0017
46.0071
46.0121
46.0171
46.0219
46.0269
46.0323
46.0375
46.0422
46.0483
46.0533
46.0583
46.063
46.0675
46.0722
46.0773
46.0821
46.0871
46.092
46.0964
46.1015
46.1067
46.1112
46.1158
46.1204
46.1251
46.1299
46.1342
46.1392
46.1442
46.1492
46.1548
46.1601
46.1655
46.1707
46.1752
46.1804
46.1853
46.1903
46.195
46.1996
46.2047
46.2091
46.214
46.2192
46.2242
46.2297
46.2343
46.2394
46.2439
46.249
46.2536
46.2586
46.2632
46.2683
46.2738
46.2792
46.2841
46.2888
46.2939
46.2985
46.3036
46.3085
46.3131
46.3178
46.3224
46.327
46.3315
46.3366
46.3415
46.3463
46.3509
46.3555
46.3599
46.3651
46.3703
46.3757
46.381
46.386
46.3914
46.3964
46.4017
46.4064
46.4111
46.4156
46.4206
46.4257
46.4309
46.4357
46.4402
46.4447
46.4497
46.4546
46.4599
46.465
46.4694
46.4745
46.479
46.4841
46.4887
46.494
46.4994
46.5044
46.5094
46.5141
46.5192
46.5237
46.5289
46.534
46.5388
46.5437
46.5486
46.5533
46.5581
46.5628
46.5676
46.5726
46.5777
46.5823
46.5876
46.5927
46.5974
46.6023
46.6069
46.6116
46.6162
46.6208
46.6261
46.6311
46.6359
46.6404
46.6452
46.6503
46.6555
46.6604
46.6658
46.6708
46.6756
46.6805
46.6855
46.6911
46.6964
46.7011
46.7056
46.7108
46.7161
46.7208
46.7252
46.7306
46.7356
46.7403
46.7453
46.7506
46.756
46.7607
46.7653
46.7701
46.7748
46.7801
46.785
46.7897
46.7946
46.7999
46.8042
46.8082
46.8133
46.8187
46.8236
46.8284
46.8339
46.8386
46.8434
46.8482
46.8532
46.8576
46.8623
46.8667
46.8721
46.8768
46.8816
46.8867
46.8915
46.8962
46.9005
46.9055
46.9102
46.9153
46.9206
46.9254
46.9304
46.935
46.9398
46.9449
46.9497
46.9548
46.9594
46.9644
46.9697
46.9753
46.9801
46.9851
46.9897
46.9941
46.9991
47.0041
47.009
47.0134
47.0183
47.0229
47.0275
47.0323
47.0372
47.042
47.0474
47.0522
47.0568
47.0615
47.0666
47.0718
47.0768
47.0814
47.0865
47.0914
47.0964
47.1016
47.1065
47.1116
47.1164
47.1212
47.1258
47.1309
47.136
47.1407
47.145
47.1499
47.1544
47.1599
47.1646
47.1696
47.1747
47.1802
47.1853
47.1907
47.1953
47.2004
47.2053
47.2102
47.2152
47.2202
47.2247
47.2295
47.2336
47.2384
47.2437
47.2484
47.253
47.2584
47.2627
47.2675
47.2718
47.2764
47.2814
47.2867
47.2914
47.2961
47.3007
47.3055
47.3103
47.3154
47.3209
47.3253
47.3297
47.3347
47.3398
47.3446
47.3495
47.3553
47.3602
47.3651
47.3702
47.3753
47.38
47.3843
47.3889
47.3943
47.399
47.4044
47.409
47.4132
47.4179
47.4229
47.4285
47.4333
47.4379
47.4425
47.4473
47.4517
47.4567
47.4613
47.466
47.471
47.4759
47.4802
47.4844
47.4888
47.4938
47.4985
47.5041
47.5086
47.5135
47.519
47.5238
47.5282
47.5332
47.5377
47.542
47.5474
47.5517
47.5563
47.5611
47.5666
47.5716
47.5766
47.5809
47.5854
47.5905
47.5956
47.6003
47.6051
47.6095
47.6145
47.6195
47.6245
47.6295
47.6339
47.6384
47.643
47.6486
47.6535
47.6585
47.6635
47.6682
47.6735
47.678
47.6826
47.687
47.6922
47.6975
47.7022
47.707
47.712
47.7172
47.7218
47.7271
47.7326
47.7372
47.7423
47.7474
47.7521
47.7568
47.7621
47.7665
47.7714
47.776
47.7811
47.7862
47.7913
47.7958
47.8007
47.8056
47.8106
47.8154
47.8204
47.8249
47.8294
47.8346
47.8389
47.8434
47.8479
47.8526
47.8572
47.8618
47.8664
47.8714
47.8757
47.8811
47.8863
47.8905
47.895
47.9
47.9045
47.9088
47.9136
47.9186
47.9238
47.9284
47.9332
47.9382
47.9424
47.9473
47.9526
47.9568
47.9623
47.9673
47.9717
47.9761
47.981
47.9856
47.9903
47.9948
47.9997
48.0043
48.0093
48.0144
48.0193
48.0241
48.0288
48.0334
48.0382
48.043
48.0469
48.0515
48.0563
48.0619
48.0669
48.0716
48.0765
48.0813
48.0861
48.0906
48.0948
48.0999
48.1043
48.1088
48.1135
48.1185
48.1239
48.1289
48.1337
48.1385
48.1437
48.1483
48.153
48.1575
48.1619
48.1667
48.1714
48.1763
48.1811
48.1858
48.1912
48.1961
48.2013
48.2061
48.2106
48.2152
48.22
48.2251
48.2299
48.2353
48.2403
48.2448
48.2493
48.2539
48.2591
48.2642
48.2692
48.2748
48.2797
48.2845
48.2897
48.2948
48.2994
48.3041
48.3089
48.314
48.3196
48.3248
48.3293
48.334
48.3394
48.3437
48.3482
48.3535
48.3581
48.3629
48.3675
48.3725
48.3774
48.382
48.387
48.3921
48.3976
48.4025
48.4076
48.4125
48.4173
48.422
48.4272
48.432
48.4367
48.4417
48.4461
48.4509
48.4556
48.4604
48.4647
48.4686
48.4734
48.4783
48.4828
48.4877
48.4922
48.4968
48.502
48.5063
48.5109
48.5157
48.5207
48.5262
48.5312
48.5355
48.5402
48.5448
48.5501
48.5547
48.5593
48.5644
48.569
48.5741
48.5793
48.5841
48.589
48.5932
48.5981
48.6029
48.6084
48.6133
48.6186
48.6233
48.6279
48.6328
48.6377
48.6422
48.6467
48.6516
48.6567
48.662
48.6667
48.6718
48.6765
48.6816
48.6863
48.6906
48.6959
48.7009
48.706
48.7105
48.7149
48.7199
48.7241
48.7285
48.733
48.7379
48.743
48.7482
48.753
48.7575
48.7621
48.7667
48.7713
48.7769
48.7816
48.7863
48.7915
48.7959
48.8007
48.8059
48.8103
48.8146
48.8188
48.8239
48.829
48.8335
48.8384
48.8429
48.8475
48.8516
48.8565
48.8615
48.8657
48.8709
48.876
48.8803
48.8853
48.8901
48.8951
48.9002
48.9049
48.9097
48.9141
48.9185
48.9233
48.9281
48.9326
48.9378
48.9422
48.9471
48.9518
48.9564
48.9613
48.9659
48.9705
48.9753
48.9798
48.9846
48.9902
48.995
49.0002
49.0046
49.0094
49.0145
49.0194
49.0247
49.0295
49.0343
49.0393
49.0442
49.0488
49.0533
49.0583
49.0633
49.068
49.0724
49.0771
49.0816
49.0864
49.0917
49.0965
49.1009
49.1051
49.1101
49.1147
49.1196
49.1239
49.1287
49.1336
49.1384
49.1428
49.1479
49.1534
49.158
49.1635
49.1684
49.1736
49.1783
49.1831
49.1875
49.1916
49.1962
49.2011
49.2056
49.2104
49.2154
49.2198
49.2247
49.2298
49.2345
49.2394
49.2444
49.2492
49.2535
49.2585
49.263
49.2677
49.2726
49.2773
49.2822
49.2868
49.2912
49.2959
49.3007
49.3053
49.31
49.3149
49.32
49.3247
49.329
49.3336
49.339
49.344
49.349
49.3533
49.3579
49.3629
49.368
49.3725
49.3781
49.3834
49.3886
49.3934
49.3984
49.4032
49.4079
49.4129
49.4176
49.4219
49.4263
49.4315
49.4361
49.4407
49.4458
49.4508
49.4558
49.4607
49.4657
49.4706
49.4752
49.4802
49.4848
49.4894
49.4943
49.4993
49.5047
49.5099
49.5152
49.5206
49.5254
49.5308
49.5358
49.5408
49.5453
49.5504
49.5549
49.5599
49.5651
49.57
49.5746
49.5794
49.584
49.5893
49.5939
49.5989
49.6038
49.6084
49.6132
49.6177
49.6224
49.6266
49.6319
49.637
49.642
49.6463
49.6511
49.6559
49.6609
49.6656
49.6709
49.6756
49.6807
49.6858
49.6907
49.6954
49.6998
49.7049
49.7094
49.7142
49.7191
49.7242
49.7293
49.7341
49.7389
49.7436
49.7482
49.7527
49.7575
49.7622
49.7672
49.7717
49.7765
49.7814
49.7866
49.7921
49.7965
49.8018
49.8067
49.8117
49.8168
49.8219
49.8273
49.832
49.837
49.8417
49.8463
49.8515
49.8562
49.8617
49.8668
49.8714
49.8763
49.8819
49.8858
49.8912
49.8966
49.9014
49.9056
49.9107
49.9157
49.9208
49.9264
49.931
49.9359
49.9411
49.9459
49.9506
49.9549
49.9591
49.9643
49.9689
49.9735
49.9786
49.9835
49.9882
49.9927
49.9974
50.0019
50.007
50.0117
50.0164
50.0214
50.0261
50.0311
50.0352
50.0398
50.0446
50.0489
50.0543
50.0596
50.0648
50.0698
50.0743
50.0791
50.0847
50.0897
50.0943
50.099
50.1045
50.1098
50.1142
50.1195
50.1247
50.1296
50.1345
50.1393
50.1434
50.1486
50.1533
50.1578
50.163
50.1682
50.1726
50.1778
50.1829
50.1875
50.1926
50.198
50.2027
50.2074
50.2126
50.2174
50.2228
50.2281
50.233
50.2378
50.2426
50.2475
50.2525
50.2581
50.2629
50.2684
50.2733
50.2777
50.283
50.288
50.2932
50.2979
50.3039
50.3087
50.3134
50.3184
50.3238
50.3287
50.3336
50.3376
50.3421
50.347
50.3515
50.3566
50.3621
50.3675
50.3724
50.3776
50.3825
50.3878
50.3932
50.3984
50.4027
50.4077
50.4124
50.4171
50.4216
50.4262
50.4312
50.4363
50.4416
50.4464
50.4516
50.4565
50.4619
50.4672
50.4719
50.476
50.4806
50.4852
50.4902
50.4957
50.5007
50.5055
50.5104
50.5157
50.5205
50.5253
50.5303
50.5352
50.5401
50.5453
50.5498
50.555
50.5607
50.5655
50.5707
50.5761
50.5806
50.5854
50.5901
50.595
50.6004
50.6055
50.6104
50.6155
50.6208
50.6257
50.6307
50.6358
50.6408
50.646
50.6514
50.6568
50.6615
50.667
50.6723
50.677
50.6827
50.6875
50.6926
50.6982
50.7032
50.7083
50.7134
50.7181
50.7233
50.7286
50.7334
50.7384
50.7436
50.7489
50.7544
50.7592
50.7644
50.7698
50.7751
50.7809
50.7859
50.7913
50.7961
50.8014
50.8067
50.8119
50.8167
50.8214
50.8264
50.8314
50.8368
50.8418
50.8475
50.8526
50.858
50.8624
50.8676
50.8725
50.8778
50.8825
50.8868
50.8918
50.8972
50.9027
50.9078
50.9127
50.9177
50.9222
50.9273
50.9325
50.9375
50.9421
50.9472
50.9524
50.9572
50.9623
50.9671
50.973
50.9783
50.9841
50.9895
50.9947
51.0006
51.0056
51.011
51.0154
51.0207
51.0263
51.031
51.0363
51.0412
51.0464
51.0517
51.0571
51.0621
51.0676
51.0729
51.0787
51.0834
51.0886
51.094
51.0994
51.1053
51.111
51.1156
51.1208
51.1262
51.1313
51.1364
51.142
51.148
51.1538
51.1592
51.1633
51.1688
51.1741
51.1793
51.1849
51.19
51.1951
51.2003
51.2058
51.2112
51.2168
51.2215
51.2266
51.2326
51.2376
51.2426
51.2476
51.2528
51.258
51.2627
51.2676
51.2731
51.2783
51.2838
51.2888
51.2943
51.2997
51.3048
51.3094
51.3144
51.3195
51.3247
51.3301
51.336
51.3416
51.3468
51.3516
51.3572
51.3618
51.3671
51.3724
51.3778
51.3831
51.388
51.3937
51.399
51.4045
51.4102
51.4155
51.4206
51.4258
51.4317
51.4365
51.4417
51.4466
51.4523
51.4584
51.4638
51.4693
51.475
51.48
51.4855
51.4912
51.4961
51.501
51.5063
51.5117
51.5167
51.5217
51.5267
51.532
51.5375
51.5431
51.5489
51.5543
51.5591
51.5643
51.5692
51.5747
51.5807
51.586
51.5908
51.5963
51.6015
51.6063
51.6118
51.6175
51.6229
51.628
51.6334
51.6382
51.6436
51.6491
51.6543
51.6597
51.6653
51.6706
51.6762
51.682
51.6871
51.692
51.698
51.7039
51.7089
51.7137
51.7193
51.7244
51.7295
51.7343
51.7402
51.7455
51.7506
51.7561
51.7621
51.7684
51.7741
51.7792
51.7843
51.7903
51.7955
51.8014
51.8061
51.812
51.8178
51.8238
51.8292
51.835
51.8405
51.8457
51.8507
51.8555
51.8609
51.8662
51.8718
51.8777
51.8828
51.8887
51.8949
51.8996
51.9053
51.9106
51.9168
51.9231
51.9289
51.9344
51.9395
51.945
51.9504
51.9559
51.9616
51.9674
51.973
51.9784
51.9838
51.9888
51.9937
51.9993
52.0047
52.0104
52.0157
52.0209
52.0274
52.0336
52.0397
52.0458
52.052
52.0579
52.0635
52.0683
52.0736
52.079
52.085
52.0901
52.096
52.1014
52.1075
52.1126
52.1182
52.1246
52.1298
52.1354
52.1413
52.1474
52.1529
52.1578
52.1639
52.1702
52.1758
52.1815
52.1873
52.1934
52.1993
52.2063
52.2114
52.2171
52.2221
52.2275
52.2331
52.2384
52.2446
52.2502
52.2558
52.2618
52.268
52.275
52.281
52.2867
52.2919
52.2977
52.3029
52.3082
52.3137
52.3193
52.3254
52.3311
52.3368
52.3421
52.3482
52.3538
52.36
52.3654
52.3713
52.3772
52.383
52.3888
52.3946
52.4001
52.4062
52.4119
52.4172
52.4229
52.4288
52.4344
52.4401
52.4461
52.4517
52.4575
52.4636
52.4705
52.4767
52.4819
52.4879
52.4944
52.4995
52.5051
52.5105
52.5163
52.5227
52.5295
52.5352
52.5409
52.5468
52.5533
52.5592
52.5649
52.5707
52.5764
52.5835
52.5892
52.5952
52.6007
52.6061
52.6118
52.6178
52.6234
52.6297
52.6355
52.6419
52.648
52.6534
52.6589
52.6651
52.6712
52.6771
52.6833
52.6899
52.6956
52.7019
52.7073
52.7131
52.7196
52.7249
52.7311
52.7367
52.7433
52.7489
52.755
52.761
52.7667
52.7724
52.7784
52.7847
52.7898
52.7963
52.803
52.8086
52.8146
52.8204
52.8269
52.8334
52.8397
52.8457
52.8524
52.8584
52.8643
52.8699
52.876
52.882
52.8878
52.8936
52.8991
52.9054
52.9113
52.916
52.9222
52.9285
52.9342
52.9395
52.9457
52.951
52.957
52.9632
52.9694
52.9756
52.9818
52.9884
52.9944
53.0014
53.0074
53.0126
53.0183
53.0247
53.0306
53.0368
53.0426
53.0484
53.0552
53.0607
53.0665
53.0731
53.0789
53.0852
53.0919
53.0989
53.1057
53.1124
53.1186
53.1242
53.1308
53.1379
53.1443
53.1503
53.1561
53.162
53.1677
53.1732
53.179
53.1855
53.1914
53.1977
53.2034
53.2101
53.2161
53.2224
53.2281
53.2354
53.2422
53.249
53.2552
53.2616
53.268
53.274
53.2804
53.2867
53.2936
53.3008
53.3073
53.3137
53.3206
53.3267
53.3328
53.3398
53.3474
53.3541
53.3603
53.3667
53.3728
53.3794
53.3861
53.3924
53.3984
53.4054
53.4118
53.4185
53.4246
53.4306
53.4364
53.4424
53.4485
53.4544
53.4611
53.4672
53.4738
53.4804
53.4874
53.4944
53.5007
53.5069
53.5136
53.5202
53.5266
53.5331
53.5399
53.5471
53.5534
53.5599
53.566
53.573
53.5799
53.5865
53.593
53.5997
53.6067
53.6132
53.6201
53.6267
53.633
53.6399
53.6462
53.6531
53.6596
53.6668
53.6737
53.6801
53.6876
53.6944
53.7007
53.7072
53.713
53.7203
53.728
53.7342
53.741
53.7468
53.7537
53.7602
53.7672
53.7727
53.7797
53.7863
53.7935
53.7992
53.8055
53.8124
53.8189
53.8254
53.8316
53.8385
53.8446
53.8516
53.8584
53.8648
53.872
53.8786
53.8851
53.8926
53.8997
53.9064
53.913
53.9205
53.9273
53.9335
53.9401
53.9469
53.9533
53.9593
53.9657
53.9721
53.9781
53.9855
53.9918
53.9983
54.0052
54.0118
54.0197
54.0255
54.0327
54.0393
54.0463
54.054
54.0611
54.0676
54.0746
54.0821
54.0892
54.0955
54.1016
54.1083
54.1139
54.1208
54.1275
54.1343
54.1416
54.1481
54.1547
54.161
54.1676
54.1734
54.1811
54.1885
54.1953
54.2026
54.2097
54.2168
54.2244
54.2324
54.2393
54.2452
54.2525
54.2598
54.2671
54.274
54.2809
54.2883
54.2951
54.3024
54.3097
54.3171
54.3248
54.332
54.3385
54.3447
54.3518
54.3589
54.3656
54.373
54.381
54.3874
54.3948
54.4023
54.4095
54.4166
54.4241
54.4312
54.4386
54.4457
54.4529
54.4603
54.4672
54.4752
54.4824
54.4895
54.4975
54.5042
54.512
54.5199
54.5272
54.5338
54.5416
54.5494
54.5568
54.5643
54.5716
54.5794
54.587
54.5944
54.6021
54.6099
54.6178
54.6252
54.6325
54.6403
54.6473
54.6547
54.6623
54.6693
54.6769
54.6852
54.6933
54.7013
54.7088
54.7163
54.7238
54.7319
54.74
54.7472
54.755
54.7615
54.7696
54.7767
54.7842
54.7919
54.7993
54.8066
54.8134
54.8216
54.8293
54.8371
54.8449
54.8522
54.8602
54.8681
54.8753
54.8829
54.8906
54.8979
54.9054
54.9128
54.92
54.9273
54.9342
54.9416
54.9489
54.9573
54.9644
54.972
54.9802
54.9875
54.9958
55.0032
55.0111
55.0196
55.0267
55.0341
55.0417
55.0496
55.0581
55.0661
55.0736
55.0821
55.0891
55.0975
55.1051
55.114
55.1215
55.13
55.1377
55.1456
55.1532
55.1623
55.1695
55.1769
55.1849
55.1923
55.2009
55.209
55.2166
55.2241
55.2328
55.2417
55.2494
55.2578
55.2659
55.275
55.2839
55.2911
55.2989
55.307
55.3147
55.3222
55.3301
55.3386
55.3459
55.3544
55.3623
55.3703
55.3778
55.3846
55.3942
55.4022
55.4102
55.4181
55.4262
55.4347
55.4422
55.45
55.4588
55.4671
55.4749
55.4834
55.4918
55.5007
55.5088
55.517
55.5243
55.5323
55.5411
55.5491
55.5572
55.5657
55.5745
55.5838
55.5923
55.6002
55.6075
55.6152
55.6232
55.6312
55.6398
55.6488
55.6571
55.6654
55.6732
55.6814
55.6894
55.6972
55.7063
55.7155
55.724
55.7329
55.7399
55.7488
55.7572
55.7656
55.7752
55.7831
55.7916
55.8005
55.8092
55.8171
55.8252
55.8344
55.8427
55.8502
55.8581
55.8671
55.8765
55.8853
55.8935
55.9014
55.9101
55.9195
55.9283
55.9368
55.9448
55.9527
55.9614
55.97
55.9783
55.987
55.9953
56.0037
56.0123
56.0215
56.0297
56.0388
56.0478
56.0573
56.0665
56.076
56.0843
56.0932
56.1019
56.1112
56.1197
56.1275
56.136
56.1444
56.1532
56.1622
56.1717
56.18
56.188
56.1976
56.2058
56.2145
56.2245
56.2325
56.241
56.25
56.2597
56.2703
56.2804
56.2896
56.2981
56.3084
56.3172
56.3264
56.3354
56.3455
56.3563
56.3655
56.3749
56.385
56.3946
56.4045
56.4149
56.4238
56.433
56.4438
56.4527
56.4627
56.472
56.4811
56.4902
56.4995
56.5105
56.5196
56.5288
56.5384
56.5475
56.5574
56.5664
56.5754
56.5852
56.5941
56.6042
56.6136
56.6231
56.6329
56.6432
56.6526
56.6605
56.6707
56.679
56.6887
56.698
56.7062
56.7157
56.7254
56.7356
56.7457
56.7558
56.7649
56.7738
56.7836
56.7922
56.801
56.8095
56.8183
56.8276
56.8368
56.8456
56.8549
56.865
56.8743
56.8838
56.8943
56.9041
56.9126
56.9216
56.9314
56.9427
56.9518
56.9615
56.9729
56.9832
56.9924
57.004
57.0132
57.0235
57.0336
57.0448
57.0563
57.0665
57.0761
57.087
57.0968
57.1078
57.1169
57.1264
57.1361
57.1475
57.1579
57.1689
57.179
57.1896
57.2004
57.2113
57.2209
57.2309
57.241
57.2514
57.2615
57.2708
57.2815
57.293
57.3031
57.3136
57.3228
57.3338
57.3429
57.3526
57.363
57.3736
57.3837
57.3937
57.404
57.4154
57.4271
57.438
57.4479
57.4601
57.4711
57.4811
57.4919
57.5013
57.5133
57.5237
57.5351
57.5452
57.5552
57.566
57.5763
57.5867
57.5966
57.606
57.6175
57.6284
57.6394
57.6509
57.6626
57.6734
57.6839
57.6946
57.7048
57.7143
57.7258
57.7369
57.7477
57.7588
57.7705
57.782
57.7936
57.8057
57.8169
57.8278
57.8378
57.848
57.8592
57.8703
57.882
57.8926
57.9032
57.9131
57.9247
57.9357
57.9451
57.9565
57.9669
57.978
57.9884
57.9994
58.011
58.0234
58.0353
58.0471
58.0589
58.0706
58.0818
58.0936
58.1056
58.1168
58.1279
58.139
58.1504
58.1623
58.1739
58.185
58.1954
58.2081
58.2185
58.2302
58.2424
58.2537
58.2651
58.2759
58.2876
58.2985
58.3115
58.3226
58.334
58.3461
58.3584
58.3712
58.3828
58.3947
58.4067
58.4204
58.4321
58.4417
58.4553
58.4674
58.4785
58.4909
58.503
58.5139
58.5255
58.5375
58.5497
58.5639
58.5767
58.5883
58.6011
58.6133
58.6253
58.6364
58.6496
58.6623
58.6745
58.6882
58.7001
58.7116
58.723
58.7357
58.7482
58.7596
58.7736
58.786
58.7993
58.8114
58.8228
58.8354
58.8484
58.8614
58.8747
58.887
58.8993
58.9114
58.9235
58.9375
58.9503
58.964
58.9784
58.9918
59.0043
59.0185
59.0319
59.0455
59.0568
59.0694
59.0844
59.099
59.112
59.1244
59.1383
59.1524
59.1664
59.1796
59.1935
59.2075
59.2227
59.236
59.2502
59.2629
59.2772
59.2916
59.3041
59.3195
59.3304
59.3427
59.3571
59.3715
59.3852
59.3992
59.4139
59.4283
59.4425
59.456
59.4698
59.483
59.4962
59.5107
59.5251
59.5387
59.5525
59.5666
59.5805
59.5955
59.6107
59.6235
59.6365
59.6497
59.6642
59.678
59.6935
59.7067
59.7208
59.7354
59.7498
59.7646
59.7786
59.7936
59.8068
59.8213
59.8356
59.8493
59.8641
59.8772
59.8912
59.9072
59.9212
59.934
59.9474
59.961
59.9757
59.99
60.0045
60.0195
60.0336
60.0479
60.0634
60.0785
60.0944
60.1077
60.1227
60.1362
60.1508
60.1663
60.1814
60.1969
60.212
60.2252
60.2426
60.2584
60.2734
60.2886
60.3016
60.3165
60.3323
60.3478
60.364
60.3805
60.3957
60.4112
60.4264
60.4423
60.4572
60.4732
60.4884
60.5044
60.5207
60.536
60.5514
60.5668
60.582
60.5991
60.6149
60.6334
60.65
60.6666
60.6834
60.7005
60.7158
60.7346
60.7517
60.7697
60.7852
60.8031
60.8197
60.8372
60.852
60.8689
60.8844
60.9043
60.9224
60.9415
60.9594
60.9772
60.9918
61.0109
61.029
61.0492
61.0678
61.0847
61.101
61.1169
61.1348
61.1521
61.1678
61.1879
61.206
61.2253
61.2438
61.2603
61.2788
61.2958
61.3137
61.33
61.3464
61.3638
61.3816
61.3986
61.4138
61.4304
61.4485
61.4668
61.4841
61.5022
61.5229
61.5399
61.5575
61.575
61.5939
61.6116
61.6283
61.6472
61.6635
61.6813
61.7003
61.7206
61.7408
61.7581
61.7766
61.7959
61.8138
61.8326
61.854
61.8714
61.8899
61.91
61.9262
61.9434
61.9609
61.9793
61.9993
62.0176
62.0371
62.0567
62.0749
62.094
62.1144
62.1351
62.1577
62.1762
62.1956
62.215
62.2364
62.2558
62.2765
62.295
62.3153
62.3356
62.3554
62.3742
62.3962
62.4125
62.4324
62.4539
62.4741
62.4946
62.515
62.5352
62.5576
62.579
62.5984
62.6184
62.6388
62.6583
62.6771
62.6986
62.7207
62.7414
62.7658
62.7867
62.8095
62.8335
62.8526
62.8742
62.8966
62.9178
62.941
62.9644
62.9882
63.0124
63.0354
63.0557
63.0775
63.0991
63.122
63.1446
63.1668
63.1924
63.2141
63.2377
63.2585
63.2827
63.3056
63.3302
63.3547
63.3784
63.4013
63.4274
63.4506
63.4735
63.4992
63.5219
63.5472
63.573
63.5972
63.6213
63.6444
63.6676
63.6885
63.7129
63.7367
63.7613
63.7854
63.8123
63.8372
63.8647
63.8896
63.9115
63.9342
63.9607
63.9878
64.013
64.0391
64.0638
64.0892
64.1159
64.1407
64.1681
64.1952
64.2218
64.2475
64.2726
64.2963
64.3251
64.3508
64.3764
64.4018
64.4313
64.4563
64.4834
64.5106
64.5373
64.5622
64.5922
64.6186
64.643
64.6714
64.6978
64.7282
64.7523
64.7796
64.8058
64.8357
64.8639
64.8917
64.9194
64.9515
64.9789
65.0084
65.0412
65.0676
65.0927
65.1187
65.1459
65.1769
65.2038
65.2326
65.2598
65.2877
65.3198
65.3506
65.3856
65.4132
65.4457
65.4763
65.5062
65.538
65.566
65.595
65.6247
65.6576
65.6898
65.72
65.7491
65.7842
65.8159
65.8471
65.8789
65.9092
65.9394
65.9716
66.0056
66.0405
66.0722
66.1083
66.1431
66.1776
66.2162
66.2527
66.279
66.3145
66.3471
66.3794
66.4058
66.437
66.4704
66.5073
66.5385
66.5718
66.6066
66.6467
66.6792
66.7141
66.7482
66.7801
66.8132
66.8458
66.882
66.9134
66.9434
66.9787
67.0164
67.0502
67.0839
67.1209
67.1592
67.1987
67.2373
67.2756
67.3101
67.3442
67.3845
67.4232
67.4674
67.5044
67.5424
67.5827
67.6233
67.6609
67.702
67.742
67.7817
67.8153
67.857
67.8977
67.9326
67.975
68.013
68.0556
68.0968
68.14
68.1791
68.2194
68.2607
68.2998
68.3433
68.3859
68.4267
68.4735
68.5165
68.5591
68.6042
68.6461
68.6884
68.7284
68.7737
68.8162
68.8561
68.9028
68.9422
68.9855
69.0236
69.0669
69.1115
69.1542
69.1995
69.2443
69.2932
69.3365
69.3836
69.4271
69.481
69.5267
69.5726
69.6206
69.6681
69.7231
69.7719
69.82
69.8685
69.9136
69.9604
70.0114
70.0658
70.1228
70.1764
70.2265
70.2801
70.3352
70.3936
70.4456
70.5027
70.5636
70.6194
70.6782
70.7447
70.8057
70.8678
70.9233
70.9815
71.0577
71.1397
71.2075
71.2756
71.342
71.4147
71.4967
71.5674
71.6519
71.7315
71.8128
71.886
71.9642
72.0404
72.1256
72.2136
72.2995
72.3831
72.4871
72.5917
72.7004
72.7968
72.8923
73.0053
73.1147
73.2228
73.3467
73.4708
73.5909
73.7232
73.8523
74.0028
74.1448
74.3136
74.471
74.6399
74.8308
75.0113
75.2076
75.4391
75.6987
75.9578
76.2451
76.5372
76.9472
77.4306
78.0214
78.7439
79.7685
82.975
