2
3.5
3.83333
4.08333
4.28333
4.48333
4.65
4.73333
5.73333
7.75697
8.77706
10.489
12.2367
12.6889
14.2701
15.7155
16.8
17.5992
18.195
18.7394
19.2772
19.6536
20.0602
20.3871
20.7275
21.0123
21.3011
21.5775
21.8555
22.1032
22.3184
22.5472
22.7464
22.9561
23.1402
23.3037
23.4726
23.6369
23.7822
23.9404
24.083
24.2175
24.3592
24.5085
24.6405
24.7718
24.8777
24.9963
25.1189
25.2486
25.3546
25.4532
25.5492
25.6526
25.7454
25.8471
25.9482
26.0405
26.1232
26.2206
26.2991
26.3946
26.4779
26.5546
26.6341
26.7149
26.801
26.8752
26.9584
27.0326
27.1035
27.1775
27.2509
27.3183
27.3896
27.4604
27.5262
27.5911
27.6528
27.7218
27.7796
27.8468
27.917
27.9902
28.05
28.1147
28.1648
28.2245
28.2855
28.3463
28.406
28.4658
28.521
28.5801
28.642
28.6951
28.7602
28.8135
28.8727
28.9279
28.9791
29.0316
29.0796
29.1291
29.1714
29.2166
29.2678
29.3135
29.3655
29.4267
29.4707
29.5255
29.5757
29.6309
29.6805
29.7287
29.7755
29.8277
29.8733
29.9181
29.9648
30.0123
30.054
30.101
30.1502
30.1914
30.2348
30.2822
30.3243
30.3707
30.4157
30.4604
30.5022
30.5493
30.5918
30.6379
30.6776
30.7226
30.7627
30.8063
30.8453
30.8867
30.9261
30.9681
31.0095
31.0522
31.0923
31.1331
31.1805
31.2191
31.2579
31.2989
31.3382
31.3753
31.412
31.4519
31.4906
31.5276
31.5638
31.6019
31.6385
31.673
31.713
31.7487
31.7852
31.8191
31.8585
31.8954
31.9338
31.968
32.0032
32.0367
32.0731
32.109
32.1436
32.1822
32.2155
32.2535
32.2838
32.3155
32.3435
32.3766
32.4128
32.448
32.4796
32.5096
32.5437
32.576
32.6122
32.6452
32.6785
32.7105
32.7456
32.7793
32.8101
32.844
32.8742
32.904
32.9359
32.9691
32.9976
33.0317
33.0631
33.0944
33.1213
33.1489
33.1823
33.2089
33.238
33.2653
33.2934
33.321
33.3465
33.3759
33.4046
33.4364
33.465
33.4919
33.5221
33.5496
33.5768
33.6032
33.6324
33.6588
33.6872
33.7163
33.7433
33.771
33.7988
33.8246
33.8523
33.8797
33.906
33.9323
33.9597
33.9852
34.012
34.0374
34.0636
34.0925
34.1181
34.1424
34.1702
34.1942
34.218
34.2446
34.2735
34.3012
34.3229
34.3518
34.3776
34.4062
34.4298
34.4583
34.486
34.5079
34.5314
34.5568
34.5796
34.6032
34.6279
34.6519
34.6746
34.7006
34.7225
34.7499
34.7721
34.7958
34.8198
34.8423
34.8669
34.8872
34.9109
34.9303
34.9513
34.9766
35.0011
35.0207
35.0436
35.0658
35.0869
35.109
35.1314
35.1516
35.1725
35.1938
35.2191
35.2417
35.2656
35.289
35.3095
35.3289
35.3514
35.3742
35.3963
35.4171
35.4387
35.4594
35.4818
35.5024
35.5251
35.5483
35.5697
35.5924
35.6126
35.6363
35.658
35.6768
35.6976
35.7182
35.7375
35.7581
35.7775
35.7999
35.8178
35.8363
35.8559
35.8771
35.8971
35.9187
35.9382
35.9609
35.9778
36.0006
36.0208
36.038
36.0559
36.0757
36.0952
36.1149
36.1334
36.1528
36.1737
36.1936
36.2128
36.2333
36.2514
36.2719
36.2901
36.3074
36.3253
36.3446
36.3633
36.3825
36.4014
36.421
36.4395
36.4577
36.4746
36.4927
36.5095
36.5275
36.5447
36.5638
36.5835
36.6033
36.6191
36.6356
36.6543
36.6707
36.691
36.7075
36.723
36.7396
36.7567
36.7745
36.7891
36.8067
36.8238
36.8411
36.8587
36.8745
36.8921
36.9099
36.9284
36.9446
36.9614
36.9772
36.9928
37.0106
37.0275
37.0437
37.0599
37.076
37.0932
37.1121
37.1267
37.1409
37.1565
37.1726
37.1882
37.2039
37.2199
37.2385
37.2554
37.2751
37.2921
37.3084
37.3248
37.3416
37.3576
37.3732
37.3908
37.4064
37.4205
37.4373
37.4531
37.4679
37.4846
37.4989
37.5136
37.5275
37.5446
37.5603
37.5773
37.5925
37.6087
37.6229
37.6384
37.6541
37.6691
37.683
37.6966
37.7116
37.7258
37.7398
37.7527
37.7682
37.784
37.7981
37.814
37.8286
37.8448
37.8607
37.8749
37.89
37.9039
37.9188
37.9334
37.948
37.9613
37.9748
37.9887
38.0025
38.015
38.0274
38.0419
38.0537
38.0691
38.0828
38.0978
38.1102
38.1238
38.1375
38.1524
38.1661
38.1809
38.195
38.2077
38.2221
38.2366
38.2501
38.2634
38.2767
38.2897
38.3026
38.3159
38.3317
38.3446
38.3581
38.3728
38.3849
38.3976
38.4108
38.4234
38.4358
38.4491
38.4627
38.4744
38.4894
38.5055
38.5195
38.5319
38.5438
38.5563
38.5699
38.5825
38.5961
38.6089
38.6204
38.6322
38.6454
38.6583
38.6704
38.6824
38.6972
38.7106
38.7231
38.7367
38.749
38.7629
38.7745
38.7872
38.8001
38.814
38.8265
38.8383
38.8494
38.8622
38.8739
38.8851
38.8969
38.9097
38.9217
38.9338
38.9464
38.9589
38.9706
38.9813
38.9958
39.008
39.0202
39.032
39.0444
39.0564
39.0696
39.0818
39.0927
39.1041
39.1149
39.1275
39.1381
39.1509
39.1624
39.1749
39.1854
39.1989
39.2114
39.2212
39.2339
39.2465
39.2584
39.2699
39.2825
39.2938
39.3065
39.3185
39.3301
39.3409
39.3524
39.3652
39.3765
39.3889
39.399
39.4085
39.4199
39.4307
39.4421
39.4533
39.4639
39.4752
39.4861
39.4985
39.5106
39.5209
39.5318
39.5428
39.5541
39.5646
39.5756
39.5877
39.5985
39.6103
39.621
39.6319
39.6428
39.6554
39.667
39.6773
39.6887
39.6998
39.7111
39.722
39.7341
39.7463
39.7567
39.7669
39.7776
39.7884
39.7982
39.809
39.8197
39.8308
39.841
39.8513
39.8622
39.8721
39.8829
39.8934
39.9041
39.9145
39.9244
39.9352
39.9448
39.9554
39.9668
39.9761
39.9859
39.9973
40.0089
40.0191
40.0298
40.0418
40.0531
40.0632
40.0734
40.0846
40.0954
40.1061
40.1168
40.1275
40.1376
40.1473
40.1577
40.1673
40.1781
40.1874
40.1974
40.2063
40.2155
40.2245
40.2344
40.2442
40.2541
40.2659
40.2757
40.2855
40.2959
40.3065
40.3156
40.3246
40.335
40.3447
40.3542
40.3641
40.3741
40.3838
40.3933
40.4027
40.4125
40.4219
40.4315
40.4402
40.4497
40.4599
40.4695
40.4789
40.4884
40.4982
40.5079
40.5179
40.5281
40.5389
40.5486
40.5587
40.5695
40.5778
40.5881
40.5977
40.6065
40.6173
40.6272
40.6369
40.6474
40.6563
40.6657
40.6755
40.6852
40.6946
40.704
40.7126
40.722
40.7323
40.7411
40.7503
40.7603
40.7697
40.7792
40.7888
40.7973
40.8068
40.8152
40.8237
40.8326
40.8417
40.851
40.8595
40.8691
40.8779
40.8876
40.8972
40.9053
40.9137
40.9235
40.9329
40.9412
40.9498
40.9582
40.9672
40.9772
40.9859
40.994
41.0022
41.0111
41.0201
41.0299
41.0386
41.0473
41.0561
41.0651
41.0749
41.0832
41.0916
41.0999
41.1085
41.1172
41.1255
41.1341
41.142
41.1501
41.1586
41.1678
41.1775
41.1853
41.194
41.2039
41.2118
41.2201
41.2289
41.2375
41.2463
41.2551
41.2631
41.2721
41.2811
41.2904
41.2981
41.307
41.3158
41.325
41.3331
41.3422
41.3516
41.3601
41.3681
41.3753
41.3842
41.3914
41.4008
41.4101
41.4192
41.4279
41.4364
41.4459
41.4541
41.4624
41.4703
41.4784
41.4875
41.4954
41.5043
41.5123
41.52
41.5283
41.5367
41.5444
41.553
41.5605
41.5686
41.5759
41.5838
41.5928
41.6014
41.6093
41.6172
41.6256
41.6343
41.6429
41.6518
41.6592
41.6677
41.6751
41.6829
41.6919
41.6993
41.7078
41.7162
41.724
41.7329
41.7424
41.7508
41.7597
41.7687
41.7769
41.7843
41.7931
41.8024
41.8104
41.8189
41.8276
41.8357
41.8438
41.8516
41.8606
41.8689
41.877
41.885
41.8931
41.9012
41.9093
41.9169
41.9253
41.9338
41.9414
41.949
41.9573
41.9656
41.9733
41.9824
41.9892
41.9974
42.0052
42.0125
42.0208
42.0287
42.0363
42.0448
42.0531
42.0617
42.0695
42.0777
42.0857
42.0942
42.1014
42.1085
42.1165
42.1248
42.1318
42.1392
42.1491
42.1576
42.1651
42.1733
42.1813
42.1892
42.197
42.2045
42.2127
42.2205
42.2281
42.2349
42.2433
42.2512
42.2592
42.2674
42.2744
42.2817
42.2894
42.2971
42.3049
42.3123
42.3196
42.3266
42.3334
42.3407
42.3482
42.3559
42.3629
42.3703
42.378
42.3852
42.3927
42.3998
42.4068
42.4138
42.422
42.43
42.4371
42.4445
42.4517
42.4589
42.4666
42.4746
42.4817
42.4887
42.4967
42.505
42.5129
42.5199
42.5273
42.5344
42.5417
42.5502
42.558
42.5649
42.5728
42.579
42.5865
42.5936
42.6004
42.6069
42.6148
42.6231
42.6311
42.639
42.6455
42.6525
42.6601
42.667
42.6739
42.6819
42.6897
42.6977
42.7055
42.7133
42.7209
42.727
42.7342
42.7415
42.7487
42.7559
42.7625
42.7697
42.7768
42.7847
42.7925
42.7998
42.8071
42.814
42.8209
42.8289
42.8365
42.8428
42.8494
42.8568
42.8641
42.8709
42.8787
42.8859
42.8927
42.8997
42.907
42.9137
42.9205
42.927
42.9335
42.9406
42.9483
42.9552
42.9625
42.969
42.9761
42.9828
42.9899
42.9987
43.0054
43.013
43.0198
43.0275
43.0349
43.0422
43.0503
43.0564
43.0631
43.0703
43.0783
43.0854
43.0938
43.1007
43.1072
43.1136
43.1205
43.1285
43.1362
43.143
43.1503
43.1571
43.1641
43.1707
43.1776
43.1851
43.1924
43.1997
43.2061
43.2131
43.2198
43.2266
43.2337
43.2408
43.2481
43.254
43.2599
43.2661
43.2724
43.2789
43.2863
43.2937
43.3011
43.3078
43.3153
43.3219
43.3288
43.3361
43.3434
43.3498
43.3564
43.3632
43.3704
43.3772
43.3838
43.3902
43.3976
43.4039
43.41
43.4169
43.4237
43.4308
43.4381
43.445
43.452
43.4593
43.4661
43.4729
43.4783
43.4849
43.4911
43.4976
43.5044
43.511
43.517
43.5233
43.5297
43.5364
43.5426
43.5497
43.5555
43.5615
43.5678
43.5742
43.5806
43.5871
43.594
43.6005
43.6068
43.6134
43.6206
43.6266
43.6334
43.6394
43.6461
43.653
43.6594
43.6659
43.6743
43.6801
43.6871
43.6942
43.7009
43.7074
43.7134
43.7198
43.726
43.733
43.7395
43.7453
43.7513
43.7577
43.7645
43.7711
43.7771
43.7827
43.7892
43.7955
43.8015
43.8076
43.8144
43.8215
43.8281
43.8348
43.8412
43.8475
43.8536
43.8597
43.8655
43.8725
43.8783
43.8845
43.8914
43.898
43.904
43.9107
43.9171
43.9226
43.9285
43.935
43.9418
43.9485
43.955
43.9609
43.9669
43.9736
43.9793
43.9859
43.9923
43.9984
44.0046
44.0114
44.0183
44.0239
44.0306
44.0364
44.0425
44.0492
44.056
44.0621
44.0677
44.0745
44.0801
44.0864
44.0924
44.0991
44.1046
44.1113
44.1179
44.1242
44.1305
44.1373
44.1445
44.1506
44.1561
44.1632
44.1696
44.176
44.1817
44.1888
44.1949
44.2009
44.2074
44.2136
44.2197
44.2262
44.2318
44.2379
44.2444
44.2508
44.2568
44.2628
44.2691
44.2755
44.2819
44.288
44.2946
44.3012
44.3072
44.3138
44.3205
44.3268
44.3328
44.3389
44.3452
44.3511
44.3569
44.3629
44.3685
44.3741
44.3802
44.3863
44.392
44.3984
44.4045
44.4105
44.4164
44.4224
44.4284
44.4343
44.4402
44.4461
44.452
44.458
44.4639
44.4694
44.4754
44.4819
44.4875
44.4939
44.4999
44.5055
44.5114
44.5177
44.5243
44.5309
44.5368
44.5431
44.55
44.5569
44.5633
44.5693
44.575
44.581
44.5874
44.5935
44.5994
44.6053
44.6111
44.6172
44.623
44.6289
44.6355
44.642
44.6474
44.6529
44.6591
44.6651
44.6707
44.6768
44.6825
44.6881
44.6943
44.7003
44.706
44.712
44.7179
44.724
44.7295
44.7352
44.7409
44.7467
44.7525
44.7589
44.7643
44.7701
44.7767
44.7823
44.7886
44.7939
44.8001
44.8057
44.8107
44.8167
44.8231
44.8292
44.8355
44.8417
44.847
44.8537
44.8606
44.8659
44.8718
44.8772
44.8833
44.8892
44.8943
44.8998
44.9056
44.912
44.9172
44.9223
44.9276
44.9335
44.9393
44.9455
44.9509
44.9565
44.9622
44.9673
44.9727
44.9779
44.9838
44.99
44.9954
45.0015
45.0081
45.0131
45.019
45.025
45.0303
45.0363
45.0417
45.048
45.0534
45.0588
45.0645
45.0697
45.0756
45.0813
45.0868
45.0922
45.0978
45.1034
45.1092
45.1156
45.1209
45.1257
45.1314
45.1367
45.1415
45.1475
45.153
45.1586
45.1642
45.1705
45.1759
45.1813
45.1875
45.1935
45.1992
45.2053
45.2108
45.2161
45.2212
45.2271
45.2324
45.2379
45.2447
45.2501
45.2563
45.2629
45.2686
45.2741
45.2801
45.2855
45.2909
45.296
45.3017
45.3075
45.3132
45.3189
45.3246
45.3302
45.3356
45.3409
45.347
45.3533
45.359
45.3649
45.3711
45.3771
45.3833
45.3887
45.3942
45.4007
45.4061
45.4118
45.4173
45.4228
45.4282
45.4339
45.4393
45.4455
45.4507
45.4559
45.461
45.4668
45.4727
45.4783
45.4836
45.4894
45.4949
45.5004
45.5057
45.5113
45.5174
45.5223
45.5282
45.5337
45.5395
45.5441
45.55
45.5558
45.5615
45.567
45.5725
45.5774
45.5828
45.5879
45.5935
45.5989
45.6038
45.6093
45.6151
45.6208
45.6259
45.6316
45.6368
45.6423
45.6474
45.653
45.6586
45.6637
45.6695
45.675
45.6807
45.6862
45.6914
45.6971
45.702
45.7074
45.7132
45.7182
45.7236
45.7286
45.7339
45.7396
45.7453
45.7502
45.7556
45.7603
45.7657
45.7717
45.7771
45.7822
45.787
45.7922
45.7975
45.8029
45.8085
45.8135
45.8189
45.8251
45.8311
45.8369
45.8424
45.848
45.8536
45.858
45.8631
45.8692
45.8745
45.8796
45.8851
45.8899
45.8956
45.9014
45.9071
45.9123
45.9178
45.9228
45.9276
45.9326
45.9381
45.9436
45.9489
45.9547
45.9605
45.9662
45.9716
45.9771
45.9828
45.9889
45.9943
45.9992
46.004
46.0092
46.0146
46.0204
46.0256
46.0307
46.0366
46.042
46.0475
46.0531
46.0588
46.0639
46.0694
46.0744
46.0794
46.085
46.0902
46.096
46.1017
46.1067
46.1116
46.1167
46.1222
46.1281
46.1335
46.1383
46.1443
46.1499
46.155
46.1596
46.1653
46.1702
46.1754
46.1805
46.1861
46.1907
46.1962
46.201
46.2061
46.2112
46.2165
46.2225
46.2277
46.2325
46.2376
46.2428
46.2481
46.2533
46.2588
46.2641
46.2694
46.2747
46.2802
46.2851
46.2899
46.2953
46.3004
46.3063
46.3116
46.3166
46.3219
46.3271
46.3324
46.3372
46.3431
46.3486
46.3537
46.3589
46.3642
46.3693
46.3743
46.3791
46.3844
46.3895
46.3954
46.4005
46.406
46.4117
46.4175
46.4225
46.4286
46.4338
46.439
46.4442
46.4494
46.455
46.4601
46.4647
46.4703
46.4754
46.4801
46.4852
46.4899
46.4951
46.5002
46.5056
46.5114
46.5169
46.5218
46.5264
46.532
46.5377
46.5426
46.5477
46.5529
46.5578
46.5623
46.5681
46.5733
46.5788
46.5841
46.589
46.5939
46.599
46.6038
46.6093
46.6139
46.6187
46.6238
46.6287
46.6339
46.639
46.6441
46.6497
46.6548
46.66
46.6648
46.67
46.6749
46.6805
46.6855
46.6902
46.6954
46.7006
46.7057
46.7115
46.7168
46.7223
46.7274
46.7328
46.7378
46.7433
46.7485
46.7539
46.7585
46.7633
46.7681
46.7735
46.7784
46.7839
46.789
46.7943
46.7998
46.8052
46.8114
46.817
46.8222
46.8271
46.8322
46.8377
46.843
46.8487
46.8533
46.8587
46.8635
46.8692
46.8746
46.88
46.8848
46.8896
46.8948
46.8998
46.9044
46.9097
46.9141
46.9194
46.9241
46.9295
46.9353
46.9407
46.9459
46.9513
46.9563
46.9616
46.9674
46.9732
46.9781
46.9833
46.9879
46.9933
46.9983
47.0033
47.0079
47.0128
47.018
47.0229
47.028
47.033
47.0379
47.0435
47.0479
47.0522
47.0583
47.0633
47.0687
47.0734
47.0786
47.0832
47.088
47.0929
47.0981
47.1029
47.1076
47.1128
47.1176
47.1226
47.1271
47.1325
47.1383
47.1432
47.148
47.1528
47.1575
47.1629
47.168
47.1729
47.1777
47.1831
47.1879
47.1927
47.198
47.2028
47.2077
47.2132
47.2182
47.223
47.2288
47.2336
47.2392
47.2443
47.2492
47.2544
47.2596
47.2645
47.2701
47.2748
47.2803
47.2854
47.2904
47.2955
47.3007
47.3056
47.311
47.3162
47.3208
47.3257
47.3306
47.3352
47.341
47.3457
47.3505
47.3556
47.3602
47.3649
47.3701
47.3748
47.3799
47.3848
47.3904
47.3957
47.4007
47.4058
47.4106
47.4153
47.4199
47.4245
47.4297
47.4346
47.4399
47.4455
47.4508
47.4558
47.4607
47.4654
47.4707
47.4758
47.4809
47.4854
47.4897
47.4948
47.4996
47.5045
47.5094
47.5141
47.5194
47.5247
47.5296
47.5348
47.5394
47.5446
47.55
47.5549
47.5608
47.5655
47.5708
47.5756
47.5805
47.585
47.5901
47.5947
47.6003
47.605
47.6098
47.6154
47.6208
47.6254
47.6306
47.6355
47.6403
47.6455
47.6506
47.6561
47.6616
47.6667
47.6711
47.6762
47.6812
47.6858
47.6906
47.6958
47.7008
47.7058
47.7108
47.7162
47.7211
47.726
47.7313
47.7367
47.7414
47.7457
47.7502
47.7556
47.7606
47.7656
47.7711
47.7756
47.7801
47.785
47.7903
47.7951
47.7998
47.8044
47.8094
47.8144
47.8196
47.8248
47.8295
47.8346
47.8393
47.8447
47.8498
47.855
47.8602
47.8652
47.8697
47.8752
47.8803
47.8857
47.8906
47.8954
47.9
47.905
47.9097
47.9152
47.9196
47.9243
47.9287
47.9334
47.9385
47.9434
47.9479
47.9525
47.9572
47.962
47.9681
47.9731
47.9785
47.9832
47.9885
47.9939
47.9988
48.0035
48.0079
48.0131
48.0185
48.0234
48.0282
48.0333
48.0382
48.0434
48.0484
48.0532
48.0583
48.0636
48.0689
48.0736
48.0787
48.0833
48.088
48.093
48.0981
48.1027
48.1076
48.1129
48.118
48.1229
48.1275
48.1319
48.1364
48.142
48.1473
48.1521
48.1569
48.1619
48.1667
48.172
48.1766
48.1819
48.1874
48.1918
48.1971
48.2019
48.206
48.211
48.2156
48.2213
48.2259
48.2314
48.2362
48.2411
48.2459
48.2503
48.2549
48.2596
48.2645
48.269
48.2733
48.2779
48.2829
48.2878
48.2928
48.2978
48.3029
48.3084
48.3135
48.3179
48.3228
48.3276
48.3326
48.3373
48.3419
48.3469
48.3519
48.3567
48.362
48.3676
48.372
48.3768
48.3814
48.3856
48.3897
48.3946
48.3998
48.4048
48.4092
48.4138
48.4187
48.4239
48.4288
48.4346
48.4398
48.4447
48.4495
48.4546
48.4595
48.4644
48.469
48.4737
48.4787
48.4832
48.4888
48.4936
48.4982
48.5037
48.5085
48.5133
48.5182
48.5232
48.5281
48.5331
48.5381
48.5424
48.5475
48.5526
48.5575
48.5624
48.5679
48.5731
48.5777
48.5826
48.588
48.5928
48.5977
48.6025
48.6075
48.6122
48.6166
48.6213
48.6256
48.63
48.6344
48.6395
48.6442
48.6483
48.6536
48.6581
48.6626
48.6674
48.6726
48.6778
48.6826
48.6871
48.6925
48.6973
48.7021
48.7074
48.712
48.717
48.722
48.7265
48.7311
48.7361
48.7411
48.7461
48.7508
48.7553
48.7604
48.7644
48.769
48.7745
48.7794
48.7847
48.7896
48.7951
48.8005
48.8051
48.8105
48.8149
48.8193
48.8242
48.8294
48.8339
48.8384
48.8434
48.8481
48.8529
48.8582
48.8627
48.8673
48.8721
48.8769
48.8823
48.8866
48.8908
48.8961
48.9004
48.9051
48.9109
48.9157
48.9207
48.9253
48.9304
48.9356
48.9403
48.9458
48.9506
48.9557
48.9608
48.9658
48.9704
48.975
48.9799
48.9848
48.9898
48.9945
48.9994
49.0042
49.0093
49.0142
49.019
49.0236
49.0286
49.0333
49.0385
49.0437
49.0487
49.0535
49.0582
49.0632
49.0676
49.0728
49.077
49.0821
49.0871
49.0921
49.0971
49.1021
49.1069
49.1118
49.1169
49.1217
49.1271
49.1315
49.1364
49.1416
49.1466
49.151
49.1558
49.1608
49.1653
49.1695
49.1743
49.1786
49.1838
49.1882
49.1932
49.1977
49.2031
49.208
49.2132
49.2183
49.2229
49.2275
49.2323
49.2367
49.2416
49.2464
49.2511
49.2561
49.2613
49.2656
49.2699
49.2751
49.2803
49.2844
49.2895
49.294
49.2991
49.3041
49.3087
49.3133
49.3185
49.3234
49.3283
49.3329
49.3376
49.3431
49.3483
49.3528
49.3577
49.3624
49.3677
49.3724
49.3773
49.3821
49.3864
49.3912
49.3956
49.4006
49.4048
49.4097
49.4145
49.4184
49.4234
49.4288
49.4336
49.4386
49.4434
49.4481
49.4527
49.457
49.462
49.4674
49.4721
49.4769
49.4813
49.4866
49.4917
49.4966
49.5012
49.5057
49.5109
49.5158
49.5208
49.5254
49.5302
49.5352
49.5405
49.5451
49.5499
49.5553
49.5592
49.5642
49.5689
49.5739
49.5787
49.5831
49.5878
49.5935
49.598
49.6027
49.6076
49.6122
49.617
49.6218
49.627
49.6321
49.6368
49.6408
49.6462
49.6521
49.6565
49.662
49.6667
49.6716
49.6765
49.6816
49.6867
49.6917
49.696
49.7013
49.7064
49.7117
49.7169
49.7217
49.7269
49.7316
49.7369
49.7414
49.7463
49.7511
49.7558
49.7613
49.7664
49.7715
49.776
49.7807
49.7855
49.7907
49.7959
49.8003
49.8051
49.8099
49.8152
49.8203
49.8245
49.8305
49.8355
49.8402
49.8451
49.8499
49.8548
49.86
49.8647
49.8698
49.8752
49.8799
49.8848
49.8893
49.8941
49.8996
49.904
49.909
49.9141
49.9184
49.9227
49.9272
49.9319
49.9369
49.9417
49.9469
49.9518
49.9561
49.9611
49.9658
49.9709
49.975
49.9803
49.9855
49.9904
49.9953
50.0002
50.0046
50.009
50.0141
50.0186
50.0228
50.0271
50.032
50.0368
50.0415
50.0461
50.0512
50.0559
50.0605
50.0658
50.0707
50.0751
50.0796
50.0845
50.0898
50.0947
50.1
50.1048
50.1098
50.1146
50.1192
50.1242
50.1286
50.1336
50.1388
50.1437
50.1479
50.1532
50.1578
50.1629
50.1679
50.1729
50.1771
50.1819
50.1867
50.1915
50.1971
50.2024
50.2071
50.2115
50.2164
50.2213
50.2263
50.2315
50.2368
50.241
50.2457
50.2506
50.2556
50.2608
50.2662
50.2707
50.276
50.281
50.2863
50.2914
50.2965
50.3009
50.3053
50.3107
50.3157
50.3208
50.3252
50.3296
50.334
50.3388
50.3436
50.349
50.3539
50.3591
50.3638
50.3686
50.3731
50.3777
50.382
50.3865
50.3919
50.3967
50.4008
50.4056
50.4111
50.4157
50.4206
50.4253
50.4298
50.4354
50.4406
50.446
50.4503
50.4553
50.46
50.465
50.4699
50.4754
50.4802
50.4851
50.4902
50.495
50.4995
50.5034
50.5079
50.5129
50.518
50.5227
50.5275
50.5323
50.5372
50.5421
50.5474
50.5522
50.5572
50.5615
50.5669
50.5717
50.5763
50.5808
50.5855
50.5902
50.595
50.5998
50.6045
50.6094
50.6141
50.6193
50.6241
50.6288
50.634
50.6392
50.6442
50.6493
50.6541
50.6588
50.6639
50.669
50.6735
50.6786
50.6836
50.6882
50.6933
50.6984
50.7035
50.709
50.7138
50.7191
50.7237
50.7297
50.7346
50.7393
50.744
50.7489
50.7534
50.7587
50.7642
50.7688
50.7736
50.7782
50.7835
50.7886
50.7939
50.7983
50.8033
50.8084
50.8126
50.8175
50.8222
50.8265
50.8311
50.8359
50.8406
50.8446
50.8492
50.8545
50.8593
50.8639
50.869
50.8739
50.8791
50.8839
50.8888
50.8935
50.8983
50.9026
50.9072
50.912
50.9172
50.9217
50.927
50.9315
50.9361
50.9413
50.9465
50.9518
50.9568
50.9612
50.9664
50.9708
50.9752
50.9805
50.9845
50.989
50.9943
50.9992
51.0042
51.0092
51.0149
51.0196
51.0248
51.029
51.0337
51.0389
51.0434
51.0482
51.0531
51.0583
51.0635
51.0681
51.0733
51.0779
51.0828
51.0874
51.0919
51.0966
51.1011
51.1062
51.1108
51.1156
51.1204
51.1251
51.1306
51.1359
51.1408
51.1459
51.1506
51.1555
51.16
51.1651
51.1701
51.175
51.18
51.1848
51.1901
51.1945
51.1996
51.204
51.2085
51.2136
51.2182
51.2231
51.2281
51.2342
51.2394
51.2441
51.2485
51.2527
51.2578
51.2625
51.2675
51.272
51.2767
51.2814
51.2868
51.2915
51.2964
51.3008
51.3055
51.3107
51.3153
51.3196
51.3243
51.3294
51.3343
51.3389
51.343
51.3478
51.3521
51.357
51.3615
51.3668
51.3718
51.3763
51.3807
51.3861
51.3912
51.3962
51.4007
51.4059
51.4107
51.4152
51.4201
51.4248
51.4295
51.4343
51.4395
51.4447
51.4496
51.4544
51.4591
51.4635
51.4685
51.4734
51.4782
51.4834
51.4881
51.4928
51.4977
51.5022
51.5062
51.5117
51.5168
51.5216
51.5265
51.5308
51.5353
51.5402
51.5458
51.5502
51.5547
51.5595
51.5643
51.569
51.5738
51.5785
51.5838
51.5887
51.5935
51.5986
51.6032
51.6086
51.6134
51.6181
51.6224
51.627
51.6319
51.6362
51.6411
51.646
51.6513
51.6558
51.6602
51.6649
51.6697
51.6747
51.6801
51.6858
51.6908
51.6958
51.7007
51.7054
51.71
51.7144
51.7199
51.7244
51.7287
51.7332
51.7381
51.7438
51.7487
51.7536
51.7581
51.7633
51.7685
51.773
51.7784
51.7828
51.7879
51.7925
51.7985
51.8036
51.808
51.8135
51.8183
51.8229
51.8279
51.8331
51.8382
51.8435
51.8486
51.8537
51.8588
51.8634
51.8684
51.8726
51.8775
51.8823
51.8871
51.8919
51.8969
51.9014
51.9064
51.9115
51.9162
51.9214
51.9258
51.9309
51.9362
51.9411
51.9462
51.9512
51.9565
51.962
51.9669
51.9716
51.9769
51.982
51.9867
51.9918
51.9963
52.0008
52.0059
52.0101
52.015
52.0196
52.0248
52.0299
52.035
52.0399
52.0445
52.0488
52.0534
52.0589
52.0637
52.0686
52.0731
52.0781
52.0831
52.0884
52.0934
52.0969
52.102
52.1068
52.1121
52.1171
52.1214
52.126
52.1308
52.1357
52.1412
52.1462
52.1513
52.1564
52.1613
52.166
52.1712
52.1757
52.1808
52.1856
52.1904
52.1945
52.1992
52.2043
52.209
52.2138
52.2187
52.2238
52.2286
52.2335
52.238
52.2428
52.2479
52.2527
52.2577
52.2623
52.2673
52.2724
52.2773
52.282
52.2871
52.2922
52.2972
52.3023
52.3072
52.3125
52.3172
52.3219
52.3274
52.3324
52.3372
52.3417
52.3463
52.3508
52.3557
52.3607
52.3653
52.3701
52.3749
52.3801
52.3849
52.3895
52.3946
52.399
52.4033
52.4084
52.4129
52.4174
52.4229
52.4273
52.4322
52.4371
52.4418
52.4462
52.4516
52.4562
52.4614
52.4663
52.4713
52.4767
52.481
52.4858
52.4913
52.496
52.5009
52.506
52.5112
52.5165
52.522
52.5266
52.5312
52.5359
52.5404
52.5455
52.5502
52.555
52.5606
52.5656
52.5706
52.5755
52.5802
52.5848
52.5898
52.5946
52.5998
52.6043
52.6091
52.6133
52.6186
52.6238
52.6287
52.6331
52.6376
52.6424
52.6478
52.6527
52.6569
52.6622
52.667
52.6718
52.6771
52.6816
52.6862
52.6914
52.696
52.7011
52.7064
52.7116
52.7162
52.7207
52.7258
52.7303
52.7344
52.739
52.744
52.7491
52.754
52.7591
52.7637
52.7689
52.774
52.7789
52.784
52.7892
52.7938
52.7982
52.8034
52.8082
52.8134
52.8182
52.8227
52.828
52.8337
52.8391
52.8442
52.8488
52.8532
52.8575
52.8627
52.8675
52.8727
52.878
52.8824
52.8876
52.8924
52.8969
52.9012
52.906
52.9112
52.9163
52.9219
52.927
52.9318
52.9363
52.9407
52.9452
52.9503
52.9551
52.9602
52.9653
52.97
52.9751
52.9793
52.9847
52.9897
52.9951
52.9999
53.0046
53.0088
53.0139
53.019
53.0242
53.0291
53.0335
53.0382
53.0424
53.0475
53.0525
53.0571
53.062
53.0668
53.0717
53.0765
53.0815
53.0864
53.0914
53.0964
53.1019
53.1068
53.1124
53.1176
53.1224
53.1267
53.1316
53.1369
53.1414
53.1463
53.151
53.1564
53.1613
53.1663
53.1712
53.1756
53.1804
53.1857
53.1904
53.1946
53.1986
53.2038
53.2089
53.2137
53.2192
53.2243
53.2288
53.2336
53.238
53.243
53.2479
53.2529
53.2578
53.2627
53.2676
53.2735
53.2785
53.2836
53.2884
53.2933
53.2982
53.3031
53.308
53.3134
53.3178
53.322
53.3263
53.3314
53.3362
53.3411
53.3461
53.3504
53.3553
53.3603
53.3648
53.3697
53.3742
53.3794
53.3849
53.3896
53.394
53.3993
53.4041
53.4092
53.4135
53.4182
53.423
53.4275
53.4328
53.438
53.4423
53.4471
53.452
53.4569
53.4621
53.4668
53.4717
53.4775
53.4824
53.4878
53.493
53.4981
53.5037
53.509
53.5142
53.5193
53.5241
53.5287
53.5335
53.5383
53.5431
53.5474
53.5528
53.5575
53.5624
53.5673
53.5723
53.5772
53.5818
53.5867
53.5921
53.5967
53.6018
53.6067
53.6114
53.616
53.6211
53.6263
53.6316
53.6369
53.641
53.6461
53.6509
53.656
53.6612
53.6657
53.6704
53.6755
53.6804
53.6857
53.6909
53.6958
53.7005
53.7055
53.7099
53.7148
53.72
53.7249
53.7293
53.7342
53.7397
53.7455
53.7506
53.7552
53.7603
53.7659
53.771
53.7752
53.7802
53.785
53.7899
53.7948
53.7995
53.8046
53.8098
53.8151
53.8199
53.8244
53.8296
53.8342
53.839
53.8433
53.8479
53.8526
53.8578
53.8626
53.8674
53.8722
53.8773
53.8825
53.8872
53.8923
53.8976
53.9026
53.9075
53.9122
53.917
53.9224
53.927
53.9317
53.9366
53.941
53.9459
53.9509
53.9558
53.9608
53.966
53.9719
53.9765
53.9807
53.9858
53.9904
53.9955
54.0001
54.0056
54.0106
54.0152
54.0201
54.0255
54.0308
54.0358
54.0406
54.0457
54.0506
54.0551
54.0598
54.0647
54.0699
54.0751
54.08
54.0847
54.0893
54.0937
54.0983
54.1035
54.1088
54.1137
54.1186
54.1233
54.1283
54.1339
54.1385
54.1431
54.1482
54.1533
54.1589
54.1644
54.1691
54.1741
54.1794
54.1848
54.1901
54.1957
54.2011
54.2061
54.2107
54.2151
54.2202
54.2254
54.2307
54.236
54.2407
54.2459
54.2516
54.2567
54.2614
54.2663
54.2713
54.2765
54.2813
54.2868
54.2921
54.2973
54.3025
54.3078
54.313
54.3179
54.3226
54.3272
54.3321
54.3371
54.3422
54.3473
54.3524
54.3573
54.363
54.3677
54.3727
54.3777
54.3826
54.3875
54.3923
54.3973
54.4019
54.4069
54.4116
54.4162
54.4209
54.4263
54.431
54.4362
54.4408
54.4457
54.4502
54.4556
54.4602
54.4651
54.4698
54.4748
54.48
54.4851
54.4906
54.4955
54.5008
54.5057
54.5105
54.5154
54.5209
54.5264
54.5315
54.5368
54.5408
54.5462
54.551
54.557
54.5626
54.5676
54.5725
54.5777
54.5828
54.5881
54.5934
54.5979
54.6034
54.6085
54.6138
54.6186
54.6236
54.6285
54.6337
54.6393
54.6441
54.6494
54.6542
54.659
54.6641
54.6687
54.6734
54.6783
54.6833
54.6886
54.6936
54.6988
54.704
54.7093
54.7141
54.7188
54.7238
54.7288
54.7336
54.7385
54.7437
54.7485
54.754
54.759
54.764
54.7685
54.7735
54.7778
54.7829
54.788
54.7931
54.7986
54.8043
54.809
54.8137
54.8191
54.8237
54.8291
54.8346
54.8398
54.8451
54.8503
54.8553
54.8608
54.8655
54.8704
54.8753
54.8803
54.8857
54.8911
54.8957
54.9008
54.9053
54.91
54.9144
54.9193
54.9246
54.9297
54.9357
54.941
54.9461
54.9519
54.9573
54.9623
54.9672
54.9721
54.9763
54.9806
54.9857
54.9907
54.9958
55.0011
55.0061
55.0113
55.0161
55.0208
55.0258
55.0308
55.0359
55.0406
55.0464
55.0512
55.0565
55.062
55.0672
55.0725
55.0775
55.0827
55.0876
55.0926
55.0978
55.1028
55.1076
55.1127
55.1174
55.122
55.1272
55.1318
55.1364
55.1416
55.1468
55.1518
55.157
55.1619
55.1673
55.1721
55.1771
55.1819
55.1869
55.1918
55.1973
55.2021
55.2073
55.2122
55.2171
55.2218
55.2273
55.2324
55.2376
55.2427
55.2475
55.2521
55.2574
55.2622
55.2676
55.2726
55.2777
55.2828
55.2875
55.292
55.2976
55.3031
55.3088
55.3142
55.3191
55.3245
55.3297
55.3349
55.3394
55.3447
55.3494
55.3546
55.3607
55.3657
55.3707
55.375
55.3804
55.3859
55.391
55.3958
55.4011
55.4061
55.4117
55.4165
55.4217
55.427
55.4321
55.4372
55.4417
55.446
55.4512
55.4567
55.4625
55.4676
55.4726
55.4778
55.4829
55.4882
55.4924
55.4972
55.5026
55.5083
55.5129
55.5184
55.5231
55.5288
55.534
55.5387
55.5438
55.5491
55.5543
55.5589
55.5651
55.5706
55.5757
55.5808
55.5866
55.5918
55.5972
55.602
55.6069
55.6119
55.6173
55.6227
55.6276
55.6329
55.6381
55.6437
55.6484
55.6534
55.6585
55.664
55.6694
55.6741
55.6788
55.6842
55.6894
55.6941
55.6993
55.7046
55.7096
55.7152
55.7202
55.7256
55.7305
55.7359
55.7411
55.7465
55.7517
55.757
55.7625
55.7674
55.7728
55.7779
55.7831
55.7882
55.7943
55.7992
55.8041
55.8093
55.8139
55.8188
55.8239
55.8291
55.8347
55.8399
55.8449
55.8505
55.8559
55.8611
55.867
55.8723
55.8779
55.8828
55.8879
55.8932
55.8984
55.9039
55.9085
55.9136
55.9189
55.9233
55.9287
55.9343
55.9396
55.9447
55.9502
55.9549
55.9605
55.9654
55.9702
55.9753
55.9802
55.9852
55.9902
55.9959
56.0005
56.0058
56.0109
56.016
56.0212
56.0263
56.0315
56.0369
56.0423
56.0482
56.0533
56.0587
56.0634
56.0686
56.0729
56.0777
56.0823
56.0871
56.0921
56.0974
56.1029
56.1078
56.1127
56.1176
56.1223
56.1277
56.133
56.1381
56.1435
56.1492
56.1551
56.1608
56.1661
56.1715
56.1763
56.1819
56.1879
56.1926
56.1982
56.2031
56.2088
56.2133
56.2191
56.2247
56.2303
56.2355
56.2407
56.2459
56.2507
56.2553
56.2605
56.266
56.2713
56.2762
56.2811
56.286
56.291
56.2958
56.3011
56.3064
56.3116
56.3168
56.3217
56.3274
56.3323
56.337
56.3422
56.3469
56.3524
56.3572
56.3632
56.3683
56.3738
56.3789
56.384
56.3893
56.3948
56.4
56.4053
56.4107
56.4162
56.4211
56.4266
56.4322
56.4364
56.4413
56.4461
56.4515
56.4565
56.4619
56.4671
56.4719
56.4771
56.4826
56.4876
56.4929
56.4987
56.5036
56.5088
56.5137
56.5191
56.5241
56.5292
56.5345
56.5405
56.5458
56.5507
56.5565
56.5619
56.5673
56.5726
56.5781
56.5841
56.5894
56.5942
56.6
56.6053
56.6103
56.6155
56.6211
56.6267
56.6327
56.6373
56.643
56.6486
56.6535
56.6589
56.6638
56.6693
56.6753
56.6808
56.6861
56.6918
56.6967
56.702
56.7084
56.7136
56.7182
56.7241
56.73
56.7358
56.7413
56.7463
56.7513
56.7569
56.762
56.7671
56.7725
56.7778
56.7833
56.7888
56.7941
56.7998
56.8047
56.8104
56.8152
56.821
56.826
56.8306
56.8357
56.8408
56.8454
56.8504
56.8554
56.8614
56.867
56.872
56.877
56.8819
56.8883
56.8936
56.8991
56.904
56.9099
56.9155
56.9211
56.9264
56.9314
56.9368
56.942
56.9475
56.9526
56.9577
56.9636
56.9687
56.9736
56.9788
56.9844
56.9899
56.9954
57.0001
57.0055
57.0108
57.0158
57.0205
57.0262
57.0311
57.0359
57.0415
57.0467
57.052
57.0567
57.0622
57.0679
57.0734
57.0784
57.0843
57.0893
57.0945
57.0998
57.1054
57.111
57.1163
57.1214
57.1265
57.1316
57.1365
57.1415
57.1467
57.1524
57.1589
57.1641
57.1695
57.1749
57.1803
57.1861
57.191
57.1963
57.2016
57.2074
57.2128
57.2186
57.225
57.23
57.2363
57.2411
57.2459
57.2515
57.2567
57.2621
57.2674
57.2724
57.2781
57.2831
57.2886
57.2937
57.2988
57.3039
57.3101
57.3155
57.3209
57.3263
57.3327
57.3378
57.3424
57.3481
57.3531
57.3584
57.363
57.3686
57.374
57.3795
57.3853
57.3905
57.3959
57.4015
57.407
57.4126
57.4182
57.4236
57.429
57.4341
57.4392
57.4448
57.4508
57.4558
57.4612
57.4661
57.4712
57.4758
57.4814
57.4874
57.4923
57.4978
57.5035
57.5094
57.515
57.5199
57.5256
57.5311
57.5362
57.5419
57.5469
57.5528
57.558
57.5633
57.5687
57.5742
57.5799
57.5857
57.5912
57.5969
57.6025
57.6077
57.6135
57.619
57.6243
57.6298
57.6351
57.6404
57.6459
57.6512
57.6568
57.6619
57.6668
57.6718
57.6768
57.6822
57.6876
57.6933
57.6989
57.7043
57.7099
57.7154
57.7204
57.7262
57.7313
57.7365
57.7419
57.7471
57.7538
57.7592
57.765
57.7707
57.7762
57.7827
57.7884
57.7943
57.7993
57.8047
57.8096
57.8152
57.8215
57.8274
57.8322
57.8383
57.844
57.8494
57.855
57.8604
57.8658
57.872
57.8777
57.8831
57.8891
57.8943
57.9003
57.9057
57.9114
57.9171
57.9226
57.9276
57.933
57.9383
57.9439
57.9496
57.9559
57.961
57.967
57.9726
57.9781
57.9834
57.9892
57.9949
58.0006
58.0064
58.0117
58.0171
58.0228
58.0285
58.0341
58.0398
58.0453
58.0511
58.0563
58.0626
58.068
58.0737
58.0796
58.0853
58.0919
58.0979
58.1041
58.11
58.1155
58.1214
58.1274
58.1337
58.1394
58.1449
58.1508
58.1562
58.1625
58.1677
58.1733
58.1791
58.1848
58.1912
58.1969
58.2029
58.2082
58.2141
58.2196
58.226
58.2315
58.2375
58.2425
58.2481
58.2541
58.2598
58.2652
58.2712
58.2769
58.2828
58.2883
58.2946
58.3006
58.3058
58.3119
58.3173
58.3233
58.3296
58.3356
58.3406
58.3461
58.3515
58.3568
58.3626
58.3688
58.3743
58.3797
58.3849
58.3906
58.3966
58.4029
58.4098
58.4153
58.4217
58.4275
58.433
58.4388
58.4441
58.45
58.4558
58.462
58.4684
58.4744
58.4798
58.4863
58.4924
58.4983
58.5051
58.5108
58.5164
58.522
58.5275
58.5337
58.5394
58.545
58.5506
58.5566
58.5621
58.5688
58.5744
58.5804
58.5867
58.5932
58.5994
58.6057
58.6118
58.6173
58.623
58.629
58.6357
58.6411
58.6472
58.6532
58.6585
58.6646
58.6703
58.6759
58.6822
58.6883
58.6946
58.7004
58.7065
58.7117
58.7179
58.7245
58.7299
58.7358
58.7413
58.7472
58.7527
58.7595
58.7654
58.7713
58.7774
58.7832
58.7886
58.7951
58.8018
58.8085
58.8158
58.8217
58.828
58.8341
58.8397
58.8448
58.8507
58.856
58.8622
58.8689
58.8751
58.8805
58.8865
58.8927
58.8985
58.9054
58.9112
58.9175
58.9236
58.9289
58.9344
58.9398
58.9453
58.9509
58.9577
58.9637
58.9696
58.9765
58.9822
58.9877
58.9941
59.0005
59.007
59.0131
59.0186
59.0244
59.0306
59.0369
59.0426
59.0485
59.0542
59.0598
59.0652
59.0713
59.0781
59.0839
59.0895
59.0955
59.1023
59.1085
59.115
59.1216
59.1276
59.1339
59.14
59.1463
59.153
59.1591
59.1649
59.1706
59.1759
59.1818
59.1877
59.1933
59.1998
59.2056
59.2116
59.2178
59.224
59.2289
59.2353
59.2414
59.248
59.2546
59.2602
59.2674
59.273
59.2794
59.2857
59.2925
59.2981
59.3048
59.3107
59.3171
59.3226
59.329
59.3356
59.3431
59.349
59.3551
59.362
59.3685
59.375
59.3814
59.3872
59.3935
59.3996
59.4058
59.412
59.4177
59.4245
59.4305
59.4364
59.4428
59.4492
59.4556
59.4621
59.4691
59.4753
59.4811
59.4878
59.4933
59.5
59.5057
59.5117
59.5174
59.524
59.5313
59.5379
59.5443
59.5509
59.5579
59.5642
59.5713
59.5775
59.5837
59.5892
59.5946
59.6005
59.607
59.6136
59.6206
59.6278
59.6341
59.6405
59.6474
59.6537
59.66
59.6659
59.6726
59.679
59.6853
59.6913
59.6982
59.7043
59.7106
59.7173
59.7237
59.7296
59.7352
59.7418
59.7485
59.7551
59.7619
59.7677
59.7746
59.7813
59.788
59.7941
59.8012
59.8076
59.814
59.8201
59.8273
59.8341
59.8411
59.8474
59.8534
59.8599
59.8665
59.8734
59.879
59.8858
59.8936
59.9007
59.9078
59.9154
59.9219
59.9282
59.9343
59.94
59.9467
59.9536
59.96
59.9674
59.9747
59.9811
59.9875
59.994
60.0011
60.0085
60.0146
60.0215
60.0279
60.0354
60.0423
60.0498
60.0566
60.0627
60.0694
60.077
60.0837
60.0905
60.097
60.1038
60.1102
60.117
60.1243
60.1319
60.1387
60.1451
60.152
60.158
60.1646
60.1701
60.1767
60.1836
60.1904
60.1979
60.2048
60.2123
60.2187
60.2268
60.2332
60.2403
60.2476
60.2545
60.2618
60.2684
60.2755
60.2818
60.2886
60.2951
60.3028
60.3098
60.3166
60.3235
60.3308
60.3386
60.3455
60.3529
60.359
60.3662
60.373
60.3801
60.3869
60.3943
60.4009
60.4077
60.4146
60.421
60.4284
60.4351
60.442
60.449
60.4564
60.4635
60.4713
60.4779
60.4863
60.493
60.5005
60.507
60.5144
60.5213
60.5288
60.5352
60.5428
60.5494
60.557
60.5649
60.572
60.5787
60.586
60.5924
60.5996
60.6064
60.6127
60.6208
60.6292
60.6364
60.6432
60.65
60.6574
60.6656
60.6736
60.6813
60.6886
60.6957
60.7029
60.7105
60.7169
60.7248
60.7315
60.7398
60.7479
60.7548
60.7624
60.7693
60.7764
60.7832
60.7905
60.7977
60.8048
60.8118
60.8189
60.8266
60.8336
60.8408
60.8489
60.8556
60.863
60.8696
60.8768
60.8846
60.8923
60.8995
60.9068
60.9131
60.92
60.9278
60.9352
60.9423
60.9496
60.9581
60.9659
60.973
60.9818
60.9897
60.9969
61.0045
61.0118
61.0187
61.026
61.0334
61.0407
61.0482
61.0556
61.0631
61.0711
61.0789
61.0871
61.0952
61.1024
61.1105
61.1182
61.1267
61.1347
61.1418
61.1497
61.1572
61.1643
61.172
61.1808
61.1893
61.1967
61.2056
61.2143
61.2213
61.2288
61.2365
61.2443
61.2528
61.2598
61.2673
61.275
61.2825
61.29
61.2985
61.3077
61.3152
61.3239
61.3314
61.34
61.3481
61.3558
61.3643
61.3722
61.3801
61.3887
61.3964
61.4042
61.4132
61.4212
61.4297
61.4379
61.4455
61.4537
61.4611
61.4699
61.4771
61.4851
61.493
61.5015
61.5099
61.5181
61.5269
61.5355
61.5439
61.5519
61.5597
61.5689
61.5773
61.5857
61.5945
61.6026
61.6103
61.6188
61.627
61.6359
61.645
61.6533
61.6613
61.6694
61.6782
61.6868
61.6952
61.7038
61.712
61.7216
61.73
61.7383
61.7473
61.7566
61.7656
61.7738
61.7824
61.7909
61.7996
61.8083
61.8165
61.8248
61.8349
61.8442
61.8533
61.8621
61.8709
61.8786
61.8873
61.896
61.9039
61.9131
61.9217
61.9312
61.9408
61.9493
61.9582
61.9672
61.9764
61.9857
61.9944
62.0026
62.0124
62.0226
62.032
62.0419
62.0502
62.0593
62.0688
62.0783
62.0874
62.0964
62.1063
62.1157
62.1255
62.1351
62.1449
62.1534
62.164
62.173
62.1821
62.1909
62.2007
62.2103
62.2208
62.2299
62.2388
62.2477
62.256
62.2658
62.2748
62.284
62.2932
62.3026
62.3128
62.3222
62.3315
62.3402
62.3513
62.3601
62.3691
62.3786
62.3889
62.3992
62.4085
62.4165
62.4257
62.4354
62.4454
62.457
62.4653
62.4746
62.4842
62.4941
62.504
62.5144
62.5242
62.5335
62.5426
62.5519
62.5615
62.571
62.5799
62.5911
62.6016
62.6125
62.6218
62.6327
62.642
62.6523
62.6622
62.6726
62.6827
62.6929
62.7027
62.7138
62.7244
62.7346
62.745
62.7559
62.7655
62.7752
62.7846
62.7937
62.8042
62.8142
62.8257
62.8358
62.8466
62.8565
62.8672
62.8789
62.888
62.8989
62.909
62.92
62.9319
62.9427
62.9539
62.9647
62.9758
62.9864
62.9975
63.0083
63.0186
63.0298
63.0402
63.0509
63.0619
63.0726
63.0849
63.0966
63.1078
63.1189
63.1289
63.1402
63.1521
63.1647
63.1766
63.1879
63.1992
63.2111
63.2251
63.2358
63.2461
63.2566
63.2679
63.2798
63.2914
63.3034
63.3152
63.3267
63.3376
63.3491
63.3621
63.3758
63.3893
63.4009
63.414
63.427
63.4397
63.4538
63.4656
63.479
63.4897
63.5019
63.514
63.527
63.5382
63.5504
63.562
63.5737
63.5857
63.596
63.6089
63.6222
63.6358
63.6481
63.6607
63.673
63.6845
63.6963
63.709
63.7216
63.7349
63.7457
63.7593
63.7726
63.7858
63.8001
63.8128
63.8267
63.8385
63.8503
63.8626
63.8773
63.8892
63.9021
63.9166
63.9291
63.9427
63.9559
63.9711
63.9845
63.9977
64.0105
64.0259
64.0402
64.0528
64.0661
64.0803
64.0933
64.1055
64.1198
64.135
64.1476
64.1592
64.1731
64.1893
64.2055
64.2189
64.2324
64.2467
64.2603
64.275
64.2897
64.3044
64.3173
64.3316
64.3469
64.3595
64.373
64.3875
64.4011
64.4171
64.43
64.4426
64.4555
64.4711
64.4849
64.4999
64.5131
64.5269
64.542
64.5562
64.5714
64.5871
64.6023
64.6175
64.631
64.6465
64.6633
64.6785
64.6934
64.7079
64.7223
64.7374
64.7532
64.7676
64.7823
64.7956
64.8113
64.8261
64.8411
64.856
64.8717
64.8882
64.9018
64.9186
64.9341
64.9493
64.9656
64.9828
64.9996
65.0155
65.0308
65.0471
65.0629
65.0793
65.0959
65.1131
65.1297
65.1473
65.1632
65.1808
65.1983
65.2148
65.2307
65.2482
65.2662
65.2843
65.302
65.3184
65.3394
65.3563
65.371
65.3877
65.4048
65.4216
65.4388
65.4567
65.473
65.4944
65.5112
65.5293
65.5493
65.5691
65.5868
65.6033
65.6211
65.6394
65.6581
65.676
65.695
65.7118
65.7323
65.7515
65.7708
65.7923
65.8119
65.8302
65.8508
65.8689
65.8889
65.9107
65.9325
65.9511
65.9701
65.9881
66.0062
66.0257
66.0454
66.0636
66.0837
66.1018
66.123
66.1421
66.1624
66.185
66.2055
66.2281
66.2483
66.27
66.2925
66.3139
66.3352
66.3549
66.3757
66.3946
66.4147
66.4345
66.4569
66.477
66.4971
66.518
66.5407
66.5611
66.5837
66.6035
66.6266
66.648
66.6696
66.6889
66.7111
66.7334
66.7561
66.7775
66.8008
66.8246
66.8495
66.8714
66.8922
66.9126
66.9382
66.9581
66.9776
66.9994
67.0227
67.0463
67.0713
67.0969
67.1211
67.144
67.1662
67.1874
67.2114
67.2372
67.2624
67.2837
67.308
67.3296
67.3562
67.3807
67.404
67.4271
67.4544
67.4789
67.5052
67.5294
67.5555
67.5801
67.6045
67.6283
67.6566
67.6817
67.7053
67.7304
67.7601
67.7868
67.8107
67.8345
67.8631
67.89
67.9162
67.9435
67.9712
67.9982
68.0239
68.0475
68.0746
68.0999
68.1302
68.1584
68.187
68.2122
68.2391
68.2638
68.2927
68.3174
68.3437
68.3717
68.3997
68.427
68.4567
68.4856
68.5142
68.5458
68.5755
68.6025
68.6294
68.6603
68.6881
68.7202
68.751
68.783
68.8139
68.8445
68.8707
68.9036
68.9334
68.9656
68.9957
69.0225
69.0548
69.0843
69.1156
69.1459
69.1758
69.206
69.2366
69.2698
69.2998
69.3304
69.3612
69.3904
69.4222
69.4517
69.4834
69.5155
69.5455
69.5792
69.6131
69.6415
69.673
69.7042
69.7364
69.7712
69.8067
69.8369
69.8684
69.9029
69.9327
69.9646
70.002
70.0406
70.073
70.1087
70.1436
70.1787
70.217
70.2564
70.2934
70.333
70.3742
70.4092
70.4461
70.4842
70.5237
70.5632
70.6034
70.6434
70.6801
70.7114
70.7501
70.7877
70.8239
70.8618
70.897
70.9343
70.9776
71.0207
71.0621
71.0991
71.1367
71.1789
71.2158
71.2607
71.3058
71.3553
71.3967
71.441
71.4867
71.534
71.5736
71.6175
71.6637
71.7073
71.757
71.8015
71.8502
71.903
71.9483
71.9935
72.0398
72.0943
72.1426
72.1949
72.2508
72.3084
72.3611
72.4082
72.4616
72.5174
72.5667
72.6198
72.6678
72.7239
72.7768
72.8414
72.8995
72.9618
73.0142
73.0634
73.1136
73.1806
73.2348
73.2961
73.3569
73.4291
73.4878
73.5522
73.6203
73.6899
73.7708
73.8443
73.9281
74.0035
74.0896
74.1672
74.2394
74.318
74.3954
74.4931
74.5807
74.6741
74.7679
74.8738
74.9855
75.0855
75.1949
75.3229
75.4634
75.6076
75.7651
75.9648
76.1455
76.3926
76.6586
77.0029
77.3895
77.8455
78.5386
82.9843
