1
2
2.5
3.16667
3.66667
3.86667
4.2
4.34286
4.34286
4.67619
6.48371
8.62032
10.7656
13.6626
15.89
17.5703
18.8715
20.2478
21.3221
22.2394
23.0276
23.7217
24.4651
25.1068
25.8089
26.3544
26.9147
27.5128
28.032
28.5439
29.0511
29.4981
29.9094
30.3587
30.7609
31.159
31.4966
31.8393
32.1806
32.4763
32.8151
33.1301
33.3899
33.6711
33.944
34.2408
34.5234
34.7963
35.0814
35.33
35.6
35.8519
36.1016
36.3358
36.5787
36.7973
37.0553
37.2878
37.516
37.7819
37.9961
38.2021
38.4229
38.6496
38.8812
39.0937
39.3178
39.5214
39.7172
39.9124
40.1182
40.3346
40.5406
40.7654
40.9927
41.1958
41.38
41.5886
41.8013
42.0087
42.2257
42.4305
42.6277
42.8403
43.0222
43.2036
43.402
43.5867
43.7827
43.9688
44.1618
44.3431
44.5234
44.6818
44.8581
45.0346
45.2119
45.368
45.5428
45.7071
45.8778
46.0353
46.1886
46.3359
46.4865
46.6401
46.7881
46.9287
47.086
47.2276
47.3817
47.5346
47.6796
47.8307
47.9697
48.1325
48.2807
48.4157
48.5564
48.7068
48.8399
48.9783
49.1221
49.2533
49.3919
49.5167
49.6498
49.7808
49.8999
50.029
50.1647
50.3018
50.4283
50.5647
50.6962
50.8199
50.9544
51.0898
51.2058
51.3312
51.4644
51.5912
51.7163
51.8406
51.958
52.0757
52.1972
52.3161
52.4296
52.5464
52.6619
52.7837
52.9084
53.0277
53.1425
53.2492
53.3532
53.4555
53.5641
53.6705
53.7854
53.8859
53.9907
54.0853
54.1946
54.2963
54.3955
54.4925
54.5899
54.6874
54.7875
54.9101
55.013
55.1073
55.2074
55.3107
55.4137
55.5114
55.6028
55.7063
55.798
55.9071
56.0067
56.1011
56.2103
56.3053
56.4016
56.5089
56.6143
56.7238
56.8217
56.9237
57.0191
57.1135
57.2143
57.3091
57.4009
57.4989
57.5936
57.6973
57.79
57.883
57.9788
58.0652
58.1644
58.2539
58.3412
58.4269
58.5164
58.606
58.6964
58.7818
58.8672
58.9646
59.054
59.1425
59.2263
59.3082
59.4009
59.491
59.5728
59.6537
59.7452
59.8211
59.9063
59.9788
60.0594
60.1302
60.2123
60.2885
60.3745
60.4482
60.525
60.5997
60.6894
60.7653
60.8427
60.9176
60.9914
61.069
61.1425
61.2224
61.2991
61.3681
61.4464
61.521
61.5925
61.6623
61.7353
61.8014
61.8712
61.95
62.0307
62.105
62.1724
62.2448
62.3086
62.383
62.4547
62.532
62.6014
62.6786
62.7488
62.8109
62.8849
62.9549
63.02
63.0897
63.1594
63.2234
63.2885
63.3551
63.4213
63.4858
63.5471
63.6105
63.6777
63.7484
63.8063
63.8753
63.9383
64.0071
64.0739
64.1392
64.1978
64.2549
64.3183
64.3769
64.4374
64.4935
64.5621
64.62
64.6897
64.7522
64.8071
64.8703
64.9367
64.9996
65.0641
65.1249
65.1831
65.2389
65.2997
65.3665
65.4314
65.4941
65.5516
65.6093
65.6637
65.731
65.7948
65.8576
65.911
65.9732
66.0315
66.0898
66.1509
66.209
66.2654
66.3283
66.3892
66.451
66.5151
66.5748
66.6377
66.7041
66.765
66.829
66.8878
66.9434
66.9972
67.0499
67.1014
67.1614
67.2135
67.2737
67.3333
67.3851
67.4502
67.5106
67.5733
67.6286
67.6838
67.7455
67.8027
67.8623
67.9227
67.981
68.0368
68.0901
68.1462
68.1988
68.2587
68.3159
68.3716
68.4312
68.4887
68.5508
68.6028
68.6555
68.7136
68.7723
68.8305
68.889
68.9465
69.0006
69.0584
69.1182
69.1683
69.2302
69.2865
69.3406
69.3994
69.4536
69.5063
69.5667
69.6254
69.6798
69.7476
69.8044
69.8579
69.9086
69.9611
70.0159
70.0684
70.1303
70.1861
70.2399
70.2978
70.3528
70.4061
70.462
70.5229
70.5762
70.6281
70.6862
70.7469
70.8079
70.8666
70.9194
70.9739
71.0324
71.0955
71.1528
71.2086
71.2653
71.3192
71.3671
71.4286
71.4807
71.5345
71.5961
71.656
71.706
71.7646
71.8217
71.8741
71.9227
71.9853
72.0413
72.0945
72.1478
72.1992
72.2538
72.3102
72.3656
72.4193
72.4792
72.5338
72.5877
72.6398
72.697
72.7517
72.8054
72.849
72.9047
72.9634
73.0132
73.0735
73.1224
73.1763
73.2228
73.2756
73.3334
73.3869
73.4423
73.496
73.5502
73.6065
73.6555
73.7086
73.7618
73.8161
73.8706
73.9222
73.9786
74.0302
74.081
74.1359
74.1891
74.2403
74.2922
74.344
74.3983
74.4502
74.5043
74.5556
74.6022
74.6536
74.7002
74.752
74.8033
74.8569
74.9077
74.9563
75.009
75.063
75.1153
75.1697
75.2158
75.2618
75.3135
75.3687
75.4178
75.4721
75.5199
75.5726
75.6188
75.6703
75.7162
75.7619
75.8117
75.8615
75.9115
75.9629
76.0108
76.0599
76.1134
76.1659
76.2126
76.2601
76.302
76.3585
76.4083
76.4587
76.5108
76.5625
76.6096
76.6593
76.7112
76.7568
76.8048
76.8573
76.9059
76.9529
77.0002
77.048
77.0956
77.1473
77.1974
77.2479
77.2964
77.3452
77.3941
77.446
77.497
77.5417
77.5907
77.6422
77.6936
77.7454
77.7923
77.8378
77.8816
77.931
77.9772
78.0316
78.0811
78.1252
78.1719
78.2182
78.267
78.3142
78.3582
78.4046
78.4585
78.5072
78.5612
78.61
78.6567
78.7031
78.7503
78.7955
78.8406
78.896
78.9429
78.9953
79.0401
79.0878
79.139
79.1852
79.2329
79.2762
79.3276
79.3731
79.4197
79.4682
79.5134
79.5636
79.6109
79.6551
79.7048
79.7492
79.7974
79.8412
79.8849
79.9266
79.9755
80.0271
80.0729
80.1201
80.1651
80.213
80.2546
80.3
80.3457
80.3915
80.4371
80.4811
80.5294
80.5784
80.6247
80.6692
80.7138
80.7565
80.8011
80.845
80.8866
80.933
80.9763
81.0183
81.0607
81.1019
81.1455
81.1875
81.2352
81.2816
81.3255
81.3676
81.4121
81.4583
81.5
81.5418
81.5818
81.6261
81.672
81.7128
81.7553
81.7949
81.834
81.8768
81.9197
81.9653
82.004
82.0487
82.09
82.133
82.177
82.2175
82.2616
82.3009
82.3451
82.3871
82.4317
82.4789
82.5225
82.5661
82.6098
82.651
82.6915
82.7307
82.7689
82.8095
82.8559
82.8922
82.9364
82.9756
83.0129
83.0583
83.0994
83.1424
83.1841
83.2222
83.2625
83.3044
83.3459
83.3868
83.4286
83.4781
83.5175
83.5593
83.6014
83.6405
83.68
83.7203
83.7616
83.8036
83.8483
83.8897
83.9306
83.9688
84.0108
84.0568
84.1039
84.1451
84.1818
84.2228
84.2597
84.2986
84.34
84.3807
84.4211
84.4614
84.4999
84.5447
84.5828
84.6236
84.6716
84.7111
84.7486
84.7916
84.8329
84.8781
84.9148
84.9588
84.9961
85.0383
85.0775
85.1234
85.1646
85.2075
85.2493
85.2921
85.3313
85.3755
85.4166
85.4635
85.5028
85.5471
85.5868
85.629
85.6717
85.7159
85.7569
85.7996
85.8427
85.8846
85.9235
85.9659
86.0045
86.0455
86.0899
86.1318
86.1763
86.2167
86.2617
86.2973
86.3362
86.375
86.4181
86.4639
86.505
86.5436
86.5812
86.6222
86.6684
86.7065
86.7444
86.7868
86.8254
86.8718
86.9097
86.9504
86.9904
87.0306
87.073
87.1185
87.1617
87.2022
87.2444
87.2909
87.3353
87.3774
87.418
87.4599
87.5048
87.5479
87.5884
87.6284
87.6668
87.7037
87.7421
87.7847
87.8302
87.8696
87.9102
87.9497
87.9917
88.026
88.0684
88.1079
88.1495
88.1934
88.2344
88.2769
88.3163
88.3535
88.3917
88.4331
88.4731
88.5122
88.5528
88.5954
88.6357
88.675
88.7155
88.7565
88.8001
88.8425
88.8848
88.9255
88.9679
89.0123
89.052
89.0937
89.1354
89.1763
89.2136
89.246
89.2841
89.3251
89.3686
89.4087
89.4536
89.4917
89.5331
89.5759
89.6161
89.6557
89.6944
89.734
89.7754
89.8155
89.8567
89.8922
89.9332
89.9697
90.0094
90.0487
90.0893
90.1286
90.167
90.2098
90.2508
90.2891
90.3315
90.3717
90.4114
90.4487
90.4886
90.5271
90.5653
90.6053
90.6404
90.6774
90.7194
90.7558
90.7953
90.8362
90.8788
90.9179
90.9582
90.9991
91.0378
91.0783
91.1154
91.1543
91.1936
91.2317
91.2734
91.3121
91.3517
91.3829
91.4175
91.4544
91.4918
91.5267
91.5611
91.5972
91.6335
91.6748
91.7096
91.7433
91.7798
91.8205
91.8575
91.8966
91.9344
91.9708
92.0061
92.0414
92.0782
92.1101
92.151
92.1856
92.2259
92.2629
92.2997
92.3402
92.3772
92.4152
92.4526
92.4909
92.5265
92.5646
92.6025
92.6422
92.6754
92.7118
92.7506
92.7879
92.8243
92.8593
92.8937
92.9282
92.9666
93.0031
93.0399
93.0811
93.1179
93.1542
93.1884
93.2226
93.2579
93.2955
93.3345
93.3692
93.4071
93.4405
93.4723
93.5023
93.5366
93.5692
93.5999
93.6352
93.6702
93.7058
93.7378
93.7747
93.8098
93.8436
93.8742
93.9077
93.9437
93.9753
94.0074
94.0423
94.0737
94.1075
94.1389
94.1737
94.2072
94.2423
94.2778
94.3162
94.3473
94.3767
94.4092
94.4449
94.4822
94.5166
94.5525
94.5873
94.6198
94.6571
94.6876
94.7208
94.7512
94.7864
94.821
94.8504
94.8874
94.92
94.9522
94.9875
95.0177
95.0475
95.0807
95.1137
95.1449
95.1773
95.2096
95.2456
95.2785
95.3116
95.3462
95.3804
95.4088
95.4462
95.4807
95.5168
95.5504
95.5868
95.6218
95.6557
95.6912
95.7234
95.7547
95.7917
95.8257
95.8619
95.8968
95.9285
95.9597
95.9956
96.0289
96.0636
96.1023
96.1364
96.1707
96.205
96.239
96.2757
96.3081
96.3378
96.3745
96.4095
96.4483
96.4818
96.5176
96.5483
96.5777
96.6118
96.6472
96.6794
96.7114
96.7504
96.7838
96.8193
96.8547
96.8909
96.9232
96.9584
96.9908
97.0259
97.062
97.0971
97.1286
97.1643
97.1992
97.2378
97.275
97.3096
97.3433
97.3786
97.4182
97.4528
97.4872
97.5234
97.559
97.5924
97.6256
97.6599
97.6936
97.7264
97.7613
97.798
97.8353
97.874
97.9112
97.9493
97.9811
98.0135
98.0476
98.0822
98.1179
98.1532
98.1871
98.2214
98.2575
98.2928
98.328
98.3665
98.4024
98.4351
98.4709
98.51
98.5439
98.5804
98.6184
98.6586
98.6939
98.7279
98.7605
98.7974
98.8312
98.866
98.9036
98.9353
98.9725
99.0074
99.0426
99.0795
99.115
99.1559
99.187
99.2227
99.2594
99.2963
99.3313
99.3677
99.4025
99.4368
99.4749
99.5153
99.5541
99.5905
99.6247
99.6587
99.6966
99.7317
99.7657
99.8038
99.8438
99.8787
99.9177
99.9524
99.9899
100.031
100.069
100.103
100.14
100.176
100.212
100.248
100.285
100.323
100.359
100.397
100.438
100.477
100.516
100.557
100.594
100.631
100.668
100.708
100.744
100.781
100.818
100.857
100.896
100.933
100.969
101.01
101.049
101.089
101.122
101.161
101.201
101.238
101.273
101.311
101.353
101.392
101.431
101.471
101.511
101.551
101.587
101.627
101.659
101.697
101.735
101.775
101.816
101.852
101.892
101.933
101.971
102.01
102.051
102.091
102.126
102.162
102.196
102.235
102.269
102.314
102.349
102.385
102.424
102.461
102.496
102.534
102.573
102.608
102.641
102.678
102.713
102.748
102.785
102.825
102.865
102.902
102.94
102.972
103.011
103.043
103.078
103.115
103.153
103.185
103.222
103.255
103.291
103.328
103.365
103.403
103.436
103.469
103.508
103.542
103.58
103.614
103.651
103.687
103.719
103.754
103.786
103.821
103.858
103.893
103.926
103.956
103.992
104.025
104.062
104.098
104.134
104.17
104.204
104.237
104.271
104.305
104.342
104.377
104.408
104.442
104.473
104.509
104.54
104.574
104.606
104.639
104.671
104.702
104.733
104.767
104.801
104.832
104.863
104.895
104.926
104.955
104.986
105.018
105.049
105.082
105.113
105.144
105.177
105.207
105.237
105.266
105.3
105.33
105.36
105.389
105.42
105.45
105.479
105.508
105.536
105.568
105.6
105.632
105.665
105.696
105.726
105.755
105.786
105.814
105.844
105.871
105.901
105.931
105.96
105.991
106.02
106.051
106.081
106.111
106.141
106.17
106.195
106.225
106.252
106.279
106.305
106.339
106.369
106.395
106.426
106.455
106.483
106.512
106.537
106.562
106.591
106.62
106.649
106.676
106.707
106.735
106.763
106.791
106.818
106.844
106.872
106.898
106.924
106.954
106.983
107.01
107.037
107.063
107.091
107.123
107.152
107.18
107.205
107.233
107.26
107.291
107.317
107.345
107.372
107.398
107.426
107.45
107.472
107.497
107.522
107.55
107.579
107.606
107.631
107.657
107.681
107.708
107.732
107.757
107.784
107.808
107.834
107.862
107.888
107.911
107.935
107.964
107.988
108.014
108.039
108.066
108.09
108.116
108.141
108.167
108.191
108.217
108.242
108.266
108.289
108.314
108.339
108.364
108.387
108.41
108.435
108.462
108.485
108.509
108.532
108.557
108.582
108.606
108.63
108.653
108.677
108.699
108.723
108.746
108.772
108.795
108.817
108.84
108.863
108.887
108.912
108.938
108.962
108.984
109.008
109.032
109.054
109.077
109.098
109.121
109.146
109.168
109.191
109.213
109.236
109.259
109.283
109.307
109.329
109.352
109.376
109.398
109.421
109.444
109.466
109.489
109.51
109.534
109.557
109.58
109.602
109.624
109.645
109.665
109.684
109.707
109.73
109.753
109.775
109.797
109.817
109.838
109.861
109.884
109.906
109.927
109.948
109.97
109.993
110.016
110.038
110.06
110.08
110.101
110.124
110.148
110.171
110.193
110.215
110.235
110.255
110.277
110.3
110.321
110.339
110.361
110.384
110.405
110.426
110.45
110.471
110.491
110.513
110.534
110.556
110.577
110.598
110.62
110.64
110.663
110.684
110.705
110.727
110.746
110.77
110.79
110.81
110.831
110.849
110.869
110.89
110.91
110.93
110.951
110.972
110.992
111.013
111.031
111.051
111.073
111.094
111.115
111.137
111.159
111.179
111.196
111.219
111.241
111.262
111.282
111.303
111.327
111.347
111.368
111.391
111.411
111.433
111.454
111.476
111.497
111.516
111.536
111.556
111.578
111.601
111.621
111.641
111.662
111.684
111.701
111.72
111.74
111.761
111.781
111.8
111.819
111.839
111.859
111.879
111.902
111.924
111.944
111.964
111.985
112.007
112.028
112.048
112.071
112.091
112.112
112.132
112.155
112.174
112.194
112.218
112.241
112.261
112.282
112.302
112.32
112.339
112.358
112.38
112.4
112.418
112.438
112.455
112.475
112.494
112.514
112.534
112.553
112.572
112.593
112.613
112.632
112.653
112.673
112.692
112.711
112.73
112.749
112.77
112.789
112.811
112.828
112.846
112.866
112.887
112.907
112.926
112.946
112.966
112.988
113.009
113.029
113.049
113.068
113.088
113.107
113.128
113.149
113.169
113.188
113.208
113.229
113.25
113.27
113.29
113.312
113.33
113.351
113.371
113.391
113.412
113.431
113.449
113.469
113.489
113.509
113.528
113.547
113.567
113.586
113.605
113.626
113.646
113.665
113.684
113.701
113.72
113.738
113.756
113.775
113.795
113.814
113.833
113.853
113.871
113.892
113.909
113.93
113.949
113.968
113.987
114.007
114.025
114.044
114.065
114.084
114.106
114.125
114.142
114.162
114.182
114.201
114.219
114.239
114.258
114.276
114.297
114.315
114.335
114.354
114.373
114.393
114.411
114.428
114.448
114.466
114.483
114.502
114.521
114.54
114.558
114.578
114.596
114.614
114.635
114.653
114.671
114.689
114.706
114.724
114.743
114.762
114.781
114.802
114.821
114.84
114.859
114.878
114.896
114.917
114.938
114.957
114.977
114.994
115.013
115.033
115.052
115.072
115.092
115.112
115.13
115.151
115.169
115.187
115.207
115.225
115.242
115.26
115.281
115.299
115.32
115.339
115.357
115.372
115.391
115.407
115.427
115.446
115.465
115.483
115.502
115.522
115.543
115.562
115.58
115.601
115.621
115.639
115.658
115.676
115.695
115.714
115.731
115.749
115.766
115.785
115.802
115.822
115.839
115.857
115.876
115.892
115.911
115.929
115.95
115.968
115.985
116.004
116.022
116.042
116.061
116.078
116.098
116.117
116.136
116.153
116.171
116.188
116.205
116.223
116.241
116.26
116.279
116.295
116.314
116.33
116.348
116.365
116.385
116.403
116.42
116.439
116.458
116.475
116.495
116.514
116.532
116.551
116.57
116.587
116.604
116.623
116.639
116.657
116.673
116.691
116.71
116.726
116.743
116.761
116.779
116.796
116.811
116.83
116.846
116.863
116.88
116.898
116.915
116.931
116.948
116.965
116.981
116.998
117.015
117.032
117.051
117.068
117.087
117.104
117.123
117.139
117.157
117.174
117.192
117.21
117.228
117.244
117.261
117.276
117.294
117.313
117.329
117.347
117.363
117.38
117.396
117.413
117.43
117.447
117.464
117.482
117.5
117.514
117.531
117.549
117.565
117.585
117.602
117.619
117.637
117.653
117.671
117.687
117.703
117.72
117.738
117.755
117.773
117.791
117.808
117.825
117.841
117.856
117.873
117.892
117.91
117.925
117.943
117.959
117.976
117.991
118.007
118.024
118.044
118.064
118.081
118.099
118.117
118.136
118.153
118.17
118.185
118.202
118.219
118.237
118.252
118.268
118.287
118.305
118.323
118.34
118.356
118.374
118.392
118.411
118.427
118.443
118.459
118.476
118.493
118.511
118.53
118.549
118.566
118.582
118.598
118.613
118.627
118.645
118.664
118.681
118.699
118.713
118.729
118.746
118.761
118.779
118.796
118.813
118.831
118.847
118.865
118.88
118.898
118.914
118.932
118.947
118.964
118.981
118.997
119.014
119.03
119.046
119.062
119.079
119.098
119.115
119.133
119.15
119.167
119.182
119.2
119.217
119.234
119.252
119.269
119.287
119.304
119.321
119.34
119.354
119.373
119.39
119.406
119.422
119.436
119.455
119.472
119.49
119.506
119.521
119.538
119.556
119.572
119.589
119.606
119.621
119.64
119.655
119.674
119.691
119.711
119.727
119.745
119.762
119.779
119.796
119.815
119.833
119.851
119.868
119.885
119.902
119.918
119.934
119.951
119.968
119.986
120.004
120.02
120.037
120.055
120.072
120.088
120.104
120.122
120.139
120.155
120.172
120.188
120.204
120.221
120.237
120.253
120.269
120.286
120.303
120.321
120.337
120.355
120.373
120.39
120.408
120.428
120.446
120.463
120.481
120.499
120.516
120.531
120.548
120.565
120.582
120.597
120.614
120.631
120.647
120.661
120.678
120.693
120.71
120.728
120.746
120.763
120.78
120.796
120.814
120.831
120.848
120.864
120.88
120.899
120.916
120.932
120.949
120.968
120.986
121.002
121.019
121.035
121.053
121.069
121.086
121.103
121.119
121.134
121.152
121.168
121.185
121.203
121.218
121.236
121.251
121.267
121.281
121.299
121.316
121.333
121.351
121.367
121.383
121.4
121.418
121.434
121.454
121.47
121.488
121.505
121.523
121.541
121.56
121.578
121.596
121.612
121.628
121.646
121.662
121.679
121.694
121.712
121.731
121.749
121.768
121.786
121.803
121.822
121.838
121.856
121.875
121.891
121.909
121.927
121.943
121.96
121.975
121.993
122.012
122.03
122.045
122.064
122.081
122.097
122.119
122.136
122.152
122.171
122.187
122.204
122.221
122.239
122.257
122.275
122.292
122.309
122.325
122.342
122.359
122.375
122.393
122.41
122.429
122.45
122.467
122.485
122.503
122.521
122.54
122.559
122.575
122.591
122.607
122.625
122.644
122.665
122.683
122.7
122.718
122.735
122.753
122.77
122.788
122.805
122.822
122.839
122.856
122.876
122.895
122.911
122.929
122.947
122.966
122.983
123
123.017
123.035
123.055
123.072
123.091
123.109
123.127
123.146
123.163
123.181
123.198
123.218
123.236
123.254
123.273
123.291
123.311
123.329
123.347
123.365
123.384
123.401
123.417
123.435
123.455
123.473
123.495
123.514
123.532
123.551
123.568
123.586
123.605
123.623
123.643
123.663
123.681
123.701
123.719
123.737
123.757
123.775
123.794
123.812
123.831
123.85
123.868
123.884
123.902
123.92
123.939
123.957
123.976
123.994
124.014
124.031
124.048
124.068
124.087
124.106
124.124
124.141
124.16
124.177
124.197
124.215
124.236
124.254
124.271
124.291
124.311
124.328
124.345
124.363
124.38
124.4
124.416
124.435
124.453
124.47
124.489
124.506
124.525
124.542
124.561
124.578
124.595
124.615
124.635
124.654
124.673
124.69
124.708
124.727
124.745
124.763
124.784
124.803
124.824
124.844
124.862
124.882
124.9
124.918
124.937
124.954
124.973
124.991
125.009
125.029
125.046
125.065
125.082
125.101
125.119
125.139
125.159
125.178
125.196
125.215
125.233
125.252
125.269
125.286
125.305
125.324
125.343
125.362
125.382
125.4
125.416
125.436
125.453
125.47
125.49
125.509
125.525
125.542
125.559
125.576
125.597
125.616
125.635
125.652
125.672
125.687
125.705
125.723
125.742
125.76
125.777
125.796
125.814
125.831
125.85
125.868
125.885
125.904
125.922
125.94
125.956
125.976
125.994
126.011
126.03
126.046
126.065
126.085
126.104
126.123
126.141
126.16
126.178
126.196
126.214
126.233
126.253
126.271
126.29
126.31
126.329
126.349
126.366
126.385
126.403
126.42
126.439
126.455
126.472
126.49
126.508
126.526
126.544
126.563
126.582
126.599
126.617
126.635
126.653
126.669
126.686
126.705
126.724
126.744
126.762
126.781
126.799
126.818
126.837
126.855
126.872
126.892
126.911
126.928
126.946
126.964
126.982
127
127.016
127.033
127.051
127.069
127.087
127.106
127.126
127.144
127.162
127.179
127.197
127.216
127.237
127.256
127.274
127.292
127.311
127.329
127.346
127.364
127.382
127.399
127.416
127.435
127.453
127.471
127.49
127.509
127.527
127.546
127.562
127.581
127.599
127.617
127.635
127.655
127.673
127.691
127.706
127.726
127.744
127.763
127.782
127.801
127.818
127.837
127.857
127.874
127.892
127.909
127.926
127.943
127.962
127.981
127.997
128.015
128.032
128.047
128.065
128.081
128.099
128.116
128.134
128.151
128.168
128.186
128.203
128.22
128.237
128.256
128.273
128.291
128.309
128.326
128.343
128.36
128.376
128.394
128.412
128.429
128.445
128.464
128.481
128.499
128.518
128.533
128.55
128.567
128.583
128.6
128.618
128.634
128.651
128.669
128.686
128.701
128.718
128.734
128.752
128.768
128.785
128.8
128.818
128.834
128.851
128.868
128.887
128.904
128.923
128.939
128.956
128.973
128.99
129.006
129.024
129.041
129.058
129.076
129.094
129.111
129.128
129.145
129.161
129.176
129.192
129.208
129.226
129.245
129.261
129.276
129.294
129.31
129.325
129.342
129.358
129.374
129.39
129.407
129.422
129.439
129.454
129.472
129.49
129.507
129.526
129.543
129.56
129.578
129.596
129.613
129.63
129.648
129.665
129.682
129.699
129.714
129.732
129.749
129.765
129.781
129.798
129.814
129.83
129.845
129.862
129.88
129.896
129.91
129.926
129.942
129.96
129.978
129.995
130.011
130.027
130.043
130.061
130.077
130.094
130.111
130.128
130.144
130.159
130.176
130.192
130.207
130.225
130.241
130.257
130.274
130.292
130.309
130.326
130.343
130.36
130.377
130.392
130.408
130.423
130.439
130.456
130.472
130.489
130.506
130.524
130.541
130.559
130.576
130.594
130.611
130.629
130.645
130.665
130.681
130.7
130.718
130.733
130.75
130.767
130.783
130.799
130.815
130.831
130.849
130.865
130.881
130.898
130.915
130.933
130.95
130.969
130.984
131.001
131.02
131.036
131.052
131.069
131.085
131.102
131.118
131.132
131.149
131.166
131.182
131.198
131.214
131.229
131.245
131.26
131.276
131.294
131.311
131.326
131.344
131.36
131.377
131.392
131.408
131.423
131.438
131.455
131.475
131.492
131.51
131.526
131.541
131.559
131.575
131.593
131.61
131.626
131.642
131.658
131.676
131.691
131.708
131.725
131.74
131.757
131.773
131.789
131.806
131.824
131.842
131.858
131.876
131.896
131.912
131.93
131.946
131.963
131.979
131.996
132.013
132.029
132.046
132.065
132.083
132.099
132.115
132.133
132.151
132.167
132.184
132.2
132.216
132.233
132.248
132.265
132.281
132.298
132.316
132.334
132.352
132.37
132.386
132.403
132.42
132.435
132.452
132.469
132.485
132.502
132.519
132.536
132.552
132.568
132.584
132.6
132.616
132.633
132.65
132.668
132.684
132.7
132.714
132.733
132.75
132.767
132.782
132.799
132.815
132.831
132.849
132.867
132.886
132.903
132.922
132.939
132.956
132.974
132.991
133.008
133.026
133.045
133.061
133.078
133.096
133.112
133.128
133.145
133.161
133.179
133.195
133.21
133.225
133.241
133.26
133.275
133.291
133.307
133.324
133.342
133.359
133.375
133.392
133.41
133.426
133.441
133.456
133.473
133.493
133.51
133.526
133.542
133.559
133.577
133.595
133.613
133.629
133.644
133.662
133.679
133.696
133.713
133.73
133.747
133.763
133.781
133.798
133.814
133.831
133.847
133.863
133.881
133.898
133.916
133.932
133.947
133.964
133.982
133.998
134.014
134.029
134.047
134.066
134.081
134.099
134.114
134.132
134.149
134.166
134.182
134.201
134.219
134.234
134.25
134.268
134.284
134.303
134.32
134.336
134.353
134.371
134.388
134.406
134.422
134.441
134.457
134.473
134.489
134.508
134.524
134.54
134.557
134.575
134.593
134.61
134.627
134.643
134.66
134.678
134.696
134.711
134.728
134.746
134.762
134.777
134.794
134.811
134.828
134.845
134.864
134.882
134.898
134.915
134.932
134.948
134.966
134.982
135
135.018
135.035
135.049
135.067
135.083
135.098
135.114
135.133
135.149
135.165
135.181
135.197
135.218
135.236
135.252
135.269
135.287
135.304
135.322
135.34
135.356
135.371
135.388
135.405
135.423
135.438
135.454
135.472
135.488
135.505
135.522
135.538
135.556
135.572
135.59
135.606
135.62
135.639
135.656
135.672
135.688
135.706
135.722
135.739
135.756
135.775
135.793
135.81
135.826
135.842
135.859
135.876
135.892
135.908
135.924
135.941
135.957
135.974
135.989
136.008
136.024
136.042
136.058
136.075
136.091
136.107
136.124
136.143
136.16
136.176
136.192
136.209
136.227
136.246
136.264
136.282
136.299
136.317
136.335
136.354
136.37
136.386
136.403
136.421
136.437
136.454
136.471
136.488
136.504
136.52
136.536
136.552
136.568
136.586
136.601
136.617
136.635
136.651
136.667
136.682
136.699
136.714
136.73
136.747
136.764
136.779
136.795
136.812
136.829
136.848
136.864
136.88
136.896
136.911
136.927
136.945
136.962
136.979
136.995
137.014
137.032
137.05
137.068
137.083
137.099
137.115
137.135
137.153
137.169
137.187
137.204
137.219
137.235
137.251
137.268
137.286
137.303
137.321
137.337
137.354
137.37
137.387
137.403
137.419
137.436
137.455
137.471
137.489
137.505
137.52
137.538
137.557
137.573
137.591
137.608
137.624
137.641
137.659
137.678
137.694
137.709
137.725
137.741
137.757
137.774
137.79
137.807
137.822
137.839
137.854
137.873
137.888
137.906
137.924
137.939
137.958
137.975
137.993
138.01
138.027
138.044
138.061
138.077
138.096
138.112
138.129
138.145
138.165
138.182
138.198
138.214
138.229
138.246
138.264
138.28
138.297
138.314
138.331
138.348
138.364
138.382
138.399
138.415
138.431
138.451
138.467
138.483
138.501
138.518
138.534
138.55
138.567
138.584
138.6
138.616
138.634
138.65
138.667
138.685
138.703
138.721
138.737
138.755
138.773
138.789
138.808
138.823
138.839
138.855
138.871
138.888
138.907
138.924
138.941
138.96
138.977
138.994
139.01
139.028
139.045
139.062
139.079
139.095
139.111
139.126
139.145
139.162
139.178
139.197
139.213
139.229
139.247
139.263
139.279
139.295
139.312
139.33
139.348
139.365
139.381
139.399
139.415
139.431
139.447
139.464
139.48
139.496
139.514
139.529
139.546
139.563
139.581
139.598
139.615
139.635
139.654
139.672
139.688
139.705
139.724
139.741
139.759
139.775
139.792
139.809
139.825
139.84
139.857
139.874
139.891
139.908
139.924
139.94
139.956
139.974
139.992
140.009
140.025
140.044
140.061
140.078
140.096
140.114
140.132
140.149
140.165
140.181
140.199
140.216
140.234
140.251
140.266
140.286
140.303
140.322
140.339
140.358
140.376
140.393
140.408
140.425
140.442
140.461
140.475
140.493
140.511
140.529
140.545
140.561
140.578
140.596
140.612
140.629
140.646
140.663
140.681
140.7
140.718
140.735
140.752
140.77
140.787
140.807
140.826
140.844
140.863
140.88
140.896
140.913
140.93
140.948
140.964
140.982
140.997
141.015
141.033
141.05
141.066
141.083
141.101
141.117
141.135
141.152
141.17
141.188
141.206
141.223
141.242
141.259
141.277
141.294
141.312
141.33
141.35
141.368
141.385
141.402
141.421
141.438
141.455
141.473
141.491
141.508
141.526
141.543
141.559
141.577
141.594
141.61
141.628
141.645
141.662
141.679
141.696
141.712
141.728
141.747
141.766
141.783
141.801
141.82
141.838
141.857
141.877
141.893
141.911
141.93
141.948
141.963
141.98
141.998
142.015
142.031
142.048
142.066
142.082
142.1
142.118
142.138
142.154
142.171
142.19
142.208
142.227
142.244
142.26
142.277
142.295
142.313
142.33
142.346
142.364
142.382
142.4
142.418
142.438
142.456
142.474
142.492
142.509
142.527
142.546
142.564
142.58
142.596
142.614
142.634
142.652
142.67
142.689
142.707
142.725
142.741
142.759
142.778
142.797
142.815
142.835
142.853
142.872
142.888
142.906
142.925
142.942
142.96
142.979
142.997
143.015
143.032
143.048
143.068
143.086
143.103
143.122
143.139
143.158
143.177
143.195
143.211
143.227
143.244
143.262
143.279
143.295
143.316
143.335
143.351
143.369
143.385
143.405
143.423
143.442
143.46
143.479
143.498
143.516
143.534
143.556
143.573
143.591
143.608
143.628
143.644
143.662
143.678
143.696
143.712
143.73
143.749
143.767
143.787
143.803
143.824
143.844
143.861
143.879
143.896
143.915
143.933
143.951
143.97
143.987
144.006
144.025
144.043
144.063
144.082
144.1
144.119
144.135
144.153
144.172
144.19
144.207
144.226
144.245
144.264
144.282
144.3
144.318
144.337
144.353
144.371
144.388
144.405
144.422
144.439
144.456
144.476
144.493
144.511
144.533
144.549
144.569
144.588
144.606
144.625
144.643
144.66
144.678
144.697
144.717
144.737
144.754
144.771
144.789
144.808
144.827
144.845
144.863
144.881
144.901
144.921
144.94
144.956
144.976
144.993
145.012
145.031
145.05
145.068
145.086
145.105
145.123
145.14
145.159
145.176
145.194
145.212
145.229
145.247
145.266
145.283
145.302
145.32
145.339
145.356
145.371
145.389
145.407
145.427
145.444
145.462
145.482
145.499
145.517
145.535
145.551
145.569
145.588
145.607
145.625
145.644
145.661
145.682
145.701
145.719
145.737
145.755
145.773
145.788
145.808
145.825
145.843
145.861
145.881
145.897
145.915
145.933
145.952
145.97
145.987
146.006
146.025
146.043
146.061
146.076
146.096
146.115
146.134
146.152
146.171
146.19
146.206
146.225
146.243
146.261
146.28
146.299
146.314
146.33
146.347
146.363
146.381
146.401
146.42
146.439
146.458
146.476
146.497
146.515
146.533
146.552
146.571
146.588
146.606
146.624
146.64
146.658
146.676
146.692
146.711
146.726
146.742
146.759
146.778
146.798
146.816
146.831
146.848
146.863
146.88
146.897
146.914
146.933
146.951
146.968
146.985
147.002
147.02
147.037
147.056
147.073
147.092
147.108
147.126
147.142
147.161
147.177
147.194
147.212
147.229
147.245
147.263
147.281
147.298
147.316
147.333
147.349
147.369
147.387
147.404
147.421
147.44
147.459
147.478
147.495
147.514
147.531
147.548
147.567
147.583
147.601
147.619
147.635
147.652
147.669
147.688
147.704
147.722
147.74
147.757
147.774
147.791
147.807
147.824
147.84
147.858
147.875
147.893
147.91
147.928
147.945
147.962
147.979
147.995
148.013
148.031
148.048
148.063
148.077
148.092
148.108
148.125
148.142
148.159
148.175
148.191
148.207
148.226
148.242
148.258
148.275
148.293
148.31
148.327
148.344
148.361
148.376
148.392
148.41
148.426
148.441
148.457
148.473
148.488
148.504
148.521
148.536
148.552
148.569
148.586
148.604
148.621
148.636
148.652
148.668
148.687
148.705
148.718
148.737
148.755
148.772
148.786
148.801
148.816
148.832
148.848
148.864
148.88
148.896
148.912
148.927
148.943
148.959
148.975
148.991
149.007
149.022
149.038
149.052
149.067
149.083
149.098
149.115
149.132
149.149
149.163
149.179
149.195
149.212
149.227
149.243
149.258
149.273
149.287
149.302
149.317
149.333
149.348
149.364
149.381
149.397
149.414
149.43
149.446
149.461
149.476
149.492
149.507
149.523
149.54
149.554
149.571
149.587
149.604
149.617
149.632
149.646
149.663
149.679
149.695
149.71
149.724
149.74
149.755
149.772
149.789
149.803
149.819
149.832
149.848
149.863
149.878
149.892
149.908
149.923
149.938
149.953
149.967
149.982
149.996
150.013
150.029
150.042
150.058
150.073
150.088
150.103
150.117
150.134
150.15
150.165
150.179
150.194
150.208
150.223
150.237
150.253
150.268
150.283
150.3
150.317
150.331
150.345
150.359
150.374
150.388
150.403
150.418
150.433
150.447
150.461
150.475
150.489
150.504
150.52
150.535
150.548
150.562
150.577
150.592
150.605
150.618
150.633
150.648
150.663
150.678
150.692
150.707
150.722
150.737
150.752
150.767
150.78
150.793
150.809
150.822
150.834
150.848
150.863
150.876
150.89
150.904
150.917
150.932
150.945
150.961
150.974
150.989
151.003
151.017
151.032
151.047
151.062
151.077
151.091
151.106
151.119
151.134
151.149
151.163
151.177
151.192
151.206
151.219
151.233
151.247
151.261
151.276
151.29
151.304
151.319
151.334
151.347
151.36
151.374
151.387
151.403
151.417
151.431
151.445
151.459
151.472
151.485
151.5
151.514
151.528
151.542
151.557
151.57
151.584
151.597
151.611
151.624
151.639
151.652
151.665
151.679
151.693
151.706
151.718
151.732
151.747
151.76
151.774
151.789
151.803
151.815
151.828
151.843
151.857
151.87
151.882
151.897
151.91
151.925
151.939
151.954
151.967
151.981
151.994
152.006
152.019
152.032
152.046
152.059
152.072
152.084
152.098
152.111
152.124
152.138
152.151
152.163
152.176
152.189
152.201
152.213
152.227
152.241
152.254
152.267
152.28
152.295
152.308
152.321
152.334
152.346
152.359
152.373
152.386
152.399
152.412
152.425
152.439
152.451
152.464
152.478
152.49
152.503
152.515
152.528
152.542
152.555
152.567
152.578
152.591
152.603
152.614
152.627
152.642
152.655
152.668
152.682
152.696
152.709
152.724
152.736
152.747
152.76
152.774
152.786
152.8
152.812
152.824
152.837
152.849
152.862
152.874
152.888
152.9
152.912
152.926
152.939
152.952
152.964
152.977
152.991
153.004
153.016
153.027
153.042
153.054
153.066
153.079
153.09
153.102
153.116
153.128
153.139
153.151
153.165
153.177
153.19
153.203
153.215
153.228
153.239
153.253
153.266
153.279
153.291
153.303
153.317
153.329
153.34
153.355
153.367
153.38
153.39
153.402
153.414
153.428
153.44
153.453
153.466
153.479
153.491
153.503
153.516
153.529
153.542
153.553
153.564
153.577
153.59
153.603
153.614
153.626
153.639
153.653
153.664
153.677
153.688
153.7
153.711
153.723
153.734
153.746
153.758
153.77
153.783
153.796
153.807
153.82
153.832
153.844
153.857
153.869
153.881
153.894
153.907
153.921
153.934
153.947
153.96
153.974
153.985
153.996
154.008
154.021
154.033
154.045
154.057
154.069
154.081
154.093
154.105
154.116
154.128
154.14
154.152
154.164
154.176
154.188
154.2
