2
2.5
2.83333
3.08333
3.28333
3.45
3.61667
3.78333
3.92619
5.33316
6.39074
7.83417
9.625
10.2516
11.5331
12.7047
13.4592
14.1599
14.7135
15.1259
15.566
15.9215
16.2217
16.5169
16.7687
17.0135
17.279
17.5023
17.7091
17.9208
18.1113
18.2972
18.4996
18.6889
18.8621
19.0437
19.216
19.3925
19.5653
19.7591
19.899
20.0545
20.1986
20.3483
20.4924
20.6253
20.7651
20.9
21.0263
21.1443
21.2669
21.4029
21.515
21.6349
21.7581
21.8659
21.9782
22.0723
22.1736
22.2909
22.4029
22.504
22.5948
22.687
22.7802
22.8735
22.9592
23.0463
23.1406
23.2377
23.3165
23.3931
23.4859
23.5771
23.6577
23.7409
23.8293
23.9168
23.9936
24.0695
24.1446
24.2142
24.2863
24.366
24.4441
24.5169
24.5859
24.6611
24.73
24.796
24.856
24.9224
24.9903
25.0515
25.1164
25.174
25.2344
25.3038
25.3694
25.4342
25.4988
25.5646
25.6202
25.6802
25.7394
25.7953
25.8473
25.903
25.959
26.0175
26.0775
26.1321
26.1887
26.2483
26.3031
26.3611
26.4112
26.4592
26.5138
26.567
26.6221
26.6777
26.7271
26.7793
26.827
26.8719
26.9186
26.9677
27.013
27.0637
27.1139
27.1611
27.2013
27.2479
27.2899
27.3339
27.3767
27.4243
27.4614
27.5054
27.5435
27.5883
27.632
27.6705
27.7163
27.7576
27.7983
27.8357
27.8738
27.9175
27.9605
27.9996
28.0414
28.0816
28.1237
28.1549
28.1947
28.232
28.2705
28.3088
28.3422
28.3775
28.4132
28.4527
28.4887
28.5237
28.5611
28.5968
28.6308
28.6651
28.7002
28.7352
28.7686
28.8017
28.8366
28.8726
28.9064
28.9399
28.9745
29.0036
29.0369
29.0739
29.1054
29.1385
29.1705
29.198
29.2274
29.2577
29.2856
29.3162
29.3438
29.3732
29.4082
29.4373
29.4662
29.4992
29.5286
29.5596
29.5856
29.6186
29.6467
29.6773
29.7082
29.7363
29.764
29.7917
29.8178
29.8433
29.8755
29.9038
29.9326
29.9606
29.9862
30.0164
30.0432
30.0661
30.0941
30.119
30.1433
30.1677
30.1937
30.2193
30.2411
30.2695
30.2961
30.3232
30.3542
30.3798
30.406
30.4327
30.4556
30.4803
30.5061
30.5328
30.559
30.5811
30.6027
30.6266
30.649
30.6732
30.6934
30.7157
30.7386
30.7618
30.783
30.8054
30.8281
30.8544
30.8804
30.9049
30.9282
30.9533
30.9762
30.9988
31.0205
31.044
31.0699
31.0915
31.1138
31.1385
31.1629
31.1834
31.2073
31.2266
31.2502
31.2733
31.2941
31.3157
31.3368
31.3571
31.38
31.4
31.4233
31.4456
31.4677
31.489
31.5109
31.5337
31.5545
31.5751
31.5965
31.6181
31.6405
31.6631
31.6818
31.7016
31.7198
31.7375
31.7578
31.7774
31.7979
31.8203
31.8395
31.8605
31.8802
31.9014
31.9217
31.9417
31.9624
31.9816
32.0002
32.0207
32.0385
32.0564
32.0765
32.0954
32.1117
32.128
32.1455
32.1651
32.1831
32.2014
32.2234
32.2444
32.2615
32.2822
32.2991
32.3171
32.3368
32.358
32.3731
32.3925
32.4088
32.4263
32.4436
32.4612
32.4781
32.4946
32.5133
32.5316
32.549
32.5672
32.5822
32.5995
32.6177
32.6351
32.6542
32.6718
32.6903
32.7065
32.7231
32.7407
32.7561
32.7728
32.7918
32.8074
32.8248
32.8395
32.8559
32.8742
32.8888
32.9051
32.9215
32.9372
32.9563
32.9728
32.987
33.0048
33.0205
33.0373
33.0532
33.0699
33.0866
33.1028
33.1186
33.133
33.1513
33.1689
33.1864
33.201
33.2167
33.232
33.2477
33.2662
33.2818
33.2987
33.3111
33.3254
33.34
33.3561
33.3711
33.3868
33.4014
33.4155
33.4284
33.4435
33.4593
33.4745
33.4892
33.5048
33.5186
33.5321
33.5468
33.5613
33.5767
33.5908
33.6051
33.6189
33.635
33.6497
33.6661
33.6791
33.6947
33.7095
33.7245
33.7385
33.7524
33.7669
33.782
33.798
33.8116
33.8264
33.84
33.8548
33.8691
33.8821
33.8973
33.9095
33.9229
33.9379
33.951
33.9635
33.9775
33.992
34.0053
34.0203
34.0346
34.0498
34.0634
34.076
34.0896
34.1044
34.119
34.1314
34.1454
34.158
34.1719
34.1847
34.198
34.2125
34.2257
34.2388
34.252
34.2642
34.2771
34.2882
34.304
34.3158
34.3286
34.3419
34.3558
34.367
34.3807
34.3932
34.406
34.4194
34.4327
34.4459
34.4595
34.473
34.487
34.4995
34.5129
34.527
34.5395
34.5519
34.5646
34.5788
34.5914
34.6052
34.6171
34.6303
34.6432
34.6554
34.6674
34.6806
34.6933
34.7053
34.7182
34.7306
34.743
34.7545
34.7664
34.779
34.7917
34.8047
34.8172
34.8294
34.8417
34.8524
34.8646
34.8772
34.8899
34.9027
34.9146
34.9261
34.939
34.9498
34.9619
34.9752
34.988
34.9996
35.0107
35.0218
35.0335
35.0455
35.0583
35.0711
35.0823
35.0937
35.1056
35.1177
35.129
35.1414
35.1527
35.1633
35.1747
35.1884
35.1995
35.2109
35.2222
35.2338
35.2449
35.2574
35.2694
35.2811
35.2917
35.3027
35.3135
35.3233
35.3353
35.3464
35.356
35.3663
35.3773
35.3887
35.4005
35.4121
35.4255
35.4359
35.4472
35.4591
35.4697
35.4806
35.4904
35.5009
35.5117
35.5234
35.5335
35.5443
35.5541
35.5645
35.5758
35.5872
35.5985
35.609
35.6207
35.6307
35.6427
35.6526
35.6627
35.6733
35.6841
35.6942
35.7037
35.7144
35.7261
35.7364
35.7466
35.7559
35.7656
35.7748
35.7843
35.7956
35.8077
35.82
35.8313
35.8419
35.8522
35.8634
35.8721
35.8818
35.8927
35.902
35.9128
35.923
35.9333
35.944
35.9543
35.9633
35.9733
35.9838
35.9947
36.0044
36.0153
36.0256
36.0359
36.0466
36.057
36.0682
36.0786
36.09
36.1003
36.1112
36.1205
36.13
36.1401
36.1493
36.1597
36.1695
36.1805
36.1906
36.2002
36.211
36.2213
36.2325
36.2424
36.2516
36.261
36.2703
36.2803
36.2905
36.2997
36.3092
36.3199
36.3286
36.338
36.3474
36.3566
36.3667
36.3778
36.387
36.3965
36.4057
36.4158
36.4246
36.4333
36.4442
36.4559
36.4657
36.476
36.4867
36.4965
36.5057
36.5157
36.5266
36.5357
36.5459
36.5555
36.566
36.5751
36.5843
36.5929
36.6028
36.613
36.6219
36.6317
36.6419
36.6504
36.6611
36.6697
36.6793
36.6896
36.6982
36.7086
36.7192
36.7285
36.738
36.7468
36.7559
36.7663
36.7758
36.7852
36.7936
36.8025
36.812
36.8211
36.8311
36.8409
36.8496
36.8591
36.8681
36.877
36.8864
36.8949
36.9042
36.9134
36.9225
36.9315
36.9407
36.95
36.959
36.9679
36.9783
36.9879
36.9959
37.0048
37.0145
37.024
37.0328
37.0418
37.0514
37.0596
37.068
37.0774
37.0861
37.0952
37.1054
37.1136
37.1229
37.1322
37.1403
37.1498
37.1584
37.1683
37.1779
37.1873
37.1962
37.2052
37.2152
37.2242
37.2326
37.2412
37.2498
37.2581
37.2677
37.2762
37.2854
37.2943
37.3029
37.3124
37.3197
37.3286
37.3364
37.3455
37.354
37.3622
37.3706
37.3794
37.3875
37.3964
37.4062
37.4141
37.4226
37.4325
37.4414
37.45
37.4586
37.4674
37.476
37.4851
37.4938
37.5021
37.5113
37.5206
37.5291
37.5382
37.5463
37.5546
37.5638
37.5717
37.5799
37.5881
37.5977
37.6062
37.6157
37.6244
37.6327
37.6411
37.6493
37.6572
37.6657
37.6741
37.6834
37.6915
37.7007
37.7092
37.7171
37.7255
37.734
37.7417
37.7503
37.7586
37.7673
37.7748
37.7829
37.7915
37.7996
37.8075
37.8152
37.823
37.8316
37.8398
37.8479
37.8554
37.8633
37.871
37.8798
37.8877
37.8965
37.9044
37.9133
37.9218
37.9299
37.938
37.9458
37.9546
37.9625
37.9702
37.978
37.9861
37.9948
38.0022
38.0108
38.0184
38.0258
38.0341
38.0426
38.0497
38.0584
38.0664
38.0748
38.0832
38.0912
38.0989
38.1063
38.1144
38.1231
38.1315
38.1402
38.148
38.1565
38.1646
38.1733
38.1811
38.1884
38.1974
38.2062
38.2131
38.2219
38.2296
38.237
38.245
38.2533
38.2613
38.2699
38.2777
38.2861
38.2936
38.3027
38.3111
38.3183
38.3258
38.3339
38.3421
38.3498
38.3582
38.3653
38.3722
38.3807
38.3885
38.396
38.4036
38.4098
38.4174
38.4245
38.4324
38.4402
38.4475
38.4546
38.462
38.4694
38.4769
38.4843
38.4921
38.4991
38.5061
38.5133
38.5213
38.5296
38.5382
38.5453
38.5534
38.5605
38.5682
38.576
38.5841
38.5914
38.5988
38.6067
38.6139
38.6214
38.6291
38.6375
38.6447
38.652
38.6596
38.6677
38.675
38.6825
38.6902
38.6981
38.7065
38.7144
38.7216
38.7297
38.7366
38.744
38.752
38.7593
38.7675
38.7749
38.7821
38.7899
38.797
38.8045
38.8115
38.819
38.8263
38.8342
38.8409
38.8482
38.8563
38.863
38.87
38.877
38.8846
38.8925
38.9007
38.9078
38.9155
38.9234
38.9311
38.9389
38.9459
38.9532
38.9612
38.9683
38.9754
38.9822
38.9892
38.9971
39.0039
39.0099
39.0176
39.0248
39.0329
39.0398
39.0472
39.0544
39.0616
39.0691
39.0764
39.0836
39.09
39.0973
39.1048
39.1117
39.1193
39.126
39.1333
39.1406
39.1471
39.1542
39.1615
39.1693
39.1765
39.1838
39.1913
39.1993
39.2067
39.2138
39.2206
39.2265
39.2343
39.2409
39.2482
39.2554
39.2622
39.2688
39.2761
39.2835
39.2904
39.2985
39.3055
39.3127
39.3191
39.3268
39.3325
39.34
39.3474
39.354
39.3611
39.3679
39.3754
39.3822
39.3889
39.396
39.4026
39.4102
39.4171
39.4238
39.4314
39.4385
39.4455
39.452
39.4588
39.4658
39.4728
39.4788
39.4863
39.4937
39.4997
39.5066
39.5135
39.52
39.5262
39.5327
39.5401
39.5467
39.5538
39.5608
39.5674
39.5748
39.5817
39.5888
39.596
39.6028
39.6096
39.617
39.6236
39.6309
39.638
39.6447
39.6513
39.6578
39.6639
39.6712
39.6781
39.6846
39.6915
39.6984
39.7049
39.7115
39.7182
39.7249
39.7321
39.7388
39.7451
39.7516
39.7579
39.7647
39.771
39.7775
39.7842
39.7911
39.7975
39.8047
39.8115
39.8177
39.824
39.8305
39.8375
39.8438
39.8501
39.8566
39.8631
39.8697
39.8759
39.8822
39.8894
39.8962
39.9019
39.9088
39.9156
39.9228
39.9287
39.9357
39.942
39.9496
39.9567
39.9625
39.9694
39.9767
39.9826
39.9893
39.9959
40.0033
40.0097
40.0162
40.0224
40.0288
40.0352
40.0422
40.0476
40.0544
40.0607
40.0673
40.0739
40.0797
40.086
40.0929
40.0991
40.1049
40.1112
40.1171
40.1242
40.1307
40.1373
40.1435
40.1499
40.157
40.163
40.1691
40.1756
40.1821
40.1884
40.1955
40.2024
40.2084
40.2152
40.2211
40.2275
40.2346
40.2411
40.2473
40.2542
40.2603
40.2667
40.2733
40.2801
40.2863
40.2936
40.2999
40.3069
40.3133
40.3188
40.3255
40.3319
40.3376
40.3454
40.3518
40.3587
40.3653
40.3721
40.3782
40.385
40.3913
40.3971
40.4025
40.4096
40.4156
40.4218
40.428
40.4345
40.4413
40.4476
40.453
40.4588
40.465
40.4717
40.478
40.4842
40.4899
40.4959
40.5019
40.5086
40.515
40.5213
40.5283
40.5344
40.5412
40.547
40.553
40.5589
40.5647
40.5709
40.5771
40.5832
40.5893
40.5952
40.6008
40.6074
40.6139
40.6196
40.6264
40.6331
40.6389
40.6451
40.651
40.6578
40.6645
40.6708
40.6767
40.6828
40.6891
40.6952
40.7021
40.7078
40.7141
40.7201
40.7256
40.7324
40.7385
40.7436
40.7492
40.7552
40.7615
40.7677
40.7747
40.7812
40.7872
40.7928
40.7994
40.8061
40.8121
40.818
40.8242
40.8314
40.8373
40.8436
40.8495
40.856
40.8615
40.8677
40.8739
40.8794
40.8858
40.8928
40.899
40.9042
40.9108
40.9173
40.9242
40.9297
40.9362
40.9424
40.9479
40.9538
40.9604
40.9661
40.9723
40.9796
40.9855
40.9911
40.9977
41.0037
41.0093
41.0156
41.0216
41.0276
41.0336
41.04
41.0454
41.0511
41.0571
41.063
41.0693
41.0748
41.0803
41.0853
41.0903
41.0962
41.1022
41.1084
41.1147
41.1208
41.1268
41.1324
41.1395
41.1459
41.1524
41.1578
41.1638
41.17
41.1765
41.1817
41.1877
41.1929
41.1993
41.2053
41.2108
41.2164
41.2224
41.2286
41.2344
41.2402
41.2456
41.2515
41.2577
41.2649
41.2704
41.2763
41.2815
41.2877
41.2941
41.3001
41.3052
41.3107
41.3172
41.3229
41.3289
41.3345
41.3401
41.3456
41.3513
41.357
41.3629
41.3687
41.3741
41.3803
41.386
41.3917
41.3975
41.4028
41.4084
41.4134
41.4191
41.425
41.4304
41.4369
41.4417
41.4476
41.4534
41.4588
41.4646
41.4692
41.4749
41.4808
41.4863
41.4914
41.4969
41.5038
41.5097
41.5151
41.5207
41.5267
41.5318
41.5381
41.544
41.5491
41.5552
41.5606
41.5665
41.5718
41.5767
41.5815
41.5874
41.5935
41.5991
41.6051
41.6103
41.6171
41.6228
41.6279
41.6341
41.6395
41.6458
41.6514
41.6574
41.6633
41.6694
41.6756
41.6813
41.6871
41.6926
41.6986
41.7041
41.7107
41.7168
41.7219
41.7279
41.7335
41.7394
41.7452
41.7508
41.7571
41.7632
41.7686
41.7738
41.7791
41.7848
41.7908
41.7965
41.8019
41.8076
41.8127
41.8183
41.8244
41.8304
41.8352
41.8406
41.8458
41.8519
41.8577
41.8635
41.8686
41.8748
41.8801
41.8861
41.8912
41.8964
41.9015
41.907
41.9124
41.9182
41.9239
41.9292
41.9346
41.939
41.9437
41.9492
41.9553
41.9611
41.9677
41.9728
41.9785
41.9838
41.9892
41.9945
42.0003
42.0058
42.0109
42.016
42.0213
42.0267
42.0323
42.0373
42.0433
42.0488
42.0537
42.0584
42.0638
42.0691
42.0745
42.0794
42.0855
42.0905
42.0953
42.1007
42.1066
42.1117
42.1174
42.1231
42.1285
42.1338
42.1394
42.1451
42.1501
42.1554
42.1611
42.1668
42.1719
42.1773
42.1825
42.1877
42.1937
42.2001
42.2048
42.2096
42.2155
42.2211
42.2269
42.2326
42.2377
42.2426
42.2481
42.2532
42.2595
42.2647
42.2705
42.2764
42.2818
42.2874
42.293
42.2983
42.3046
42.3106
42.316
42.3215
42.3269
42.3321
42.337
42.3419
42.347
42.3519
42.3564
42.3617
42.3676
42.3729
42.3782
42.3833
42.3884
42.3943
42.399
42.4041
42.4091
42.4144
42.4197
42.4253
42.4299
42.4355
42.441
42.4468
42.4522
42.4581
42.4631
42.4682
42.4734
42.4788
42.4844
42.4894
42.4948
42.5001
42.5055
42.5103
42.5153
42.5202
42.5249
42.5307
42.5362
42.5413
42.5463
42.5511
42.5567
42.5619
42.567
42.5719
42.577
42.5827
42.5883
42.593
42.5979
42.6024
42.6078
42.6129
42.6181
42.6234
42.6281
42.6339
42.6393
42.6448
42.6493
42.6547
42.6595
42.6652
42.6705
42.6758
42.6803
42.6861
42.6912
42.6964
42.7021
42.7073
42.7124
42.7174
42.7221
42.727
42.7321
42.7371
42.742
42.7473
42.7528
42.7581
42.763
42.7675
42.7723
42.7772
42.782
42.7868
42.7916
42.797
42.8021
42.8073
42.8128
42.8176
42.823
42.8284
42.8335
42.8388
42.844
42.8492
42.8552
42.8604
42.8659
42.8712
42.8766
42.8816
42.8863
42.8915
42.8967
42.9022
42.9079
42.913
42.9182
42.9234
42.9288
42.9345
42.9396
42.9443
42.9491
42.9541
42.9595
42.9652
42.9704
42.9759
42.9808
42.9853
42.9899
42.9955
43.0009
43.0052
43.0111
43.0154
43.0203
43.0259
43.0313
43.0363
43.0417
43.0471
43.0521
43.057
43.0628
43.0681
43.0733
43.0787
43.0836
43.0881
43.0932
43.0987
43.1036
43.1088
43.1144
43.1198
43.1252
43.13
43.1346
43.1394
43.144
43.1499
43.1552
43.1604
43.1653
43.1701
43.1758
43.181
43.1858
43.1911
43.1956
43.2006
43.2055
43.2105
43.2152
43.2205
43.2254
43.2304
43.2352
43.2403
43.2452
43.2502
43.2548
43.2598
43.2645
43.2698
43.2747
43.2799
43.2851
43.2904
43.2954
43.3005
43.306
43.311
43.3153
43.3198
43.3243
43.3293
43.3344
43.3392
43.344
43.3496
43.3545
43.3596
43.3652
43.3694
43.3737
43.3793
43.3842
43.389
43.3939
43.3985
43.4038
43.4095
43.4143
43.4198
43.4247
43.43
43.4344
43.4402
43.445
43.45
43.4548
43.4607
43.4659
43.471
43.4761
43.4808
43.4859
43.4905
43.4953
43.5004
43.5055
43.5098
43.515
43.5197
43.5246
43.5294
43.534
43.5392
43.544
43.5495
43.5551
43.5602
43.565
43.5705
43.5755
43.5807
43.5855
43.5907
43.5956
43.6003
43.6052
43.6098
43.6149
43.6197
43.6247
43.6302
43.6356
43.641
43.646
43.651
43.6556
43.6608
43.6654
43.67
43.675
43.6799
43.6839
43.6887
43.6936
43.6982
43.7031
43.7081
43.7127
43.7176
43.7226
43.7281
43.7332
43.7379
43.7425
43.7472
43.7518
43.7568
43.7615
43.7669
43.7718
43.7773
43.7827
43.7872
43.7914
43.796
43.8013
43.8067
43.8108
43.8159
43.8206
43.8256
43.8308
43.8357
43.8403
43.8452
43.8502
43.855
43.8596
43.8643
43.8689
43.8738
43.878
43.8839
43.8884
43.893
43.8978
43.9032
43.9082
43.9127
43.9176
43.9232
43.928
43.9325
43.9368
43.9418
43.9467
43.952
43.9571
43.9617
43.9661
43.9708
43.9753
43.9807
43.9849
43.9898
43.9944
43.9995
44.004
44.0092
44.0147
44.0201
44.0249
44.0307
44.036
44.0412
44.0463
44.0515
44.0558
44.0604
44.0657
44.0708
44.0761
44.0814
44.0864
44.0917
44.0961
44.101
44.1065
44.1118
44.1169
44.1219
44.1266
44.1313
44.136
44.1406
44.1453
44.1504
44.155
44.1603
44.1655
44.1704
44.1743
44.1788
44.1832
44.1881
44.1932
44.1972
44.2012
44.2062
44.2105
44.2152
44.2199
44.2243
44.2287
44.2333
44.2382
44.2428
44.2471
44.2515
44.256
44.2604
44.2652
44.2699
44.2744
44.2792
44.2843
44.2897
44.2945
44.3002
44.3053
44.3102
44.3148
44.3191
44.3235
44.3283
44.3331
44.3375
44.342
44.3464
44.3514
44.3569
44.362
44.3668
44.3713
44.3758
44.3807
44.386
44.3914
44.396
44.4013
44.4067
44.4116
44.4157
44.4207
44.4257
44.4304
44.4355
44.4403
44.445
44.4497
44.4542
44.4594
44.464
44.4682
44.4739
44.4783
44.4828
44.4872
44.4917
44.4964
44.5017
44.5062
44.5107
44.5154
44.52
44.5242
44.5288
44.5337
44.5384
44.5432
44.5481
44.553
44.5583
44.563
44.5676
44.5726
44.5777
44.583
44.5876
44.592
44.597
44.6016
44.6073
44.6117
44.6167
44.6213
44.6261
44.6308
44.6353
44.6407
44.6455
44.6497
44.6541
44.6588
44.6634
44.6685
44.6731
44.6775
44.6819
44.6867
44.6918
44.6963
44.7009
44.706
44.7111
44.7159
44.7205
44.7254
44.7301
44.7358
44.74
44.7452
44.7498
44.754
44.7583
44.7632
44.768
44.7728
44.7777
44.7823
44.7867
44.7915
44.7964
44.8016
44.806
44.8102
44.8153
44.8202
44.8247
44.8297
44.834
44.8384
44.8433
44.8479
44.8533
44.8582
44.8631
44.8675
44.8724
44.8771
44.8823
44.8862
44.8907
44.8951
44.9001
44.9043
44.9092
44.9147
44.9193
44.924
44.9285
44.9333
44.9384
44.9427
44.9476
44.9521
44.9562
44.9608
44.9656
44.9705
44.9752
44.9793
44.9841
44.9885
44.9932
44.9974
45.0014
45.006
45.0107
45.0154
45.0206
45.0257
45.031
45.0353
45.0401
45.0454
45.0505
45.0556
45.0595
45.0637
45.0685
45.073
45.0774
45.0821
45.0866
45.0915
45.0967
45.1015
45.1065
45.111
45.1159
45.1212
45.1257
45.1301
45.1346
45.1394
45.1435
45.1485
45.1537
45.1586
45.1632
45.1681
45.1734
45.178
45.1827
45.1873
45.192
45.1968
45.2014
45.2061
45.211
45.2154
45.2198
45.225
45.2297
45.234
45.2389
45.2436
45.2486
45.2532
45.2576
45.2623
45.2677
45.2726
45.2766
45.2813
45.2866
45.2915
45.2959
45.3008
45.3057
45.3109
45.3158
45.32
45.3244
45.3292
45.3335
45.3383
45.3425
45.347
45.3517
45.3563
45.3614
45.3657
45.3706
45.3751
45.3805
45.3848
45.3895
45.3938
45.3989
45.4035
45.408
45.4125
45.4175
45.4221
45.4271
45.4314
45.4356
45.4398
45.4446
45.449
45.454
45.4584
45.4629
45.4676
45.4723
45.4764
45.4815
45.4858
45.4903
45.4945
45.4995
45.5039
45.5078
45.5133
45.5177
45.5229
45.5276
45.5322
45.5369
45.5416
45.5466
45.5512
45.5563
45.5607
45.5652
45.5702
45.5746
45.5788
45.5839
45.5884
45.5933
45.5984
45.6033
45.6077
45.6125
45.6172
45.6221
45.6263
45.6314
45.636
45.6405
45.6458
45.6505
45.6549
45.6594
45.6645
45.6688
45.674
45.6787
45.6835
45.6881
45.6935
45.6984
45.7027
45.7071
45.7122
45.7175
45.7226
45.7268
45.7312
45.7358
45.7401
45.7449
45.7493
45.7544
45.7592
45.7639
45.7685
45.7729
45.7775
45.7825
45.7875
45.7919
45.7968
45.8017
45.8064
45.8111
45.815
45.8195
45.8242
45.8286
45.8334
45.8383
45.8428
45.8477
45.8526
45.8568
45.8614
45.8662
45.8706
45.8753
45.8799
45.8843
45.8885
45.8929
45.8976
45.9029
45.9079
45.9125
45.9169
45.9212
45.9263
45.9315
45.9363
45.941
45.9453
45.9495
45.9542
45.9586
45.964
45.9688
45.974
45.9781
45.9825
45.987
45.992
45.9961
46.0005
46.0052
46.0099
46.0144
46.0192
46.024
46.0283
46.0332
46.0376
46.0421
46.0463
46.0511
46.0558
46.0608
46.0649
46.0695
46.0737
46.0778
46.0827
46.0877
46.0926
46.0974
46.1016
46.1063
46.111
46.1156
46.12
46.1248
46.13
46.1346
46.1393
46.1439
46.1483
46.1532
46.158
46.163
46.1677
46.1723
46.1772
46.1821
46.1872
46.1917
46.196
46.2006
46.2055
46.2101
46.2149
46.2198
46.2243
46.2294
46.2337
46.2381
46.2427
46.2473
46.2516
46.2577
46.2623
46.2675
46.2719
46.2767
46.2812
46.2861
46.2907
46.2953
46.2996
46.3044
46.3091
46.3138
46.318
46.3224
46.3271
46.3317
46.3359
46.3407
46.3456
46.3506
46.355
46.36
46.3648
46.37
46.3747
46.3791
46.3839
46.3882
46.3929
46.3977
46.4023
46.4076
46.4123
46.4163
46.4212
46.4256
46.4307
46.4355
46.4401
46.4454
46.4501
46.4544
46.4593
46.4641
46.4688
46.4731
46.4782
46.4823
46.4866
46.4917
46.4962
46.5005
46.5052
46.5093
46.5141
46.5183
46.5231
46.5272
46.5311
46.5358
46.5406
46.545
46.55
46.5548
46.5594
46.5647
46.5698
46.5744
46.5787
46.5836
46.5881
46.5925
46.5972
46.6017
46.6069
46.6116
46.6163
46.6207
46.6254
46.6302
46.6345
46.6392
46.6434
46.6478
46.6526
46.6575
46.6621
46.6667
46.6709
46.6755
46.68
46.6847
46.6892
46.6939
46.6984
46.7031
46.7083
46.7129
46.7171
46.7216
46.7263
46.7312
46.7355
46.7402
46.7454
46.7499
46.7548
46.7596
46.7641
46.7685
46.7729
46.7775
46.782
46.7866
46.7912
46.7955
46.8
46.8048
46.8096
46.8138
46.8183
46.8227
46.8278
46.8324
46.8367
46.8415
46.8462
46.851
46.8559
46.8605
46.865
46.87
46.8749
46.8798
46.8845
46.8895
46.8943
46.899
46.9038
46.9085
46.9134
46.9183
46.9229
46.9277
46.9324
46.9364
46.9419
46.9471
46.9521
46.9566
46.9617
46.9674
46.9716
46.9758
46.9804
46.9855
46.9898
46.9942
46.9987
47.0034
47.0073
47.0128
47.0168
47.0216
47.0267
47.0316
47.0367
47.0418
47.0464
47.0511
47.0558
47.0605
47.0657
47.0706
47.0757
47.0806
47.0856
47.0897
47.095
47.0997
47.1037
47.108
47.1128
47.1172
47.122
47.1269
47.1318
47.1372
47.1419
47.1469
47.1514
47.156
47.1607
47.1654
47.1698
47.1742
47.1789
47.1836
47.1884
47.1928
47.1975
47.2021
47.2068
47.2112
47.2154
47.2204
47.2251
47.2295
47.234
47.2384
47.2428
47.247
47.2515
47.2561
47.2617
47.2659
47.2704
47.2748
47.2798
47.2843
47.2887
47.2931
47.2983
47.3029
47.3072
47.3118
47.3161
47.3211
47.3257
47.3307
47.3355
47.3402
47.3449
47.3495
47.3544
47.3588
47.3638
47.3685
47.373
47.3775
47.3821
47.3874
47.3924
47.3967
47.4012
47.4063
47.4109
47.4155
47.4206
47.4252
47.4302
47.435
47.439
47.4435
47.4481
47.4539
47.4588
47.464
47.4684
47.4731
47.4779
47.4826
47.4876
47.4926
47.4975
47.5023
47.508
47.5123
47.517
47.5224
47.5269
47.5314
47.5365
47.5413
47.546
47.5508
47.5558
47.5606
47.5659
47.5708
47.5755
47.5805
47.5846
47.5901
47.5949
47.6
47.6049
47.609
47.6135
47.6175
47.622
47.627
47.6321
47.6372
47.6417
47.6472
47.6518
47.6566
47.6617
47.6672
47.6722
47.6767
47.6812
47.6854
47.6899
47.6943
47.6991
47.7038
47.7086
47.7134
47.7185
47.7237
47.7283
47.7332
47.738
47.7435
47.748
47.7534
47.7578
47.7625
47.7674
47.772
47.7763
47.7809
47.7857
47.7907
47.7952
47.8005
47.805
47.8099
47.8147
47.8194
47.8248
47.8294
47.8339
47.8392
47.8439
47.8488
47.8534
47.8581
47.863
47.8679
47.8727
47.8776
47.8818
47.8867
47.8919
47.8964
47.9007
47.9049
47.9096
47.9141
47.9191
47.9245
47.9297
47.9349
47.9399
47.9444
47.9489
47.9533
47.9583
47.9634
47.9679
47.9725
47.9776
47.982
47.9865
47.9915
47.9962
48.0007
48.0055
48.0108
48.015
48.0201
48.0254
48.0297
48.0352
48.0399
48.0448
48.0498
48.0548
48.0595
48.0643
48.0693
48.074
48.0787
48.0838
48.0883
48.0928
48.0974
48.1021
48.1068
48.1114
48.1163
48.121
48.1256
48.1306
48.1352
48.141
48.1459
48.1503
48.1547
48.1598
48.1649
48.1694
48.1738
48.1786
48.1834
48.1882
48.1932
48.1984
48.2032
48.2083
48.2132
48.218
48.223
48.2266
48.2311
48.2357
48.2403
48.245
48.2499
48.255
48.2604
48.2657
48.2704
48.2747
48.2798
48.2851
48.2898
48.2947
48.2993
48.3044
48.3091
48.3139
48.3189
48.3234
48.3283
48.3334
48.3389
48.3436
48.348
48.3525
48.357
48.3615
48.3662
48.3711
48.3765
48.381
48.3852
48.3897
48.3942
48.3987
48.404
48.4089
48.4141
48.4189
48.4235
48.4285
48.4336
48.4376
48.4418
48.4479
48.4527
48.457
48.4616
48.4673
48.4719
48.4769
48.4814
48.4859
48.4903
48.4945
48.4996
48.5042
48.5088
48.5136
48.5194
48.5235
48.5285
48.5338
48.5387
48.5429
48.5475
48.5525
48.557
48.5625
48.5676
48.5726
48.5773
48.5815
48.5863
48.5904
48.595
48.5998
48.6044
48.6089
48.6136
48.6185
48.6235
48.6278
48.6321
48.6366
48.6415
48.6458
48.6501
48.6552
48.6599
48.6646
48.6695
48.6745
48.6795
48.6835
48.6882
48.6925
48.6971
48.7018
48.7064
48.7113
48.7161
48.7203
48.7248
48.7296
48.7336
48.7387
48.743
48.7484
48.7532
48.7578
48.7625
48.7679
48.7727
48.777
48.7814
48.786
48.7907
48.7955
48.8005
48.8055
48.8104
48.8153
48.8193
48.8244
48.8292
48.8342
48.839
48.8433
48.848
48.8531
48.858
48.8628
48.8676
48.8723
48.877
48.8818
48.8862
48.8909
48.8951
48.8992
48.9041
48.9091
48.9139
48.9192
48.9236
48.9287
48.9336
48.9387
48.9435
48.9477
48.9524
48.9572
48.9613
48.9662
48.9712
48.9756
48.98
48.9846
48.9894
48.9942
48.9995
49.0049
49.0092
49.0138
49.0182
49.023
49.0284
49.0341
49.0394
49.0439
49.0486
49.0541
49.0587
49.0631
49.0676
49.0726
49.0774
49.0821
49.0862
49.0913
49.0959
49.1007
49.1049
49.1098
49.1144
49.1187
49.1237
49.1293
49.1335
49.138
49.1426
49.1473
49.1524
49.1567
49.1618
49.1668
49.1713
49.1754
49.1796
49.1844
49.1887
49.1938
49.1987
49.2032
49.208
49.2128
49.2176
49.2221
49.2269
49.2318
49.2367
49.2416
49.2469
49.2516
49.2565
49.2611
49.266
49.2708
49.2751
49.2795
49.2841
49.2887
49.2936
49.2989
49.3035
49.3085
49.3136
49.3185
49.3233
49.3283
49.3336
49.3391
49.3435
49.3479
49.3528
49.3579
49.363
49.3682
49.3731
49.3777
49.3826
49.388
49.3931
49.3983
49.4028
49.4072
49.4121
49.4167
49.4211
49.426
49.4309
49.4358
49.4406
49.4455
49.4506
49.4554
49.4601
49.4647
49.4696
49.4748
49.4802
49.4843
49.4894
49.4944
49.4993
49.5047
49.5096
49.5147
49.5193
49.5242
49.5289
49.5342
49.5393
49.5443
49.5494
49.5541
49.5586
49.5633
49.5682
49.5732
49.5782
49.5827
49.5877
49.5923
49.5974
49.6027
49.6076
49.6126
49.6179
49.6229
49.6277
49.633
49.6383
49.6432
49.6478
49.6529
49.657
49.6615
49.6663
49.6713
49.6763
49.6808
49.6858
49.691
49.6955
49.7002
49.7053
49.7097
49.7152
49.72
49.7255
49.7303
49.7351
49.7393
49.7449
49.7503
49.7555
49.7607
49.7655
49.7706
49.7757
49.78
49.7853
49.7903
49.795
49.7998
49.8051
49.8105
49.8155
49.8205
49.8256
49.8299
49.8352
49.8398
49.8447
49.8501
49.8548
49.8591
49.8641
49.8691
49.8738
49.879
49.8839
49.8889
49.8941
49.8993
49.9042
49.9096
49.9148
49.92
49.9242
49.9295
49.9336
49.939
49.944
49.9485
49.9528
49.9577
49.9621
49.9674
49.9722
49.9766
49.9822
49.9871
49.9921
49.9973
50.0023
50.0074
50.012
50.0163
50.021
50.0259
50.0309
50.0359
50.0408
50.0462
50.0512
50.0561
50.0609
50.066
50.0712
50.0756
50.08
50.0848
50.0893
50.094
50.0991
50.1037
50.1085
50.1128
50.1176
50.1224
50.1275
50.1317
50.1361
50.1407
50.1456
50.1509
50.1562
50.1608
50.166
50.1707
50.1765
50.1815
50.1861
50.191
50.1958
50.2008
50.2058
50.2105
50.2151
50.2196
50.2249
50.2295
50.2344
50.2392
50.2445
50.2494
50.2541
50.2588
50.2637
50.2689
50.2739
50.2785
50.2838
50.2886
50.2938
50.2985
50.3033
50.3079
50.313
50.3178
50.3227
50.3275
50.3325
50.3377
50.342
50.3463
50.3519
50.3562
50.3612
50.3663
50.3714
50.376
50.38
50.385
50.3899
50.3949
50.4002
50.4058
50.4104
50.4154
50.421
50.4254
50.4299
50.4347
50.4394
50.4446
50.4497
50.4544
50.46
50.4654
50.4702
50.4749
50.4795
50.4845
50.4891
50.4945
50.5
50.5047
50.5104
50.5154
50.5209
50.5264
50.5311
50.5359
50.5411
50.5463
50.5516
50.5569
50.562
50.5672
50.5728
50.5777
50.5827
50.5873
50.5924
50.5974
50.6021
50.6065
50.6115
50.616
50.6214
50.627
50.6328
50.6376
50.6422
50.6469
50.6521
50.6571
50.6621
50.6672
50.672
50.6765
50.6819
50.6866
50.6914
50.6966
50.7021
50.7074
50.7128
50.718
50.723
50.729
50.7339
50.739
50.744
50.7492
50.7541
50.7594
50.7643
50.7697
50.7748
50.7795
50.7844
50.7898
50.7946
50.7996
50.8049
50.8103
50.8159
50.8204
50.8255
50.831
50.8354
50.8407
50.8462
50.8514
50.8565
50.8612
50.8658
50.8707
50.8757
50.8802
50.8855
50.8907
50.8956
50.9004
50.9053
50.9105
50.9156
50.9205
50.9252
50.9301
50.9353
50.9408
50.9457
50.9509
50.9553
50.9604
50.9654
50.9708
50.9757
50.9811
50.9861
50.991
50.9961
51.0013
51.0066
51.0119
51.017
51.0217
51.0267
51.032
51.0372
51.0423
51.0477
51.0524
51.0577
51.0634
51.0692
51.0744
51.0796
51.0847
51.0897
51.0947
51.1001
51.1048
51.11
51.1157
51.1206
51.1259
51.1315
51.1361
51.1412
51.1463
51.1516
51.1561
51.1607
51.1663
51.1715
51.1769
51.1829
51.1884
51.193
51.1981
51.2031
51.208
51.2135
51.2187
51.2229
51.2282
51.2341
51.2391
51.2445
51.2493
51.2547
51.2604
51.2655
51.2707
51.2754
51.2808
51.2864
51.2915
51.2964
51.3013
51.3067
51.3124
51.3171
51.3223
51.3276
51.3331
51.3376
51.3423
51.3474
51.3521
51.3568
51.3616
51.3674
51.3722
51.3769
51.382
51.3867
51.3913
51.3963
51.4023
51.4076
51.4125
51.4175
51.4225
51.4272
51.432
51.4373
51.4427
51.4471
51.4518
51.4569
51.4617
51.4667
51.4723
51.4783
51.4837
51.488
51.4929
51.4982
51.5026
51.5079
51.5132
51.519
51.5236
51.5291
51.5347
51.5403
51.545
51.5499
51.5558
51.5611
51.566
51.5715
51.5768
51.5824
51.5872
51.5927
51.5978
51.6023
51.6071
51.6122
51.6185
51.624
51.6293
51.6353
51.641
51.6465
51.6516
51.6567
51.662
51.6667
51.6721
51.6766
51.6816
51.6862
51.6919
51.6969
51.702
51.707
51.7127
51.7174
51.7228
51.7273
51.7322
51.7376
51.7436
51.7488
51.7548
51.7604
51.7657
51.7708
51.7754
51.781
51.7859
51.7911
51.7964
51.8009
51.8063
51.8112
51.8158
51.8214
51.8265
51.8319
51.837
51.8423
51.8474
51.8529
51.858
51.8636
51.8692
51.8739
51.8799
51.885
51.8897
51.8948
51.9001
51.9052
51.9106
51.9162
51.9213
51.9263
51.9319
51.9372
51.9424
51.9481
51.9534
51.9593
51.965
51.97
51.9754
51.9809
51.9858
51.9917
51.9966
52.0013
52.0071
52.0123
52.0173
52.023
52.0281
52.0333
52.0384
52.0438
52.0493
52.0545
52.0595
52.0645
52.07
52.0754
52.0806
52.0859
52.0915
52.0967
52.102
52.1074
52.1126
52.1176
52.1225
52.1282
52.1336
52.1388
52.1443
52.1493
52.1552
52.16
52.1653
52.1703
52.1754
52.1804
52.1862
52.1913
52.1968
52.2018
52.2065
52.212
52.2173
52.2231
52.2285
52.2332
52.2384
52.244
52.2492
52.2551
52.2609
52.2668
52.2726
52.2778
52.2826
52.2881
52.2938
52.299
52.3038
52.3089
52.3138
52.3197
52.3251
52.3305
52.3356
52.3415
52.3465
52.352
52.3573
52.3625
52.3676
52.3738
52.3789
52.3841
52.3894
52.395
52.4006
52.4064
52.4119
52.417
52.4224
52.4279
52.4329
52.4384
52.4433
52.4485
52.454
52.4587
52.4636
52.4689
52.4745
52.4801
52.4855
52.491
52.4964
52.5019
52.5078
52.5132
52.5182
52.5235
52.5296
52.535
52.5404
52.5458
52.5519
52.5571
52.5622
52.5673
52.5729
52.5785
52.5849
52.5906
52.5966
52.602
52.608
52.6138
52.6189
52.6242
52.6294
52.6353
52.6403
52.6459
52.6515
52.6567
52.6627
52.6689
52.675
52.6806
52.6868
52.6915
52.6962
52.7019
52.707
52.7127
52.7181
52.7237
52.7296
52.7353
52.7403
52.7459
52.7514
52.7573
52.7629
52.7684
52.7737
52.7792
52.785
52.7909
52.7964
52.8014
52.8071
52.812
52.8183
52.8245
52.8301
52.8354
52.8401
52.8459
52.8511
52.8574
52.8636
52.8692
52.8747
52.8801
52.8862
52.8924
52.8979
52.9036
52.9095
52.9145
52.9202
52.9262
52.9313
52.9363
52.9423
52.9478
52.9535
52.9597
52.9643
52.9697
52.9752
52.9814
52.9868
52.9925
52.9986
53.0038
53.0102
53.0152
53.0205
53.026
53.0318
53.0378
53.0437
53.0497
53.0546
53.0603
53.0664
53.0724
53.0778
53.0832
53.0887
53.094
53.0996
53.1052
53.1112
53.1163
53.1224
53.1277
53.1325
53.1381
53.1445
53.1499
53.1554
53.1613
53.1666
53.1724
53.179
53.1843
53.1894
53.1952
53.2007
53.2063
53.2119
53.2179
53.2239
53.2294
53.2344
53.2399
53.2453
53.2513
53.2569
53.2629
53.2685
53.2741
53.2797
53.2854
53.2903
53.2959
53.3009
53.3064
53.3114
53.3165
53.322
53.3268
53.3329
53.3388
53.3445
53.3496
53.3556
53.3616
53.3665
53.3715
53.3767
53.3818
53.3873
53.3929
53.399
53.4046
53.4103
53.4165
53.4218
53.4279
53.4336
53.4395
53.4459
53.4519
53.4579
53.4636
53.469
53.4747
53.4799
53.486
53.4915
53.4977
53.5037
53.5099
53.5152
53.5205
53.526
53.532
53.5372
53.5435
53.5486
53.5544
53.5605
53.5665
53.5728
53.579
53.585
53.5908
53.5961
53.6018
53.6074
53.6123
53.6176
53.6231
53.6286
53.6348
53.64
53.6456
53.651
53.6564
53.6619
53.6683
53.6736
53.6795
53.6858
53.6916
53.6977
53.7027
53.7084
53.7141
53.7194
53.7254
53.731
53.7365
53.7419
53.7478
53.7539
53.7595
53.7649
53.7712
53.7768
53.7834
53.7892
53.7945
53.8003
53.8065
53.8123
53.8175
53.8233
53.8287
53.8342
53.8399
53.846
53.8516
53.8572
53.8627
53.8685
53.8744
53.8799
53.8859
53.8915
53.8974
53.9033
53.909
53.9153
53.9208
53.9264
53.9323
53.9377
53.9433
53.9494
53.9556
53.962
53.9675
53.9738
53.9797
53.9852
53.9914
53.9969
54.0025
54.0087
54.0153
54.0216
54.0276
54.0334
54.0397
54.0458
54.0521
54.0581
54.0638
54.0696
54.0756
54.0816
54.0878
54.094
54.1
54.1059
54.1128
54.1192
54.1248
54.1307
54.1357
54.1419
54.1472
54.1531
54.1598
54.1659
54.1715
54.1776
54.1833
54.1892
54.1952
54.201
54.2063
54.2124
54.2181
54.2244
54.2299
54.2355
54.2419
54.2476
54.2534
54.2591
54.2653
54.271
54.2767
54.2824
54.2884
54.2938
54.2995
54.3061
54.3126
54.3187
54.3243
54.3304
54.3366
54.3425
54.3496
54.3557
54.3613
54.3681
54.3741
54.3807
54.3872
54.3931
54.3993
54.4055
54.4115
54.4175
54.4231
54.4297
54.4355
54.4413
54.4475
54.4538
54.4597
54.4659
54.4714
54.4776
54.4835
54.4892
54.4947
54.502
54.5082
54.5141
54.5205
54.5272
54.5339
54.5394
54.5458
54.5522
54.5583
54.5642
54.5706
54.577
54.5833
54.5898
54.5954
54.6015
54.6071
54.6131
54.6189
54.6256
54.6319
54.6386
54.6455
54.652
54.658
54.6642
54.6703
54.6762
54.6833
54.6898
54.6964
54.7033
54.7098
54.7159
54.7221
54.7287
54.7355
54.7423
54.7479
54.7544
54.7606
54.7672
54.774
54.7809
54.7874
54.7934
54.7998
54.8059
54.812
54.8186
54.8251
54.8314
54.8377
54.8443
54.8497
54.8555
54.8611
54.8662
54.8727
54.8791
54.885
54.8908
54.8969
54.9041
54.9108
54.9173
54.924
54.9305
54.9375
54.9443
54.9507
54.9574
54.9639
54.97
54.9761
54.9827
54.9886
54.9951
55.0015
55.008
55.0139
55.0203
55.0264
55.0326
55.0392
55.0452
55.0521
55.0581
55.0653
55.0704
55.0765
55.0826
55.0896
55.0967
55.1027
55.1082
55.1151
55.1212
55.1275
55.1342
55.1402
55.1475
55.154
55.1603
55.1668
55.1728
55.1789
55.1853
55.1922
55.1982
55.2043
55.2101
55.2164
55.222
55.2287
55.2357
55.2423
55.2487
55.2549
55.2609
55.2677
55.2744
55.2804
55.2869
55.2933
55.3003
55.3063
55.3133
55.3211
55.328
55.3347
55.3406
55.347
55.3536
55.3596
55.3667
55.3732
55.3791
55.3861
55.3928
55.3998
55.4067
55.4135
55.4198
55.4277
55.4346
55.4414
55.4478
55.4542
55.4604
55.4664
55.4731
55.4797
55.4863
55.493
55.4996
55.5058
55.513
55.5197
55.527
55.5346
55.5418
55.5483
55.5547
55.5614
55.5682
55.5747
55.581
55.5873
55.5937
55.6003
55.6079
55.6145
55.6214
55.628
55.6357
55.6431
55.6505
55.6572
55.6645
55.672
55.6787
55.6859
55.6925
55.7007
55.7074
55.7145
55.7217
55.7278
55.7352
55.7421
55.7489
55.7561
55.7626
55.7689
55.7767
55.7836
55.7908
55.798
55.8045
55.8114
55.8179
55.8247
55.8319
55.8382
55.8454
55.8525
55.86
55.8676
55.8742
55.881
55.8873
55.8943
55.901
55.9083
55.916
55.9234
55.9307
55.938
55.9448
55.9529
55.9614
55.9681
55.9752
55.9816
55.9891
55.9952
56.0024
56.0092
56.0158
56.0226
56.03
56.0367
56.0442
56.0513
56.0582
56.066
56.0733
56.0798
56.0859
56.0918
56.0987
56.1052
56.1121
56.1187
56.1268
56.1346
56.1413
56.148
56.1554
56.1631
56.1697
56.1772
56.1837
56.1915
56.1985
56.2065
56.2134
56.2209
56.2283
56.2358
56.2434
56.251
56.2578
56.2646
56.272
56.2791
56.2866
56.2944
56.3008
56.3089
56.3164
56.323
56.3308
56.339
56.3453
56.3529
56.3606
56.3689
56.3766
56.3839
56.391
56.3974
56.4053
56.4131
56.4209
56.428
56.4363
56.4442
56.4516
56.4588
56.4661
56.4735
56.481
56.4895
56.4973
56.5053
56.5122
56.5193
56.5262
56.533
56.54
56.5464
56.554
56.5622
56.57
56.5782
56.5852
56.5917
56.599
56.6064
56.6139
56.6213
56.6292
56.6364
56.6437
56.6518
56.6595
56.6675
56.6759
56.683
56.69
56.6973
56.7046
56.7117
56.7186
56.7267
56.7344
56.7426
56.7499
56.7585
56.7664
56.7736
56.781
56.7891
56.7969
56.8042
56.8121
56.8199
56.8273
56.8349
56.8442
56.8515
56.8598
56.8683
56.8764
56.8835
56.8917
56.9
56.9076
56.916
56.9239
56.9324
56.94
56.949
56.9569
56.9657
56.9733
56.9803
56.9879
56.9961
57.0035
57.0112
57.0194
57.0266
57.0344
57.0413
57.0484
57.0554
57.0629
57.0704
57.0782
57.0858
57.0938
57.1015
57.1104
57.1194
57.1263
57.1339
57.141
57.1495
57.1576
57.1655
57.1738
57.1818
57.191
57.2
57.2069
57.2148
57.2233
57.2319
57.2404
57.2488
57.2568
57.2645
57.2724
57.2811
57.289
57.2963
57.3049
57.313
57.3215
57.3294
57.337
57.3454
57.3545
57.3631
57.3721
57.3802
57.3881
57.398
57.4068
57.4153
57.4236
57.4322
57.4397
57.4483
57.4566
57.4646
57.4725
57.481
57.4894
57.4984
57.508
57.5161
57.5233
57.5313
57.5392
57.5463
57.5555
57.5633
57.5712
57.5795
57.5884
57.5974
57.605
57.6129
57.6204
57.6286
57.637
57.646
57.6544
57.6636
57.6713
57.6797
57.6873
57.6953
57.7039
57.7119
57.7199
57.7277
57.7362
57.7449
57.7531
57.7623
57.7701
57.7786
57.7876
57.796
57.8055
57.8131
57.8211
57.8294
57.8386
57.8473
57.8565
57.8642
57.8734
57.8825
57.8914
57.9005
57.9101
57.9186
57.9271
57.9356
57.9452
57.9543
57.9625
57.9713
57.9799
57.9887
57.9963
58.0056
58.0144
58.0227
58.0314
58.0406
58.0495
58.0586
58.0679
58.077
58.0864
58.0945
58.1032
58.1122
58.1208
58.1293
58.1382
58.1471
58.1568
58.1647
58.174
58.1817
58.1896
58.1979
58.2079
58.2162
58.2252
58.2334
58.2426
58.251
58.2588
58.2675
58.2762
58.2863
58.2954
58.3038
58.3126
58.3223
58.3309
58.3408
58.3501
58.3596
58.3687
58.3772
58.3861
58.3952
58.4049
58.414
58.4226
58.4323
58.4426
58.4518
58.4602
58.4697
58.4786
58.4887
58.4975
58.506
58.5149
58.5244
58.5343
58.5422
58.552
58.5607
58.5693
58.5789
58.5882
58.5976
58.607
58.617
58.626
58.637
58.6475
58.6578
58.6667
58.676
58.685
58.6957
58.7057
58.7154
58.7253
58.7342
58.7439
58.754
58.7631
58.7719
58.782
58.7919
58.8019
58.8117
58.8223
58.8324
58.8417
58.8519
58.8615
58.8712
58.8805
58.89
58.8997
58.9086
58.9182
58.9283
58.9381
58.9473
58.957
58.9667
58.9766
58.9867
58.996
59.0046
59.0149
59.0259
59.0343
59.0442
59.0538
59.064
59.0732
59.0829
59.0924
59.1028
59.1129
59.1238
59.1337
59.1446
59.1551
59.1652
59.176
59.1851
59.1955
59.207
59.2165
59.2256
59.2354
59.2448
59.255
59.2648
59.2759
59.285
59.2945
59.3044
59.3155
59.3246
59.3338
59.3435
59.3531
59.3637
59.3733
59.384
59.3945
59.4062
59.4161
59.4259
59.436
59.4475
59.4572
59.4673
59.4771
59.4873
59.4989
59.5103
59.5214
59.533
59.5434
59.5536
59.5631
59.5736
59.5863
59.5964
59.6094
59.6209
59.6311
59.6414
59.6528
59.6638
59.6743
59.6838
59.6954
59.7062
59.718
59.7285
59.7386
59.7494
59.7606
59.7721
59.781
59.7916
59.8033
59.8144
59.8257
59.8361
59.8468
59.8595
59.871
59.8831
59.8938
59.9061
59.9179
59.9285
59.9394
59.9509
59.9603
59.9698
59.9812
59.991
60.004
60.0141
60.0244
60.0354
60.0467
60.0576
60.0694
60.0806
60.0943
60.1049
60.116
60.1277
60.1384
60.1504
60.1622
60.1728
60.1832
60.1945
60.2043
60.2147
60.2263
60.2384
60.2497
60.2612
60.2718
60.2834
60.2939
60.3033
60.3151
60.3272
60.339
60.3505
60.3617
60.3725
60.3857
60.3978
60.4104
60.4218
60.4334
60.4452
60.4578
60.4691
60.481
60.4928
60.505
60.5159
60.5276
60.5395
60.5508
60.5619
60.5737
60.5869
60.5984
60.6111
60.6234
60.6335
60.6457
60.6579
60.6704
60.6828
60.6942
60.7065
60.7176
60.7294
60.7424
60.7538
60.7654
60.778
60.7899
60.8012
60.8126
60.8255
60.8376
60.8492
60.8616
60.8755
60.8892
60.903
60.9168
60.9297
60.9427
60.9552
60.9678
60.982
60.9939
61.0068
61.0201
61.0334
61.0467
61.0594
61.0726
61.0862
61.0995
61.1136
61.1278
61.14
61.1527
61.166
61.1784
61.1941
61.2067
61.2202
61.2338
61.248
61.2605
61.2736
61.286
61.3011
61.3147
61.3271
61.34
61.3541
61.3687
61.3804
61.3941
61.4069
61.4211
61.4351
61.4477
61.4618
61.4764
61.4907
61.5036
61.5178
61.533
61.5487
61.5625
61.5781
61.5924
61.6053
61.6204
61.6337
61.6463
61.6608
61.6751
61.6876
61.7015
61.7157
61.7268
61.7417
61.7559
61.7713
61.7845
61.7986
61.8142
61.8299
61.8441
61.8591
61.8743
61.8888
61.9039
61.9185
61.933
61.9481
61.963
61.9774
61.9938
62.01
62.0255
62.0409
62.057
62.0729
62.089
62.1041
62.1222
62.1396
62.1538
62.1679
62.1838
62.1989
62.2144
62.2303
62.2467
62.2605
62.278
62.2939
62.3125
62.3263
62.343
62.3611
62.377
62.3931
62.4089
62.4258
62.4403
62.4568
62.4752
62.4925
62.5088
62.5243
62.5424
62.5615
62.5779
62.5947
62.6126
62.6292
62.6456
62.663
62.6802
62.6973
62.7142
62.7306
62.7482
62.7682
62.7848
62.803
62.8194
62.8379
62.8549
62.8721
62.8911
62.909
62.9277
62.9461
62.9656
62.9836
63.0057
63.024
63.0441
63.0627
63.0819
63.1018
63.1193
63.1365
63.1582
63.1784
63.1973
63.2188
63.2392
63.2599
63.2796
63.2971
63.3159
63.3336
63.3535
63.3749
63.3962
63.4175
63.4376
63.4581
63.4822
63.5048
63.5242
63.5427
63.5637
63.5837
63.6038
63.6244
63.6453
63.6659
63.6877
63.7079
63.7302
63.7527
63.7741
63.7958
63.8172
63.8377
63.8615
63.8888
63.9109
63.9327
63.9549
63.9771
63.9992
64.0209
64.0435
64.0645
64.0888
64.1143
64.1418
64.165
64.1879
64.2124
64.2339
64.2578
64.2815
64.3054
64.3293
64.3558
64.3801
64.407
64.4322
64.461
64.4841
64.5087
64.5389
64.5624
64.5895
64.6188
64.6446
64.6701
64.6992
64.7232
64.7506
64.7771
64.8037
64.8352
64.8627
64.8924
64.9182
64.9513
64.9801
65.0115
65.039
65.0672
65.0964
65.1247
65.1587
65.1896
65.2231
65.2553
65.2862
65.3165
65.3479
65.3847
65.4129
65.4472
65.4817
65.5139
65.5483
65.5834
65.6163
65.6492
65.6842
65.7196
65.7556
65.7941
65.8355
65.8733
65.9085
65.9502
65.9881
66.0243
66.0654
66.1024
66.1393
66.1775
66.2252
66.2701
66.315
66.3595
66.4029
66.4449
66.4924
66.5364
66.5819
66.6343
66.6838
66.7284
66.7739
66.8216
66.8695
66.9205
66.9743
67.0255
67.0754
67.1323
67.1873
67.24
67.2985
67.3603
67.4175
67.4729
67.526
67.5819
67.6487
67.7112
67.7751
67.8357
67.9014
67.9786
68.0523
68.1236
68.1991
68.2703
68.343
68.4185
68.5062
68.5843
68.6773
68.7573
68.8415
68.9458
69.0392
69.1492
69.2468
69.3468
69.4468
69.5405
69.6511
69.772
69.8954
70.0249
70.1397
70.2853
70.4377
70.5995
70.7418
70.925
71.0975
71.2926
71.4766
71.7193
71.993
72.288
72.6243
73.0356
73.5533
74.1128
74.8887
75.7945
76.9328
78.2332
83.2804
