1
2
2.5
2.83333
3.08333
3.68333
4.18333
4.32619
4.57619
4.6873
6.80166
8.19549
9.69854
12.7366
15.4914
17.3759
18.6616
19.7653
20.7342
21.5774
22.4135
23.1333
23.8365
24.4055
24.9397
25.4445
25.9731
26.4026
26.8641
27.3253
27.7339
28.1617
28.5595
28.9615
29.3322
29.7151
30.0841
30.4111
30.7102
31.0299
31.3116
31.6269
31.9075
32.175
32.4537
32.7153
32.9885
33.2361
33.4952
33.7415
33.998
34.2333
34.4728
34.6997
34.9492
35.172
35.3862
35.6152
35.8267
36.0718
36.2854
36.5153
36.7193
36.9231
37.1447
37.3421
37.5398
37.7227
37.9292
38.1261
38.3189
38.5152
38.728
38.9237
39.1181
39.3156
39.5194
39.7186
39.9005
40.096
40.3078
40.5075
40.7126
40.9009
41.1059
41.2751
41.463
41.6519
41.8538
42.0663
42.2403
42.4694
42.6479
42.8317
43.0149
43.186
43.3654
43.5344
43.6926
43.8437
44.0128
44.1677
44.3361
44.4865
44.6504
44.7911
44.9505
45.1131
45.258
45.4037
45.553
45.6917
45.8235
45.9609
46.1013
46.2372
46.3774
46.515
46.6547
46.8001
46.9354
47.0785
47.222
47.3696
47.5134
47.6488
47.7855
47.9239
48.0453
48.1899
48.3215
48.4543
48.5957
48.7355
48.8725
48.997
49.128
49.2554
49.3885
49.5142
49.6504
49.7753
49.9036
50.0391
50.1507
50.2768
50.3897
50.5074
50.6259
50.7412
50.8414
50.9622
51.0847
51.1988
51.2988
51.4057
51.535
51.6461
51.7512
51.8582
51.9637
52.059
52.1598
52.267
52.3763
52.4758
52.5736
52.6647
52.7579
52.8463
52.9444
53.0391
53.1373
53.2345
53.3275
53.4172
53.5176
53.6055
53.7062
53.8002
53.8909
53.9783
54.0672
54.1693
54.2653
54.3652
54.4647
54.5604
54.6467
54.729
54.8111
54.9078
54.9905
55.0776
55.18
55.2555
55.3403
55.4195
55.4995
55.5792
55.6512
55.7364
55.8174
55.8938
55.9691
56.0475
56.1285
56.2021
56.289
56.3776
56.4539
56.5344
56.6246
56.709
56.7883
56.8744
56.9539
57.0292
57.1137
57.2014
57.28
57.3666
57.4473
57.5268
57.6084
57.6853
57.7598
57.8446
57.9285
58.0183
58.1061
58.1925
58.2798
58.3589
58.4373
58.5188
58.5995
58.6819
58.7683
58.8568
58.9467
59.0319
59.1108
59.1957
59.276
59.3566
59.438
59.5179
59.6011
59.6779
59.7659
59.8481
59.9313
60.0135
60.0906
60.1645
60.2439
60.3309
60.4086
60.4817
60.5618
60.643
60.7221
60.8039
60.8836
60.9607
61.0395
61.1165
61.2056
61.2771
61.3559
61.4381
61.5168
61.6003
61.6791
61.7567
61.8407
61.9273
62.0003
62.0791
62.1672
62.2363
62.3121
62.3954
62.4679
62.5386
62.6155
62.6993
62.7755
62.8573
62.9332
63.0154
63.0872
63.16
63.2379
63.3137
63.3984
63.4734
63.5479
63.6271
63.7034
63.7756
63.8525
63.9306
64.0093
64.0966
64.1697
64.2383
64.312
64.3888
64.4658
64.5382
64.6178
64.6939
64.7634
64.8485
64.9283
65.0112
65.0856
65.1626
65.24
65.3164
65.386
65.4631
65.5368
65.62
65.6992
65.7739
65.8467
65.9251
65.9981
66.0693
66.1423
66.2112
66.2876
66.356
66.4248
66.4924
66.5683
66.6417
66.7082
66.7794
66.8445
66.9135
66.9868
67.049
67.1213
67.1944
67.265
67.3389
67.4126
67.4791
67.5427
67.6155
67.6806
67.7468
67.8102
67.873
67.9431
68.0163
68.0807
68.1471
68.2139
68.277
68.3439
68.4163
68.4899
68.5619
68.6286
68.6964
68.7615
68.8223
68.8885
68.9479
69.0082
69.0716
69.1332
69.2015
69.2666
69.3342
69.4019
69.4675
69.5278
69.5888
69.6454
69.7098
69.769
69.8287
69.8933
69.9606
70.0243
70.0877
70.1504
70.2064
70.2773
70.3436
70.4133
70.473
70.5324
70.5969
70.6621
70.7234
70.7788
70.843
70.9143
70.9764
71.0352
71.0926
71.1562
71.2185
71.2822
71.3431
71.4002
71.4619
71.5177
71.58
71.6428
71.7079
71.7666
71.8248
71.8826
71.9453
72.0033
72.0613
72.125
72.1848
72.2459
72.3102
72.3731
72.4374
72.497
72.5635
72.626
72.6835
72.741
72.8035
72.8674
72.9334
72.9912
73.0541
73.11
73.1648
73.2228
73.2803
73.3408
73.4035
73.4659
73.5257
73.5884
73.6522
73.7133
73.7687
73.8306
73.8843
73.9438
74.0057
74.064
74.1264
74.1866
74.2469
74.3102
74.362
74.4291
74.4898
74.5503
74.6129
74.6709
74.7305
74.7912
74.8467
74.9092
74.9617
75.0278
75.0817
75.1422
75.2028
75.2582
75.3227
75.3807
75.4371
75.4944
75.551
75.6081
75.6666
75.727
75.7788
75.8384
75.8903
75.948
76.0048
76.0643
76.1185
76.1778
76.2364
76.2975
76.3536
76.4054
76.4601
76.5244
76.5798
76.6349
76.6865
76.7476
76.8042
76.8561
76.9137
76.9666
77.0193
77.0692
77.1314
77.179
77.2312
77.2833
77.3366
77.3862
77.4393
77.4839
77.5364
77.5881
77.6379
77.6907
77.7475
77.8001
77.8504
77.9035
77.9593
78.0121
78.0568
78.1051
78.157
78.207
78.2617
78.3187
78.365
78.4196
78.4712
78.5202
78.5665
78.6137
78.6604
78.7152
78.7644
78.8066
78.8536
78.9055
78.9498
78.9974
79.0481
79.0957
79.1399
79.189
79.2377
79.2828
79.3269
79.3732
79.4164
79.4584
79.5042
79.5487
79.5855
79.6296
79.6715
79.7165
79.7584
79.7997
79.8443
79.8918
79.9344
79.9761
80.0156
80.0598
80.1004
80.143
80.181
80.2245
80.2689
80.3078
80.3507
80.389
80.4261
80.4702
80.5113
80.5509
80.587
80.6306
80.6718
80.7156
80.7513
80.7949
80.8361
80.8769
80.9148
80.9545
80.9914
81.0268
81.071
81.1121
81.1511
81.1939
81.2296
81.2676
81.3121
81.3508
81.3902
81.4338
81.4706
81.5088
81.5485
81.5906
81.6278
81.667
81.7035
81.7394
81.7781
81.8124
81.8491
81.8934
81.932
81.9684
82.0074
82.0441
82.0817
82.1213
82.1572
82.1962
82.2306
82.2665
82.3037
82.3366
82.3701
82.407
82.4433
82.4811
82.5124
82.5484
82.5862
82.6279
82.6628
82.6956
82.7355
82.7733
82.809
82.8421
82.8793
82.9188
82.9528
82.9898
83.024
83.0581
83.0969
83.1296
83.1647
83.1987
83.2354
83.2711
83.3062
83.3398
83.3796
83.4123
83.4462
83.4772
83.5131
83.5471
83.583
83.616
83.6513
83.6804
83.7147
83.7515
83.7863
83.8225
83.8524
83.8842
83.9196
83.9523
83.9838
84.0174
84.0512
84.0852
84.1185
84.1518
84.1874
84.2178
84.2521
84.286
84.3174
84.3518
84.3813
84.4117
84.4442
84.4795
84.512
84.5434
84.5778
84.6103
84.6452
84.6785
84.7089
84.7388
84.7693
84.7988
84.8321
84.8631
84.8973
84.9304
84.9617
84.9946
85.0248
85.0534
85.0851
85.1147
85.1435
85.1755
85.2033
85.2332
85.2643
85.2937
85.3227
85.3562
85.3871
85.4161
85.446
85.4779
85.5061
85.5386
85.5686
85.6026
85.6316
85.6629
85.6954
85.7252
85.7535
85.7835
85.8126
85.8418
85.8699
85.8978
85.9299
85.9601
85.99
86.0164
86.0438
86.0713
86.0998
86.1285
86.1578
86.1859
86.2145
86.2422
86.2709
86.3015
86.3286
86.3598
86.3879
86.4167
86.4446
86.4749
86.5056
86.5337
86.5619
86.5896
86.6178
86.646
86.6729
86.6996
86.7286
86.7572
86.7871
86.8144
86.8433
86.8702
86.8957
86.928
86.956
86.9835
87.0095
87.0416
87.0708
87.0979
87.1213
87.1499
87.1771
87.2055
87.2321
87.2596
87.2886
87.3148
87.3437
87.3716
87.3973
87.4254
87.45
87.4748
87.5015
87.5285
87.5536
87.584
87.6095
87.6373
87.6666
87.6952
87.7204
87.7463
87.7743
87.8025
87.8263
87.8528
87.8805
87.9071
87.9347
87.9602
87.9867
88.0122
88.0412
88.0706
88.0969
88.1248
88.153
88.1788
88.2029
88.2271
88.2525
88.2768
88.3059
88.332
88.358
88.3839
88.4084
88.4322
88.4573
88.4859
88.5104
88.5367
88.5629
88.5879
88.6141
88.6384
88.6685
88.6977
88.7224
88.7461
88.7707
88.7963
88.8215
88.8466
88.871
88.8961
88.9237
88.9499
88.9743
88.9989
89.024
89.052
89.078
89.1056
89.1328
89.1579
89.1857
89.2107
89.2348
89.2607
89.2842
89.3088
89.3324
89.361
89.3884
89.4151
89.438
89.4663
89.4918
89.5145
89.5389
89.5656
89.5907
89.6144
89.6409
89.6697
89.6941
89.7194
89.744
89.7688
89.7902
89.8136
89.8378
89.8624
89.8859
89.9135
89.9356
89.9591
89.9863
90.0124
90.0384
90.064
90.0849
90.1072
90.1318
90.1578
90.1837
90.2102
90.2329
90.2592
90.2831
90.307
90.3318
90.3584
90.3835
90.4079
90.4321
90.4543
90.4794
90.5036
90.5304
90.5559
90.5801
90.6047
90.6309
90.6524
90.6752
90.6998
90.7247
90.7485
90.7725
90.7974
90.8192
90.8438
90.8662
90.8889
90.9117
90.9365
90.9609
90.9836
91.0055
91.0268
91.0506
91.0738
91.0981
91.1229
91.1484
91.1722
91.1964
91.2228
91.2454
91.2686
91.2918
91.315
91.3381
91.361
91.3855
91.4089
91.4311
91.4549
91.4809
91.5032
91.524
91.5461
91.5702
91.5925
91.6147
91.6392
91.6607
91.6853
91.7085
91.7332
91.7587
91.7839
91.8055
91.8256
91.8476
91.8686
91.8897
91.9127
91.9344
91.9555
91.9783
92.0024
92.0237
92.0494
92.0723
92.0948
92.1174
92.1416
92.1658
92.1873
92.2098
92.2323
92.256
92.2813
92.3018
92.3259
92.3488
92.3735
92.3968
92.4188
92.4422
92.465
92.4896
92.5113
92.5327
92.5554
92.5776
92.5986
92.6179
92.6389
92.6629
92.6877
92.7105
92.7343
92.76
92.7807
92.8033
92.8234
92.8477
92.8688
92.8908
92.915
92.9392
92.9613
92.9827
93.0024
93.0261
93.0465
93.0669
93.0929
93.118
93.1388
93.1612
93.1825
93.2061
93.2283
93.2485
93.2697
93.2921
93.3141
93.3369
93.3601
93.3798
93.4026
93.4235
93.4414
93.4625
93.4852
93.5067
93.5272
93.5481
93.5697
93.5946
93.6173
93.6399
93.6617
93.6821
93.7033
93.7277
93.7507
93.7733
93.7961
93.8181
93.8398
93.8592
93.8801
93.9006
93.9224
93.9441
93.9655
93.9874
94.0122
94.0346
94.06
94.0818
94.1043
94.1267
94.1493
94.1716
94.1947
94.2172
94.2408
94.2631
94.2857
94.3097
94.3322
94.3517
94.3735
94.394
94.4143
94.4405
94.4627
94.485
94.5064
94.5277
94.5454
94.5676
94.5909
94.6119
94.6338
94.657
94.6782
94.6995
94.7202
94.7439
94.7649
94.7876
94.8085
94.8301
94.8526
94.8759
94.8972
94.9193
94.9396
94.9596
94.9793
95.0007
95.0216
95.043
95.0649
95.0873
95.1088
95.1302
95.1501
95.1705
95.1939
95.2146
95.2368
95.2578
95.2779
95.2992
95.3194
95.3416
95.3623
95.3842
95.4052
95.4267
95.4485
95.47
95.4903
95.509
95.5298
95.5499
95.5722
95.5941
95.6128
95.6327
95.6543
95.6763
95.6941
95.7142
95.7352
95.7566
95.7797
95.8005
95.8232
95.8444
95.8647
95.8855
95.9058
95.9277
95.9487
95.9711
95.9933
96.0127
96.033
96.052
96.0733
96.0951
96.1148
96.1361
96.1583
96.1805
96.1993
96.2184
96.2384
96.2583
96.2783
96.3012
96.32
96.3416
96.362
96.3817
96.4039
96.4246
96.4443
96.4674
96.4878
96.5092
96.53
96.5519
96.5727
96.5926
96.6148
96.6357
96.6546
96.6729
96.6947
96.7145
96.7345
96.7548
96.7761
96.7968
96.8175
96.8382
96.86
96.8804
96.9014
96.9229
96.9421
96.9615
96.9806
96.9987
97.0184
97.0395
97.0595
97.0791
97.1003
97.1205
97.1398
97.1602
97.1798
97.1993
97.2166
97.2372
97.2557
97.2754
97.2934
97.3152
97.3366
97.3574
97.3783
97.398
97.4158
97.4352
97.4576
97.4794
97.4997
97.5194
97.5393
97.5569
97.5751
97.596
97.6176
97.6377
97.6581
97.6799
97.6994
97.7194
97.7393
97.7602
97.782
97.8037
97.8221
97.8436
97.8626
97.8832
97.9031
97.9213
97.9395
97.9592
97.9791
97.9992
98.019
98.0395
98.0591
98.0793
98.0993
98.1197
98.1406
98.1645
98.1835
98.2043
98.2273
98.2455
98.2663
98.2873
98.3069
98.325
98.3436
98.3621
98.3825
98.4012
98.4204
98.4418
98.4623
98.4813
98.5008
98.5187
98.5369
98.5559
98.5748
98.5939
98.6126
98.6312
98.65
98.6674
98.6895
98.7097
98.7303
98.7506
98.7713
98.7912
98.8086
98.8285
98.8482
98.8695
98.8889
98.9072
98.9258
98.9465
98.9644
98.9849
99.0047
99.0219
99.0413
99.0609
99.0799
99.0991
99.1193
99.1413
99.1608
99.1795
99.1992
99.2173
99.2361
99.2529
99.2727
99.2912
99.3116
99.3299
99.3497
99.3662
99.3865
99.4064
99.4248
99.4456
99.4636
99.4826
99.5005
99.5212
99.5389
99.5562
99.5735
99.5932
99.6123
99.6334
99.6523
99.6706
99.6897
99.7101
99.7283
99.7482
99.7667
99.7868
99.8058
99.8245
99.8431
99.8595
99.88
99.8981
99.9144
99.9328
99.9512
99.9688
99.9878
100.008
100.026
100.044
100.061
100.078
100.097
100.118
100.136
100.153
100.173
100.191
100.21
100.229
100.248
100.265
100.284
100.303
100.32
100.338
100.357
100.374
100.392
100.413
100.43
100.449
100.467
100.485
100.502
100.52
100.537
100.556
100.577
100.594
100.614
100.632
100.651
100.669
100.688
100.705
100.722
100.74
100.759
100.777
100.795
100.813
100.833
100.853
100.872
100.891
100.91
100.929
100.947
100.966
100.982
100.999
101.018
101.038
101.058
101.075
101.093
101.113
101.132
101.148
101.169
101.188
101.207
101.226
101.243
101.261
101.279
101.297
101.313
101.332
101.349
101.367
101.386
101.406
101.426
101.442
101.459
101.477
101.494
101.511
101.528
101.547
101.566
101.584
101.602
101.621
101.639
101.656
101.672
101.691
101.708
101.727
101.746
101.764
101.782
101.801
101.819
101.834
101.853
101.869
101.886
101.905
101.923
101.939
101.957
101.976
101.995
102.013
102.03
102.047
102.066
102.083
102.102
102.12
102.138
102.156
102.172
102.189
102.206
102.223
102.242
102.259
102.278
102.297
102.314
102.332
102.352
102.37
102.388
102.404
102.422
102.441
102.459
102.475
102.491
102.509
102.526
102.545
102.565
102.58
102.599
102.618
102.636
102.654
102.672
102.691
102.707
102.726
102.744
102.763
102.779
102.798
102.815
102.833
102.85
102.868
102.886
102.902
102.92
102.938
102.956
102.973
102.99
103.008
103.026
103.044
103.06
103.078
103.097
103.115
103.132
103.149
103.167
103.184
103.202
103.219
103.236
103.254
103.273
103.289
103.308
103.327
103.345
103.365
103.382
103.399
103.417
103.435
103.453
103.471
103.488
103.508
103.525
103.544
103.56
103.581
103.599
103.616
103.634
103.651
103.67
103.688
103.706
103.723
103.742
103.759
103.777
103.796
103.814
103.832
103.849
103.866
103.883
103.901
103.92
103.938
103.957
103.975
103.993
104.011
104.027
104.045
104.065
104.084
104.101
104.118
104.135
104.151
104.167
104.183
104.203
104.218
104.236
104.253
104.271
104.289
104.306
104.324
104.341
104.359
104.378
104.395
104.414
104.432
104.448
104.467
104.486
104.506
104.524
104.542
104.559
104.578
104.595
104.614
104.631
104.648
104.666
104.682
104.699
104.715
104.731
104.749
104.767
104.785
104.803
104.823
104.843
104.861
104.877
104.895
104.913
104.931
104.95
104.968
104.986
105.006
105.026
105.045
105.063
105.08
105.097
105.116
105.135
105.154
105.172
105.188
105.206
105.223
105.24
105.257
105.275
105.292
105.309
105.327
105.347
105.366
105.386
105.404
105.422
105.441
105.458
105.477
105.496
105.514
105.533
105.55
105.568
105.584
105.601
105.618
105.637
105.657
105.676
105.694
105.713
105.732
105.75
105.769
105.787
105.805
105.825
105.845
105.861
105.878
105.896
105.913
105.93
105.952
105.971
105.99
106.011
106.03
106.047
106.066
106.085
106.103
106.12
106.14
106.157
106.175
106.194
106.214
106.234
106.253
106.271
106.289
106.307
106.324
106.345
106.364
106.382
106.402
106.421
106.441
106.46
106.479
106.497
106.515
106.533
106.55
106.568
106.587
106.607
106.625
106.645
106.663
106.684
106.702
106.724
106.742
106.762
106.781
106.799
106.819
106.838
106.858
106.874
106.893
106.912
106.932
106.951
106.97
106.989
107.009
107.027
107.047
107.067
107.086
107.105
107.124
107.145
107.165
107.185
107.204
107.223
107.244
107.264
107.282
107.3
107.318
107.339
107.361
107.379
107.397
107.415
107.433
107.453
107.472
107.491
107.511
107.531
107.55
107.569
107.59
107.611
107.629
107.649
107.667
107.686
107.705
107.724
107.744
107.764
107.782
107.802
107.822
107.842
107.862
107.882
107.902
107.921
107.94
107.962
107.981
108.002
108.023
108.04
108.06
108.08
108.101
108.12
108.142
108.159
108.181
108.202
108.223
108.244
108.264
108.284
108.304
108.323
108.343
108.361
108.383
108.404
108.422
108.443
108.462
108.483
108.504
108.524
108.545
108.565
108.587
108.608
108.627
108.646
108.667
108.687
108.707
108.727
108.748
108.768
108.788
108.808
108.828
108.85
108.873
108.895
108.915
108.936
108.956
108.979
108.999
109.019
109.037
109.057
109.077
109.098
109.12
109.14
109.16
109.183
109.203
109.224
109.245
109.266
109.286
109.307
109.332
109.352
109.375
109.395
109.414
109.436
109.457
109.477
109.496
109.519
109.538
109.56
109.582
109.604
109.624
109.645
109.665
109.684
109.705
109.727
109.749
109.771
109.792
109.814
109.835
109.857
109.876
109.896
109.918
109.939
109.958
109.98
110.002
110.022
110.043
110.063
110.086
110.105
110.125
110.144
110.164
110.183
110.204
110.226
110.248
110.273
110.296
110.318
110.338
110.36
110.381
110.398
110.418
110.438
110.458
110.479
110.501
110.525
110.548
110.571
110.592
110.615
110.634
110.655
110.676
110.7
110.723
110.744
110.766
110.787
110.811
110.832
110.853
110.874
110.895
110.914
110.933
110.952
110.976
110.995
111.014
111.039
111.06
111.08
111.101
111.124
111.144
111.167
111.188
111.21
111.23
111.251
111.271
111.291
111.312
111.333
111.354
111.377
111.399
111.423
111.446
111.467
111.491
111.516
111.536
111.558
111.578
111.597
111.62
111.643
111.664
111.689
111.709
111.731
111.753
111.775
111.798
111.817
111.838
111.859
111.883
111.906
111.929
111.951
111.973
111.996
112.017
112.039
112.062
112.082
112.105
112.127
112.149
112.172
112.195
112.217
112.239
112.261
112.282
112.307
112.33
112.352
112.375
112.398
112.418
112.442
112.465
112.485
112.506
112.53
112.552
112.574
112.596
112.616
112.638
112.663
112.684
112.708
112.728
112.749
112.773
112.795
112.817
112.839
112.86
112.883
112.906
112.929
112.951
112.971
112.993
113.017
113.043
113.065
113.087
113.108
113.13
113.153
113.176
113.196
113.22
113.243
113.264
113.285
113.306
113.326
113.347
113.368
113.39
113.413
113.436
113.458
113.479
113.499
113.52
113.542
113.564
113.588
113.611
113.635
113.654
113.677
113.699
113.721
113.741
113.76
113.784
113.804
113.825
113.849
113.872
113.895
113.919
113.941
113.965
113.985
114.007
114.028
114.049
114.07
114.091
114.113
114.133
114.156
114.176
114.199
114.221
114.243
114.263
114.284
114.306
114.328
114.348
114.371
114.393
114.414
114.436
114.459
114.478
114.502
114.523
114.545
114.566
114.588
114.61
114.633
114.655
114.677
114.698
114.721
114.742
114.761
114.784
114.805
114.827
114.847
114.868
114.886
114.908
114.928
114.95
114.97
114.991
115.012
115.033
115.054
115.076
115.096
115.119
115.141
115.162
115.182
115.202
115.222
115.243
115.265
115.289
115.308
115.329
115.352
115.372
115.393
115.414
115.437
115.458
115.476
115.498
115.519
115.539
115.56
115.579
115.6
115.62
115.641
115.658
115.679
115.702
115.725
115.745
115.766
115.788
115.808
115.826
115.844
115.865
115.885
115.905
115.925
115.945
115.968
115.988
116.009
116.03
116.051
116.071
116.089
116.109
116.129
116.149
116.167
116.187
116.206
116.225
116.243
116.265
116.286
116.304
116.324
116.342
116.361
116.383
116.404
116.425
116.446
116.466
116.485
116.505
116.524
116.543
116.565
116.584
116.603
116.622
116.642
116.66
116.679
116.697
116.718
116.74
116.759
116.778
116.8
116.818
116.839
116.859
116.879
116.9
116.92
116.94
116.958
116.977
116.996
117.017
117.037
117.057
117.077
117.095
117.115
117.134
117.154
117.174
117.193
117.211
117.23
117.25
117.27
117.29
117.311
117.33
117.35
117.369
117.39
117.41
117.428
117.447
117.464
117.484
117.504
117.524
117.542
117.562
117.58
117.6
117.621
117.64
117.658
117.678
117.695
117.715
117.733
117.751
117.771
117.79
117.809
117.827
117.847
117.865
117.884
117.902
117.924
117.943
117.963
117.984
118.001
118.021
118.042
118.061
118.081
118.1
118.118
118.138
118.156
118.174
118.192
118.211
118.228
118.247
118.266
118.286
118.306
118.324
118.344
118.364
118.383
118.401
118.421
118.439
118.458
118.474
118.496
118.514
118.534
118.553
118.571
118.589
118.609
118.629
118.646
118.665
118.684
118.704
118.723
118.742
118.761
118.779
118.796
118.814
118.832
118.848
118.867
118.885
118.902
118.921
118.939
118.956
118.973
118.992
119.013
119.03
119.049
119.067
119.085
119.105
119.123
119.142
119.161
119.181
119.198
119.216
119.235
119.254
119.272
119.29
119.309
119.329
119.35
119.368
119.389
119.406
119.427
119.445
119.466
119.485
119.502
119.52
119.539
119.559
119.578
119.596
119.613
119.631
119.65
119.668
119.688
119.708
119.727
119.746
119.763
119.782
119.799
119.817
119.837
119.858
119.876
119.892
119.909
119.927
119.946
119.965
119.983
120.001
120.018
120.036
120.055
120.072
120.094
120.111
120.127
120.144
120.162
120.179
120.198
120.216
120.234
120.253
120.269
120.287
120.304
120.321
120.339
120.358
120.376
120.394
120.411
120.429
120.447
120.464
120.482
120.5
120.518
120.537
120.555
120.574
120.59
120.61
120.628
120.647
120.667
120.685
120.703
120.722
120.738
120.757
120.773
120.792
120.81
120.827
120.845
120.863
120.882
120.899
120.918
120.935
120.955
120.973
120.992
121.011
121.028
121.046
121.062
121.083
121.1
121.118
121.136
121.153
121.17
121.187
121.205
121.222
121.241
121.26
121.275
121.293
121.313
121.332
121.35
121.367
121.385
121.401
121.421
121.437
121.454
121.472
121.49
121.507
121.524
121.541
121.559
121.576
121.594
121.611
121.63
121.646
121.664
121.68
121.696
121.714
121.734
121.75
121.769
121.789
121.807
121.827
121.846
121.864
121.884
121.902
121.921
121.939
121.959
121.976
121.997
122.014
122.032
122.05
122.07
122.085
122.105
122.126
122.143
122.162
122.179
122.198
122.217
122.234
122.251
122.27
122.289
122.306
122.326
122.345
122.365
122.382
122.4
122.419
122.438
122.458
122.477
122.495
122.512
122.531
122.552
122.57
122.588
122.606
122.625
122.641
122.659
122.678
122.696
122.713
122.732
122.751
122.77
122.788
122.806
122.825
122.844
122.862
122.88
122.899
122.918
122.938
122.958
122.977
122.995
123.014
123.031
123.05
123.069
123.085
123.103
123.122
123.14
123.158
123.177
123.196
123.214
123.231
123.251
123.271
123.291
123.31
123.329
123.349
123.368
123.388
123.408
123.426
123.444
123.464
123.484
123.503
123.52
123.539
123.558
123.577
123.598
123.616
123.634
123.652
123.671
123.689
123.708
123.728
123.747
123.767
123.788
123.807
123.826
123.845
123.864
123.885
123.904
123.923
123.942
123.962
123.98
124.001
124.017
124.036
124.055
124.075
124.094
124.111
124.13
124.15
124.17
124.19
124.21
124.228
124.247
124.265
124.286
124.307
124.327
124.344
124.361
124.379
124.398
124.417
124.438
124.456
124.478
124.496
124.517
124.536
124.555
124.576
124.594
124.613
124.635
124.654
124.671
124.692
124.71
124.729
124.749
124.769
124.789
124.808
124.826
124.845
124.866
124.885
124.905
124.926
124.945
124.966
124.986
125.005
125.026
125.045
125.067
125.085
125.107
125.131
125.149
125.169
125.189
125.207
125.227
125.248
125.268
125.289
125.307
125.327
125.346
125.368
125.387
125.407
125.428
125.45
125.472
125.491
125.511
125.535
125.555
125.576
125.597
125.617
125.638
125.66
125.679
125.7
125.721
125.741
125.76
125.782
125.801
125.82
125.842
125.864
125.885
125.906
125.926
125.946
125.967
125.987
126.009
126.028
126.052
126.072
126.092
126.115
126.133
126.155
126.174
126.195
126.217
126.239
126.26
126.28
126.304
126.326
126.346
126.367
126.39
126.413
126.434
126.454
126.476
126.497
126.517
126.54
126.561
126.582
126.603
126.625
126.647
126.668
126.689
126.712
126.733
126.753
126.774
126.796
126.818
126.84
126.861
126.882
126.907
126.93
126.95
126.972
126.993
127.017
127.038
127.06
127.081
127.104
127.126
127.149
127.173
127.195
127.216
127.236
127.258
127.279
127.299
127.32
127.341
127.363
127.385
127.407
127.43
127.452
127.472
127.494
127.515
127.536
127.558
127.58
127.603
127.623
127.647
127.669
127.692
127.712
127.738
127.761
127.783
127.805
127.828
127.855
127.877
127.903
127.925
127.946
127.969
127.993
128.016
128.038
128.061
128.081
128.104
128.126
128.151
128.174
128.197
128.22
128.243
128.266
128.292
128.316
128.336
128.359
128.381
128.405
128.428
128.451
128.476
128.501
128.525
128.545
128.57
128.594
128.619
128.643
128.67
128.693
128.718
128.739
128.762
128.785
128.807
128.831
128.856
128.876
128.899
128.923
128.948
128.971
128.995
129.016
129.039
129.062
129.086
129.111
129.135
129.157
129.183
129.205
129.229
129.254
129.276
129.299
129.324
129.348
129.369
129.393
129.42
129.443
129.464
129.487
129.509
129.534
129.557
129.579
129.603
129.626
129.649
129.671
129.697
129.719
129.745
129.771
129.792
129.815
129.841
129.867
129.89
129.912
129.934
129.956
129.981
130.006
130.03
130.055
130.079
130.102
130.125
130.147
130.172
130.194
130.219
130.242
130.264
130.287
130.311
130.337
130.358
130.381
130.402
130.423
130.446
130.47
130.495
130.515
130.538
130.566
130.59
130.613
130.635
130.66
130.683
130.707
130.729
130.75
130.772
130.794
130.819
130.842
130.865
130.889
130.912
130.934
130.958
130.982
131.005
131.028
131.05
131.071
131.095
131.12
131.141
131.164
131.185
131.208
131.229
131.254
131.277
131.301
131.324
131.346
131.37
131.395
131.417
131.44
131.463
131.486
131.51
131.532
131.557
131.579
131.602
131.623
131.647
131.669
131.692
131.715
131.738
131.764
131.786
131.806
131.826
131.85
131.872
131.894
131.916
131.937
131.96
131.983
132.006
132.028
132.051
132.075
132.099
132.123
132.145
132.168
132.191
132.217
132.239
132.262
132.284
132.308
132.33
132.354
132.377
132.401
132.425
132.448
132.471
132.493
132.516
132.537
132.559
132.582
132.604
132.627
132.65
132.674
132.695
132.716
132.737
132.76
132.783
132.804
132.825
132.847
132.868
132.89
132.914
132.938
132.959
132.981
133.003
133.025
133.05
133.073
133.097
133.12
133.143
133.165
133.188
133.209
133.233
133.254
133.276
133.297
133.321
133.341
133.364
133.389
133.412
133.433
133.456
133.478
133.499
133.521
133.544
133.569
133.587
133.609
133.632
133.652
133.675
133.696
133.717
133.74
133.762
133.784
133.806
133.828
133.848
133.872
133.895
133.916
133.937
133.959
133.981
134.002
134.021
134.042
134.064
134.087
134.107
134.131
134.153
134.175
134.196
134.217
134.237
134.258
134.281
134.303
134.323
134.344
134.367
134.391
134.412
134.435
134.458
134.48
134.5
134.52
134.54
134.561
134.581
134.602
134.623
134.643
134.663
134.686
134.707
134.728
134.75
134.77
134.791
134.814
134.836
134.858
134.878
134.9
134.921
134.943
134.962
134.984
135.007
135.028
135.05
135.071
135.093
135.114
135.136
135.159
135.182
135.202
135.222
135.243
135.267
135.285
135.306
135.327
135.35
135.372
135.394
135.416
135.435
135.455
135.478
135.499
135.521
135.544
135.566
135.585
135.605
135.625
135.645
135.667
135.686
135.707
135.727
135.745
135.768
135.788
135.81
135.831
135.853
135.876
135.896
135.916
135.94
135.96
135.985
136.006
136.028
136.05
136.071
136.094
136.113
136.134
136.153
136.173
136.192
136.212
136.234
136.253
136.275
136.296
136.317
136.336
136.356
136.376
136.397
136.418
136.441
136.463
136.484
136.504
136.523
136.545
136.567
136.588
136.609
136.63
136.652
136.672
136.693
136.713
136.733
136.753
136.773
136.793
136.814
136.833
136.854
136.873
136.892
136.914
136.934
136.95
136.97
136.99
137.009
137.028
137.048
137.07
137.088
137.112
137.132
137.153
137.171
137.193
137.211
137.23
137.251
137.27
137.291
137.311
137.33
137.349
137.369
137.389
137.41
137.43
137.451
137.471
137.489
137.51
137.532
137.553
137.572
137.593
137.613
137.633
137.652
137.674
137.695
137.713
137.732
137.755
137.774
137.793
137.814
137.831
137.851
137.871
137.89
137.908
137.928
137.949
137.969
137.989
138.009
138.03
138.049
138.069
138.089
138.108
138.127
138.147
138.166
138.187
138.207
138.226
138.247
138.267
138.288
138.308
138.328
138.35
138.369
138.388
138.408
138.428
138.446
138.463
138.484
138.501
138.518
138.538
138.558
138.577
138.595
138.614
138.633
138.652
138.671
138.689
138.71
138.728
138.747
138.765
138.784
138.804
138.821
138.84
138.859
138.879
138.899
138.918
138.935
138.954
138.973
138.993
139.01
139.028
139.046
139.064
139.081
139.1
139.118
139.135
139.155
139.176
139.194
139.214
139.233
139.252
139.271
139.29
139.306
139.325
139.343
139.362
139.382
139.402
139.421
139.441
139.461
139.481
139.5
139.518
139.539
139.558
139.574
139.592
139.61
139.628
139.645
139.662
139.68
139.698
139.718
139.737
139.756
139.772
139.792
139.812
139.828
139.847
139.865
139.884
139.9
139.919
139.936
139.955
139.973
139.992
140.011
140.028
140.047
140.067
140.088
140.105
140.124
140.141
140.161
140.178
140.198
140.216
140.234
140.251
140.27
140.288
140.307
140.325
140.341
140.361
140.379
140.397
140.414
140.434
140.452
140.469
140.488
140.506
140.523
140.54
140.557
140.574
140.591
140.61
140.627
140.645
140.663
140.679
140.697
140.717
140.735
140.754
140.771
140.788
140.805
140.822
140.842
140.86
140.877
140.895
140.912
140.928
140.945
140.961
140.979
140.997
141.016
141.036
141.052
141.07
141.087
141.107
141.125
141.142
141.159
141.177
141.195
141.214
141.23
141.249
141.267
141.285
141.302
141.318
141.336
141.353
141.371
141.388
141.405
141.422
141.44
141.456
141.475
141.492
141.508
141.526
141.544
141.563
141.579
141.597
141.615
141.633
141.649
141.666
141.683
141.701
141.716
141.733
141.751
141.765
141.781
141.799
141.817
141.833
141.849
141.866
141.882
141.901
141.919
141.937
141.953
141.97
141.988
142.006
142.023
142.041
142.058
142.074
142.091
142.107
142.125
142.142
142.159
142.175
142.192
142.208
142.225
142.241
142.258
142.275
142.29
142.308
142.324
142.34
142.36
142.377
142.392
142.409
142.427
142.444
142.46
142.478
142.495
142.511
142.527
142.543
142.562
142.579
142.597
142.612
142.631
142.647
142.663
142.679
142.696
142.713
142.729
142.745
142.761
142.777
142.793
142.81
142.827
142.842
142.859
142.874
142.89
142.906
142.923
142.94
142.958
142.972
142.989
143.007
143.023
143.041
143.057
143.074
143.09
143.106
143.122
143.138
143.153
143.169
143.186
143.2
143.216
143.235
143.251
143.267
143.285
143.303
143.318
143.334
143.349
143.365
143.381
143.397
143.412
143.43
143.447
143.463
143.479
143.497
143.511
143.526
143.541
143.558
143.574
143.589
143.604
143.618
143.635
143.651
143.667
143.683
143.697
143.712
143.729
143.745
143.76
143.774
143.789
143.806
143.82
143.836
143.851
143.866
143.881
143.897
143.913
143.928
143.944
143.96
143.974
143.99
144.005
144.02
144.035
144.05
144.065
144.082
144.095
144.111
144.125
144.14
144.155
144.17
144.185
144.202
144.219
144.235
144.25
144.265
144.281
144.297
144.313
144.327
144.342
144.358
144.374
144.389
144.405
144.421
144.436
144.452
144.467
144.482
144.498
144.515
144.53
144.545
144.561
144.574
144.588
144.603
144.619
144.634
144.648
144.662
144.678
144.693
144.706
144.721
144.738
144.752
144.767
144.782
144.798
144.811
144.827
144.843
144.859
144.874
144.889
144.902
144.917
144.932
144.948
144.964
144.979
144.992
145.008
145.023
145.039
145.054
145.067
145.083
145.099
145.114
145.128
145.145
145.161
145.175
145.188
145.203
145.22
145.235
145.249
145.265
145.28
145.294
145.308
145.324
145.339
145.354
145.369
145.385
145.398
145.412
145.424
145.439
145.451
145.466
145.478
145.492
145.507
145.522
145.535
145.55
145.564
145.578
145.594
145.608
145.625
145.639
145.653
145.667
145.683
145.696
145.711
145.725
145.739
145.754
145.769
145.782
145.796
145.811
145.824
145.84
145.855
145.869
145.884
145.9
145.915
145.93
145.946
145.959
145.972
145.986
146.001
146.017
146.03
146.045
146.058
146.071
146.086
146.101
146.115
146.129
146.142
146.155
146.17
146.184
146.199
146.213
146.229
146.243
146.257
146.27
146.285
146.3
146.313
146.328
146.343
146.359
146.374
146.388
146.402
146.416
146.43
146.444
146.46
146.474
146.488
146.501
146.515
146.53
146.544
146.557
146.57
146.584
146.599
146.613
146.628
146.641
146.654
146.67
146.684
146.7
146.713
146.727
146.74
146.754
146.767
146.782
146.797
146.811
146.826
146.84
146.853
146.868
146.882
146.896
146.911
146.925
146.938
146.952
146.965
146.981
146.995
147.009
147.024
147.038
147.052
147.067
147.079
147.092
147.107
147.12
147.132
147.147
147.16
147.176
147.19
147.205
147.22
147.234
147.246
147.26
147.274
147.287
147.301
147.313
147.328
147.341
147.356
147.368
147.381
147.396
147.41
147.423
147.437
147.451
147.465
147.479
147.493
147.506
147.521
147.536
147.55
147.565
147.579
147.593
147.606
147.619
147.634
147.648
147.661
147.675
147.689
147.702
147.716
147.73
147.744
147.756
147.768
147.781
147.794
147.807
147.821
147.835
147.85
147.865
147.879
147.893
147.906
147.919
147.933
147.947
147.962
147.975
147.99
148.003
148.016
148.03
148.045
148.058
148.073
148.086
148.1
148.113
148.126
148.14
148.155
148.169
148.185
148.198
148.213
148.226
148.239
148.252
148.266
148.278
148.291
148.304
148.317
148.331
148.344
148.359
148.375
148.387
148.4
148.414
148.428
148.442
148.456
148.469
148.483
148.498
148.511
148.525
148.538
148.553
148.568
148.581
148.593
148.606
148.619
148.632
148.645
148.658
148.671
148.684
148.698
148.711
148.724
148.74
148.752
148.765
148.78
148.792
148.807
148.821
148.834
148.847
148.86
148.874
148.888
148.903
148.916
148.929
148.942
148.956
148.969
148.982
148.995
149.009
149.023
149.037
149.049
149.064
149.077
149.089
149.104
149.118
149.132
149.145
149.16
149.173
149.186
149.2
149.212
149.226
149.242
149.254
149.267
149.28
149.294
149.307
149.32
149.335
149.35
149.362
149.376
149.389
149.402
149.417
149.431
149.445
149.457
149.47
149.483
149.497
149.512
149.524
149.538
149.553
149.567
149.58
149.594
149.607
149.621
149.634
149.648
149.66
149.674
149.687
149.702
149.714
149.727
149.741
149.754
149.767
149.78
149.792
149.804
149.819
149.833
149.846
149.86
149.872
149.886
149.898
149.911
149.925
149.939
149.951
149.965
149.978
149.992
