1
2
2.5
2.83333
3.08333
3.28333
3.78333
3.92619
4.05119
4.38452
5.99926
8.2677
10.2449
13.8465
16.6342
18.2923
19.6026
20.6903
21.5615
22.2348
22.9278
23.6153
24.2038
24.7741
25.349
25.91
26.4496
26.9662
27.4268
27.9179
28.3701
28.7994
29.2715
29.6773
30.1088
30.5117
30.9356
31.3455
31.7181
32.1252
32.5197
32.8851
33.244
33.5913
33.939
34.2616
34.5987
34.9306
35.2101
35.4636
35.7585
36.0194
36.3048
36.5531
36.8626
37.1723
37.4437
37.7167
37.9913
38.2993
38.5773
38.8526
39.1093
39.3911
39.6285
39.9178
40.1704
40.3848
40.6332
40.8708
41.1128
41.3152
41.5212
41.7369
41.9478
42.1485
42.3402
42.5275
42.7447
42.9497
43.146
43.3434
43.5233
43.7166
43.9123
44.0991
44.2874
44.4723
44.6193
44.7917
44.9649
45.1247
45.2898
45.4625
45.6204
45.7699
45.9257
46.0903
46.2448
46.4041
46.5492
46.7157
46.8777
47.0147
47.1723
47.3064
47.4436
47.5983
47.7525
47.8954
48.0356
48.1783
48.3192
48.472
48.6157
48.7544
48.8853
49.0216
49.1471
49.2731
49.403
49.5325
49.6599
49.7887
49.9205
50.0515
50.1699
50.309
50.4318
50.5506
50.6418
50.76
50.8687
50.9875
51.0803
51.1967
51.3015
51.4058
51.5115
51.6233
51.7272
51.825
51.9215
52.0151
52.1159
52.2148
52.3142
52.4094
52.4977
52.5932
52.6866
52.7784
52.8662
52.9528
53.0413
53.1299
53.2152
53.3135
53.4012
53.4885
53.5685
53.6548
53.7394
53.8279
53.9105
53.9897
54.0709
54.1539
54.2374
54.3195
54.4056
54.4853
54.5589
54.6377
54.7165
54.8001
54.8793
54.9598
55.0358
55.113
55.1952
55.267
55.3361
55.4161
55.4889
55.5659
55.644
55.7228
55.7967
55.8684
55.9434
56.0275
56.1074
56.1832
56.2614
56.3371
56.4158
56.4845
56.5553
56.6298
56.6922
56.7731
56.844
56.9228
56.9936
57.0648
57.1352
57.2076
57.2852
57.357
57.4201
57.4969
57.5696
57.6405
57.7182
57.7916
57.8677
57.9328
58.0015
58.0785
58.1547
58.2276
58.2939
58.3668
58.4405
58.5141
58.5818
58.6519
58.7254
58.7918
58.863
58.9338
59.0091
59.0813
59.1517
59.2247
59.2987
59.3759
59.4489
59.5229
59.5911
59.6544
59.7291
59.7972
59.8764
59.9408
60.0113
60.0862
60.1543
60.2237
60.2988
60.3654
60.4339
60.4987
60.5717
60.6429
60.7114
60.7825
60.8569
60.9334
61.0025
61.0801
61.1519
61.2265
61.2982
61.3678
61.4497
61.5262
61.6023
61.6724
61.7427
61.8152
61.893
61.9757
62.0573
62.1303
62.2043
62.2797
62.3546
62.4195
62.4901
62.5591
62.6308
62.6958
62.7712
62.8455
62.9254
62.9945
63.0659
63.1408
63.2093
63.2804
63.3529
63.4191
63.4871
63.5558
63.6258
63.7046
63.7679
63.8468
63.9178
63.9932
64.0655
64.1371
64.2041
64.2794
64.347
64.4201
64.4897
64.5643
64.6298
64.7021
64.7749
64.8407
64.9053
64.9835
65.044
65.1102
65.1858
65.2607
65.3215
65.3914
65.4574
65.542
65.6093
65.6845
65.7485
65.8158
65.8927
65.9625
66.0332
66.1077
66.1745
66.2372
66.3009
66.3824
66.4516
66.5227
66.5923
66.6623
66.7375
66.8084
66.8753
66.9395
67.0114
67.0832
67.1634
67.2355
67.3128
67.3804
67.4544
67.5204
67.5912
67.6576
67.7334
67.8074
67.8793
67.954
68.0196
68.0843
68.1627
68.2307
68.2988
68.366
68.4409
68.5113
68.5798
68.6416
68.7063
68.7726
68.8324
68.8961
68.9675
69.0333
69.1054
69.1743
69.2416
69.3102
69.3741
69.4365
69.5012
69.567
69.6397
69.7045
69.764
69.8243
69.8928
69.9649
70.0354
70.1017
70.1677
70.2337
70.3053
70.3689
70.4331
70.4955
70.5624
70.6302
70.7039
70.7583
70.8229
70.8861
70.9446
71.007
71.0651
71.1272
71.1884
71.2526
71.3128
71.369
71.4261
71.4848
71.548
71.6102
71.6732
71.7341
71.799
71.8604
71.9197
71.9828
72.0405
72.0952
72.1549
72.2091
72.2702
72.3293
72.3916
72.4504
72.5034
72.5658
72.6286
72.6869
72.7488
72.8085
72.8658
72.9201
72.9827
73.0367
73.0906
73.1437
73.1986
73.2536
73.3088
73.3712
73.4253
73.491
73.5494
73.6011
73.6582
73.7117
73.7745
73.8301
73.8789
73.9299
73.9812
74.038
74.0924
74.1509
74.2089
74.2658
74.3196
74.3733
74.4289
74.4919
74.5415
74.6003
74.6512
74.7097
74.7674
74.8209
74.8739
74.9255
74.9774
75.0244
75.0771
75.1248
75.1741
75.2279
75.2832
75.3362
75.3899
75.4396
75.4926
75.5446
75.5939
75.6429
75.6904
75.7377
75.7879
75.8381
75.8933
75.9423
76.0012
76.0522
76.1014
76.1513
76.2038
76.255
76.3057
76.3526
76.4023
76.4521
76.5003
76.5543
76.6003
76.6464
76.7018
76.7499
76.8025
76.8498
76.8996
76.9437
76.9976
77.0481
77.0983
77.1502
77.1989
77.2509
77.2904
77.3375
77.3871
77.4355
77.4832
77.5341
77.5815
77.6261
77.6704
77.7185
77.7683
77.8152
77.8628
77.9086
77.9577
78.004
78.0496
78.0953
78.141
78.1892
78.2382
78.2929
78.339
78.3823
78.435
78.4799
78.5234
78.5714
78.6157
78.6646
78.7088
78.7551
78.8029
78.8467
78.8868
78.9315
78.9745
79.0182
79.0609
79.1023
79.1416
79.1825
79.2244
79.2648
79.3079
79.3493
79.3929
79.4361
79.4796
79.5237
79.5609
79.6035
79.6485
79.6949
79.7402
79.7821
79.8263
79.872
79.9189
79.9605
80.0098
80.0486
80.0882
80.1338
80.1728
80.2174
80.2586
80.3075
80.3529
80.3936
80.4342
80.4747
80.5179
80.5625
80.6054
80.6471
80.6858
80.7293
80.7679
80.8096
80.8504
80.8897
80.9298
80.9666
81.0047
81.0442
81.0903
81.1344
81.1779
81.2191
81.2582
81.3011
81.3346
81.3704
81.4114
81.4537
81.4958
81.5362
81.5744
81.612
81.6533
81.6969
81.7356
81.7788
81.8146
81.8571
81.8916
81.9287
81.9726
82.013
82.0509
82.0948
82.131
82.1735
82.2102
82.2512
82.2915
82.3295
82.3673
82.4022
82.4401
82.4817
82.5221
82.5625
82.6012
82.6428
82.6831
82.721
82.7594
82.7995
82.8352
82.8733
82.9109
82.9491
82.9889
83.0324
83.0703
83.1068
83.1409
83.182
83.2211
83.2556
83.2905
83.327
83.3643
83.4049
83.44
83.477
83.5141
83.5503
83.589
83.6289
83.6634
83.7018
83.7399
83.7793
83.8166
83.848
83.8852
83.9214
83.9587
83.9975
84.0343
84.0704
84.1059
84.1437
84.1812
84.2195
84.2539
84.2921
84.3307
84.3645
84.4027
84.4415
84.477
84.511
84.549
84.5883
84.6247
84.6642
84.6974
84.7364
84.7749
84.8118
84.8476
84.8826
84.9186
84.9562
84.9921
85.0268
85.065
85.0988
85.1354
85.1732
85.2101
85.2425
85.2767
85.3125
85.3494
85.3837
85.4174
85.4518
85.4884
85.5246
85.5559
85.5947
85.6309
85.6672
85.7023
85.7359
85.7714
85.8059
85.8367
85.8708
85.9061
85.9417
85.9758
86.0114
86.047
86.0866
86.1216
86.1574
86.1894
86.221
86.2591
86.2933
86.3283
86.3651
86.3969
86.433
86.468
86.5033
86.5344
86.5702
86.6077
86.6403
86.6742
86.71
86.7443
86.7801
86.8177
86.8512
86.8851
86.9152
86.9514
86.9847
87.019
87.0519
87.0834
87.1157
87.151
87.1859
87.2227
87.2565
87.2893
87.327
87.3613
87.3943
87.4297
87.4616
87.4929
87.5251
87.5579
87.5924
87.6231
87.659
87.6935
87.7278
87.7615
87.7932
87.8284
87.8607
87.8923
87.9337
87.9698
88.0043
88.0374
88.0725
88.1054
88.1392
88.1719
88.2035
88.2412
88.2712
88.3024
88.3354
88.3705
88.4036
88.4353
88.4709
88.503
88.533
88.5676
88.5989
88.6304
88.665
88.6976
88.7325
88.7669
88.7984
88.8327
88.867
88.9016
88.9361
88.9694
89.0041
89.0364
89.0673
89.1025
89.1334
89.1676
89.2026
89.2294
89.2655
89.2984
89.3287
89.3636
89.3961
89.4311
89.4595
89.4885
89.5217
89.5538
89.5904
89.6274
89.6594
89.6901
89.7217
89.7525
89.7833
89.8121
89.8447
89.8783
89.9139
89.9441
89.9753
90.0109
90.0451
90.0783
90.1118
90.1448
90.1727
90.2067
90.2404
90.2719
90.3066
90.3382
90.372
90.404
90.4362
90.4713
90.5051
90.5388
90.5707
90.6026
90.6305
90.6663
90.6955
90.7245
90.7545
90.7836
90.8202
90.8519
90.8837
90.9141
90.9463
90.9741
91.0083
91.0391
91.0718
91.1016
91.1303
91.1625
91.1931
91.2282
91.2576
91.2905
91.327
91.3552
91.386
91.4202
91.4535
91.4855
91.5168
91.5508
91.5798
91.6121
91.6492
91.683
91.7138
91.7475
91.7807
91.8106
91.8423
91.8764
91.9095
91.9441
91.9775
92.0129
92.0508
92.0814
92.1148
92.1442
92.1728
92.2063
92.2401
92.2736
92.3058
92.3381
92.3703
92.4029
92.4341
92.469
92.5022
92.5336
92.5668
92.5967
92.6283
92.6616
92.6922
92.7239
92.7552
92.788
92.8175
92.8502
92.8823
92.9158
92.9475
92.9825
93.0129
93.0429
93.0737
93.1058
93.1366
93.1696
93.2056
93.2388
93.2688
93.3016
93.33
93.3616
93.39
93.4258
93.4576
93.4838
93.5148
93.5443
93.575
93.6064
93.641
93.6755
93.7067
93.7403
93.7714
93.8028
93.8315
93.8615
93.8916
93.921
93.9533
93.9883
94.018
94.0466
94.0793
94.1107
94.1454
94.1806
94.2131
94.2485
94.2752
94.3086
94.3397
94.3727
94.4009
94.4276
94.4572
94.4853
94.5181
94.5515
94.5806
94.6128
94.6441
94.6731
94.7027
94.7297
94.7582
94.7898
94.8222
94.8519
94.882
94.9101
94.9393
94.9719
95.0037
95.0343
95.066
95.0979
95.1257
95.1585
95.1881
95.2169
95.25
95.2814
95.3066
95.3377
95.3677
95.395
95.4232
95.4522
95.4842
95.5153
95.545
95.5743
95.6054
95.6355
95.6656
95.6958
95.7254
95.7536
95.7855
95.815
95.846
95.8773
95.9092
95.9373
95.9701
95.9959
96.0261
96.0555
96.087
96.1173
96.1517
96.1806
96.2077
96.2389
96.269
96.3025
96.333
96.3641
96.3921
96.4203
96.4497
96.4787
96.511
96.5396
96.5684
96.5964
96.6287
96.6576
96.6908
96.7204
96.7513
96.7798
96.8084
96.836
96.8652
96.8945
96.9233
96.9495
96.9791
97.0064
97.0354
97.0631
97.0914
97.1248
97.1547
97.1828
97.2098
97.2373
97.2662
97.2954
97.3238
97.3532
97.3815
97.41
97.4371
97.4662
97.4963
97.5253
97.5531
97.5819
97.6106
97.6378
97.6684
97.696
97.7237
97.7533
97.7833
97.8109
97.8414
97.8686
97.8931
97.9224
97.949
97.9752
98.0033
98.0318
98.0616
98.0937
98.12
98.145
98.1728
98.2
98.2298
98.2557
98.2822
98.3126
98.3413
98.3691
98.393
98.421
98.4501
98.4812
98.5089
98.5339
98.5636
98.5902
98.6179
98.6431
98.6697
98.6979
98.7253
98.7518
98.7792
98.8068
98.8353
98.8631
98.8901
98.9183
98.9439
98.9705
99.0004
99.0285
99.059
99.0852
99.1128
99.14
99.17
99.1948
99.221
99.2484
99.2745
99.2992
99.3257
99.3549
99.379
99.4058
99.4301
99.4561
99.4826
99.5122
99.5384
99.5654
99.5909
99.6191
99.6471
99.6758
99.6997
99.7253
99.7524
99.7777
99.8054
99.8319
99.8564
99.8841
99.908
99.9337
99.9608
99.9886
100.016
100.04
100.063
100.089
100.113
100.14
100.164
100.19
100.216
100.24
100.265
100.289
100.315
100.343
100.367
100.39
100.416
100.444
100.469
100.496
100.521
100.545
100.573
100.597
100.622
100.648
100.674
100.696
100.72
100.745
100.772
100.796
100.822
100.845
100.868
100.892
100.916
100.94
100.965
100.99
101.014
101.04
101.066
101.09
101.116
101.138
101.161
101.185
101.208
101.233
101.259
101.284
101.309
101.331
101.354
101.379
101.403
101.427
101.453
101.478
101.503
101.525
101.548
101.572
101.595
101.619
101.642
101.666
101.692
101.716
101.74
101.762
101.784
101.806
101.828
101.851
101.873
101.897
101.919
101.943
101.969
101.99
102.013
102.035
102.057
102.081
102.104
102.125
102.151
102.172
102.195
102.215
102.238
102.26
102.284
102.306
102.33
102.355
102.378
102.402
102.426
102.449
102.471
102.493
102.516
102.538
102.559
102.581
102.599
102.623
102.644
102.668
102.689
102.711
102.733
102.755
102.78
102.803
102.823
102.849
102.871
102.893
102.914
102.933
102.956
102.979
103.001
103.023
103.045
103.065
103.088
103.11
103.131
103.154
103.175
103.198
103.219
103.24
103.258
103.28
103.302
103.326
103.346
103.368
103.39
103.41
103.431
103.453
103.473
103.496
103.517
103.535
103.556
103.575
103.595
103.615
103.637
103.657
103.68
103.701
103.723
103.744
103.766
103.786
103.806
103.827
103.847
103.868
103.89
103.91
103.932
103.951
103.972
103.993
104.014
104.033
104.054
104.075
104.097
104.12
104.14
104.161
104.183
104.205
104.226
104.247
104.268
104.287
104.306
104.328
104.346
104.365
104.386
104.407
104.429
104.449
104.468
104.489
104.511
104.533
104.553
104.574
104.594
104.613
104.632
104.652
104.671
104.69
104.711
104.73
104.75
104.769
104.79
104.81
104.829
104.851
104.871
104.89
104.91
104.93
104.952
104.971
104.992
105.014
105.033
105.052
105.073
105.09
105.109
105.126
105.145
105.165
105.184
105.204
105.224
105.243
105.262
105.281
105.299
105.317
105.337
105.358
105.375
105.395
105.416
105.434
105.453
105.475
105.492
105.51
105.528
105.547
105.566
105.585
105.604
105.622
105.641
105.662
105.684
105.703
105.723
105.741
105.761
105.781
105.799
105.818
105.838
105.858
105.876
105.897
105.915
105.938
105.957
105.976
105.995
106.015
106.035
106.054
106.073
106.092
106.109
106.128
106.148
106.167
106.184
106.203
106.222
106.241
106.259
106.277
106.295
106.315
106.334
106.352
106.37
106.391
106.411
106.43
106.45
106.471
106.489
106.508
106.525
106.543
106.562
106.583
106.604
106.623
106.642
106.663
106.684
106.703
106.723
106.742
106.761
106.782
106.8
106.822
106.841
106.86
106.878
106.898
106.918
106.936
106.957
106.976
106.995
107.01
107.028
107.047
107.066
107.085
107.102
107.122
107.141
107.16
107.179
107.198
107.217
107.235
107.254
107.272
107.291
107.309
107.327
107.346
107.365
107.385
107.406
107.426
107.445
107.464
107.483
107.504
107.523
107.542
107.56
107.579
107.601
107.619
107.638
107.659
107.678
107.699
107.717
107.735
107.752
107.772
107.792
107.811
107.828
107.846
107.865
107.886
107.904
107.923
107.942
107.96
107.982
108.001
108.019
108.037
108.056
108.074
108.094
108.111
108.131
108.148
108.167
108.186
108.205
108.224
108.242
108.261
108.281
108.3
108.32
108.339
108.357
108.375
108.394
108.412
108.43
108.448
108.467
108.485
108.504
108.524
108.543
108.562
108.582
108.601
108.62
108.64
108.658
108.676
108.696
108.715
108.732
108.751
108.771
108.789
108.81
108.83
108.849
108.867
108.886
108.904
108.923
108.942
108.961
108.98
109
109.018
109.036
109.055
109.072
109.091
109.111
109.129
109.146
109.165
109.183
109.204
109.223
109.24
109.259
109.279
109.297
109.314
109.332
109.349
109.372
109.39
109.408
109.426
109.446
109.465
109.482
109.5
109.52
109.539
109.558
109.579
109.601
109.62
109.639
109.656
109.675
109.694
109.714
109.735
109.754
109.773
109.792
109.812
109.832
109.852
109.872
109.892
109.912
109.93
109.948
109.966
109.986
110.002
110.019
110.041
110.059
110.078
110.097
110.118
110.139
110.159
110.178
110.197
110.215
110.233
110.252
110.273
110.29
110.309
110.329
110.35
110.369
110.389
110.409
110.429
110.448
110.468
110.487
110.507
110.525
110.543
110.564
110.583
110.603
110.623
110.642
110.662
110.681
110.702
110.719
110.739
110.757
110.777
110.796
110.815
110.832
110.85
110.869
110.89
110.91
110.929
110.947
110.967
110.988
111.011
111.029
111.048
111.068
111.088
111.106
111.126
111.146
111.164
111.183
111.202
111.221
111.24
111.261
111.283
111.302
111.32
111.341
111.362
111.381
111.402
111.422
111.441
111.459
111.479
111.499
111.517
111.537
111.558
111.579
111.601
111.621
111.64
111.66
111.681
111.698
111.716
111.737
111.756
111.775
111.794
111.814
111.834
111.856
111.877
111.895
111.915
111.934
111.954
111.974
111.995
112.015
112.032
112.054
112.076
112.098
112.119
112.139
112.161
112.181
112.2
112.222
112.24
112.259
112.278
112.3
112.321
112.34
112.359
112.376
112.395
112.414
112.434
112.456
112.476
112.498
112.519
112.538
112.56
112.58
112.6
112.621
112.642
112.662
112.683
112.702
112.722
112.742
112.762
112.784
112.805
112.824
112.843
112.865
112.886
112.909
112.931
112.953
112.975
112.997
113.015
113.036
113.057
113.078
113.098
113.12
113.14
113.162
113.183
113.204
113.225
113.247
113.267
113.289
113.311
113.334
113.355
113.376
113.398
113.419
113.442
113.465
113.49
113.512
113.533
113.554
113.574
113.599
113.617
113.64
113.659
113.678
113.697
113.722
113.744
113.767
113.788
113.807
113.828
113.851
113.872
113.891
113.913
113.933
113.956
113.976
113.997
114.017
114.037
114.06
114.08
114.1
114.118
114.141
114.164
114.188
114.211
114.236
114.259
114.279
114.299
114.323
114.347
114.368
114.39
114.414
114.438
114.458
114.48
114.503
114.526
114.548
114.571
114.595
114.617
114.638
114.66
114.682
114.704
114.724
114.744
114.767
114.788
114.81
114.831
114.852
114.873
114.895
114.916
114.939
114.962
114.985
115.006
115.029
115.051
115.074
115.094
115.117
115.139
115.161
115.185
115.207
115.229
115.25
115.272
115.296
115.319
115.344
115.364
115.385
115.407
115.426
115.449
115.471
115.495
115.519
115.541
115.561
115.585
115.604
115.628
115.651
115.673
115.694
115.714
115.735
115.758
115.778
115.799
115.822
115.845
115.868
115.891
115.915
115.937
115.959
115.981
116.003
116.023
116.046
116.067
116.089
116.111
116.13
116.153
116.176
116.197
116.219
116.24
116.26
116.281
116.301
116.321
116.345
116.365
116.385
116.407
116.428
116.45
116.47
116.494
116.517
116.539
116.56
116.582
116.603
116.626
116.649
116.672
116.693
116.713
116.736
116.755
116.777
116.798
116.82
116.841
116.86
116.882
116.904
116.924
116.943
116.967
116.988
117.007
117.03
117.051
117.072
117.093
117.112
117.133
117.154
117.175
117.195
117.215
117.235
117.258
117.278
117.298
117.32
117.343
117.367
117.386
117.407
117.432
117.453
117.476
117.496
117.516
117.534
117.558
117.579
117.604
117.624
117.646
117.669
117.69
117.709
117.73
117.753
117.777
117.8
117.821
117.842
117.863
117.885
117.905
117.925
117.947
117.967
117.985
118.005
118.027
118.049
118.068
118.088
118.106
118.129
118.149
118.171
118.195
118.217
118.238
118.26
118.28
118.302
118.321
118.343
118.363
118.384
118.405
118.426
118.448
118.467
118.488
118.507
118.527
118.547
118.568
118.588
118.608
118.629
118.65
118.673
118.691
118.71
118.73
118.749
118.768
118.789
118.809
118.827
118.847
118.867
118.89
118.912
118.931
118.951
118.971
118.989
119.011
119.03
119.051
119.068
119.089
119.109
119.13
119.149
119.168
119.19
119.208
119.228
119.247
119.269
119.29
119.309
119.328
119.346
119.366
119.386
119.407
119.424
119.444
119.462
119.481
119.499
119.517
119.538
119.559
119.578
119.597
119.617
119.637
119.656
119.677
119.693
119.712
119.731
119.749
119.769
119.788
119.81
119.83
119.847
119.867
119.887
119.906
119.925
119.943
119.963
119.98
119.998
120.018
120.038
120.055
120.073
120.091
120.108
120.128
120.146
120.168
120.185
120.204
120.221
120.24
120.259
120.279
120.298
120.316
120.335
120.354
120.372
120.391
120.411
120.427
120.443
120.461
120.478
120.496
120.515
120.533
120.551
120.569
120.587
120.606
120.623
120.642
120.66
120.678
120.696
120.713
120.732
120.751
120.77
120.786
120.808
120.825
120.844
120.863
120.882
120.9
120.918
120.936
120.954
120.971
120.99
121.006
121.024
121.04
121.058
121.075
121.093
121.111
121.129
121.147
121.167
121.186
121.204
121.221
121.24
121.257
121.276
121.294
121.313
121.331
121.349
121.365
121.383
121.401
121.419
121.437
121.456
121.474
121.492
121.511
121.528
121.544
121.56
121.579
121.597
121.616
121.636
121.652
121.67
121.687
121.702
121.72
121.737
121.755
121.771
121.786
121.805
121.823
121.84
121.858
121.876
121.892
121.909
121.928
121.945
121.962
121.978
121.996
122.013
122.031
122.05
122.068
122.086
122.103
122.119
122.135
122.154
122.172
122.191
122.208
122.227
122.244
122.26
122.276
122.295
122.311
122.329
122.346
122.363
122.381
122.398
122.417
122.435
122.453
122.47
122.487
122.503
122.52
122.538
122.556
122.574
122.59
122.607
122.623
122.642
122.659
122.674
122.692
122.709
122.727
122.743
122.762
122.78
122.798
122.815
122.833
122.851
122.867
122.884
122.9
122.917
122.935
122.952
122.969
122.987
123.004
123.021
123.039
123.057
123.074
123.091
123.107
123.124
123.142
123.158
123.176
123.194
123.21
123.227
123.244
123.262
123.28
123.298
123.315
123.332
123.351
123.366
123.382
123.4
123.417
123.435
123.45
123.466
123.481
123.498
123.515
123.53
123.548
123.562
123.579
123.595
123.611
123.626
123.643
123.661
123.676
123.691
123.71
123.726
123.742
123.759
123.777
123.794
123.81
123.825
123.842
123.857
123.874
123.891
123.908
123.925
123.94
123.957
123.973
123.988
124.005
124.02
124.037
124.054
124.071
124.087
124.103
124.12
124.136
124.152
124.168
124.185
124.202
124.218
124.234
124.249
124.266
124.283
124.3
124.315
124.331
124.347
124.364
124.379
124.396
124.412
124.427
124.443
124.458
124.475
124.49
124.505
124.521
124.538
124.554
124.572
124.588
124.603
124.618
124.636
124.652
124.669
124.685
124.702
124.719
124.734
124.752
124.768
124.785
124.799
124.815
124.83
124.846
124.864
124.882
124.898
124.913
124.93
124.946
124.962
124.978
124.995
125.012
125.028
125.043
125.058
125.074
125.089
125.104
125.121
125.137
125.151
125.166
125.182
125.199
125.214
125.228
125.241
125.256
125.273
125.289
125.304
125.319
125.335
125.35
125.366
125.382
125.399
125.414
125.431
125.446
125.465
125.481
125.495
125.511
125.528
125.544
125.559
125.577
125.593
125.608
125.624
125.641
125.657
125.674
125.689
125.705
125.719
125.735
125.752
125.768
125.785
125.8
125.815
125.83
125.846
125.862
125.878
125.893
125.908
125.924
125.939
125.954
125.97
125.988
126.003
126.018
126.032
126.048
126.066
126.081
126.096
126.111
126.127
126.142
126.159
126.175
126.189
126.204
126.219
126.236
126.251
126.268
126.284
126.298
126.313
126.329
126.344
126.36
126.376
126.391
126.407
126.422
126.438
126.452
126.467
126.482
126.498
126.513
126.529
126.546
126.561
126.578
126.594
126.611
126.628
126.643
126.659
126.675
126.69
126.704
126.721
126.737
126.752
126.77
126.785
126.801
126.816
126.832
126.849
126.865
126.879
126.894
126.91
126.924
126.941
126.957
126.972
126.988
127.004
127.019
127.035
127.051
127.066
127.082
127.098
127.112
127.127
127.143
127.161
127.176
127.191
127.208
127.223
127.238
127.254
127.27
127.285
127.301
127.318
127.334
127.349
127.363
127.378
127.393
127.41
127.425
127.441
127.456
127.471
127.486
127.503
127.518
127.533
127.549
127.565
127.58
127.595
127.611
127.625
127.64
127.657
127.673
127.689
127.704
127.72
127.735
127.751
127.766
127.781
127.796
127.812
127.827
127.843
127.858
127.874
127.889
127.906
127.921
127.936
127.953
127.966
127.982
127.998
128.014
128.029
128.045
128.059
128.073
128.088
128.102
128.117
128.133
128.148
128.163
128.178
128.195
128.209
128.225
128.241
128.255
128.271
128.285
128.302
128.317
128.332
128.347
128.362
128.376
128.392
128.407
128.422
128.437
128.452
128.467
128.483
128.499
128.514
128.529
128.542
128.557
128.573
128.588
128.603
128.617
128.63
128.644
128.659
128.674
128.689
128.705
128.719
128.735
128.748
128.763
128.78
128.796
128.81
128.825
128.841
128.857
128.869
128.884
128.898
128.914
128.929
128.945
128.961
128.976
128.993
129.007
129.021
129.036
129.052
129.067
129.081
129.097
129.113
129.128
129.142
129.156
129.17
129.186
129.201
129.215
129.229
129.244
129.258
129.274
129.29
129.304
129.319
129.334
129.349
129.362
129.377
129.392
129.405
129.421
129.435
129.45
129.465
129.479
129.493
129.507
129.521
129.537
129.552
129.566
129.581
129.597
129.612
129.628
129.643
129.657
129.671
129.686
129.7
129.715
129.73
129.744
129.758
129.772
129.786
129.801
129.817
129.833
129.848
129.862
129.876
129.89
129.904
129.919
129.935
129.951
129.967
129.982
129.997
130.014
130.028
130.042
130.057
130.073
130.088
130.103
130.117
130.132
130.148
130.162
130.176
130.19
130.205
130.221
130.236
130.249
130.262
130.276
130.29
130.303
130.319
130.332
130.348
130.362
130.378
130.391
130.406
130.421
130.435
130.45
130.464
130.478
130.494
130.509
130.524
130.538
130.551
130.565
130.58
130.594
130.611
130.625
130.638
130.651
130.666
130.68
130.695
130.71
130.723
130.737
130.751
130.766
130.781
130.795
130.811
130.825
130.838
130.853
130.868
130.883
130.897
130.911
130.925
130.94
130.957
130.971
130.983
130.997
131.011
131.026
131.037
131.052
131.068
131.083
131.098
131.113
131.127
131.141
131.156
131.172
131.187
131.203
131.216
131.229
131.243
131.258
131.274
131.288
131.302
131.317
131.332
131.346
131.359
131.375
131.389
131.403
131.416
131.429
131.443
131.457
131.471
131.486
131.499
131.513
131.527
131.54
131.556
131.569
131.584
131.599
131.613
131.627
131.643
131.655
131.668
131.683
131.695
131.708
131.724
131.737
131.753
131.767
131.781
131.794
131.808
131.821
131.835
131.85
131.865
131.879
131.894
131.907
131.92
131.934
131.948
131.964
131.977
131.991
132.005
132.018
132.032
132.046
132.061
132.074
132.088
132.103
132.118
132.131
132.146
132.159
132.173
132.187
132.201
132.214
132.228
132.241
132.257
132.271
132.285
132.298
132.312
132.324
132.339
132.352
132.366
132.38
132.392
132.406
132.419
132.432
132.446
132.46
132.473
132.488
132.502
132.517
132.53
132.543
132.559
132.574
132.587
132.602
132.616
132.631
132.645
132.66
132.673
132.687
132.7
132.714
132.728
132.742
132.755
132.77
132.785
132.799
132.813
132.826
132.841
132.855
132.869
132.883
132.897
132.91
132.922
132.935
132.949
132.964
132.978
132.993
133.006
133.02
133.034
133.049
133.063
133.076
133.089
133.102
133.116
133.13
133.145
133.16
133.174
133.19
133.202
133.216
133.231
133.246
133.26
133.272
133.287
133.3
133.313
133.328
133.342
133.356
133.37
133.384
133.398
133.413
133.426
133.438
133.452
133.465
133.478
133.493
133.508
133.523
133.534
133.55
133.562
133.576
133.59
133.605
133.619
133.634
133.647
133.661
133.674
133.688
133.703
133.715
133.729
133.743
133.757
133.769
133.782
133.796
133.81
133.824
133.838
133.85
133.864
133.878
133.891
133.906
133.919
133.932
133.946
133.962
133.975
133.99
134.004
134.017
134.031
134.043
134.058
134.072
134.086
134.1
134.114
134.128
134.141
134.155
134.168
134.182
134.196
134.21
134.223
134.237
134.251
134.266
134.28
134.294
134.306
134.32
134.333
134.344
134.358
134.373
134.386
134.399
134.414
134.428
134.443
134.458
134.471
134.486
134.498
134.512
134.525
134.538
134.55
134.566
134.579
134.593
134.607
134.622
134.636
134.651
134.664
134.679
134.693
134.705
134.719
134.732
134.747
134.76
134.775
134.787
134.801
134.814
134.828
134.843
134.857
134.87
134.883
134.897
134.91
134.925
134.938
134.952
134.966
134.979
134.992
135.005
135.018
135.032
135.045
135.059
135.072
135.085
135.099
135.111
135.125
135.139
135.151
135.164
135.178
135.19
135.204
135.218
135.23
135.245
135.257
135.271
135.283
135.296
135.311
135.324
135.338
135.352
135.366
135.378
135.391
135.406
135.42
135.433
135.445
135.458
135.472
135.484
135.498
135.512
135.525
135.537
135.55
135.563
135.575
135.588
135.602
135.616
135.63
135.644
135.657
135.67
135.683
135.696
135.709
135.723
135.737
135.749
135.763
135.777
135.79
135.803
135.817
135.83
135.843
135.857
135.87
135.884
135.897
135.91
135.923
135.936
135.948
135.96
135.973
135.986
135.999
136.011
136.024
136.037
136.05
136.062
136.076
136.089
136.101
136.113
136.127
136.139
136.155
136.168
136.181
136.197
136.211
136.225
136.238
136.252
136.264
136.278
136.292
136.305
136.318
136.332
136.344
136.358
136.37
136.384
136.397
136.411
136.425
136.438
136.451
136.464
136.477
136.489
136.504
136.517
136.531
136.544
136.558
136.571
136.583
136.598
136.611
136.625
136.637
136.651
136.663
136.676
136.69
136.702
136.717
136.73
136.744
136.755
136.767
136.779
136.792
136.803
136.815
136.828
136.84
136.853
136.866
136.881
136.893
136.908
136.92
136.932
136.944
136.958
136.97
136.984
136.994
137.007
137.02
137.033
137.047
137.06
137.073
137.086
137.098
137.11
137.123
137.138
137.153
137.166
137.178
137.19
137.202
137.216
137.228
137.241
137.255
137.267
137.279
137.292
137.304
137.316
137.33
137.342
137.354
137.367
137.379
137.392
137.405
137.418
137.432
137.445
137.458
137.471
137.484
137.497
137.51
137.524
137.538
137.55
137.563
137.575
137.59
137.603
137.614
137.626
137.64
137.653
137.664
137.678
137.691
137.704
137.716
137.728
137.741
137.752
137.764
137.777
137.788
137.802
137.812
137.824
137.838
137.851
137.865
137.879
137.891
137.905
137.917
137.928
137.941
137.952
137.965
137.978
137.99
138.003
138.016
138.028
138.04
138.053
138.066
138.078
138.091
138.102
138.118
138.131
138.144
138.156
138.169
138.181
138.193
138.206
138.218
138.231
138.244
138.257
138.269
138.282
138.295
138.306
138.32
138.332
138.346
138.357
138.37
138.383
138.395
138.408
138.42
138.432
138.447
138.461
138.473
138.485
138.498
138.511
138.523
138.535
138.546
138.558
138.573
138.585
138.597
138.609
138.622
138.634
138.646
138.658
138.67
138.684
138.694
138.707
138.72
138.732
138.744
138.758
138.769
138.781
138.793
138.806
138.819
138.832
138.845
138.859
138.873
138.886
138.899
138.912
138.924
138.936
138.951
138.963
138.975
138.989
139.001
139.012
139.025
139.037
139.05
139.064
139.077
139.089
139.102
139.114
139.127
139.139
139.153
139.164
139.176
139.188
139.202
139.215
139.229
139.24
139.253
139.265
139.277
139.29
139.302
139.313
139.325
139.338
139.349
139.362
139.373
139.385
139.398
139.41
139.423
139.434
139.445
139.458
139.47
139.482
139.496
139.508
139.52
139.532
139.543
139.556
139.568
139.581
139.596
139.61
139.622
139.633
139.645
139.659
139.673
139.687
139.699
139.713
139.724
139.736
139.747
139.759
139.773
139.785
139.797
139.811
139.824
139.837
139.85
139.862
139.876
139.889
139.901
139.913
139.926
139.94
139.951
139.963
139.976
139.988
140.001
140.013
140.024
140.037
140.049
140.061
140.074
140.087
140.099
140.111
140.123
140.136
140.148
140.16
140.172
140.185
140.197
140.21
140.223
140.235
140.247
140.259
140.272
140.285
140.297
140.31
140.323
140.335
140.348
140.36
140.371
140.384
140.396
140.408
140.42
140.432
140.444
140.456
140.467
140.481
140.494
140.506
140.517
140.529
140.541
140.554
140.567
140.579
140.591
140.603
140.616
140.629
140.641
140.652
140.664
140.676
140.689
140.701
140.715
140.727
140.739
140.751
140.762
140.775
140.788
140.799
140.811
140.824
140.837
140.849
140.861
140.872
140.886
140.897
140.909
140.923
140.937
140.948
140.96
140.971
140.983
140.996
141.01
141.022
141.035
141.048
141.06
141.072
141.085
141.098
141.111
141.124
141.137
141.15
141.161
141.174
141.185
141.199
141.211
141.222
141.234
141.246
141.259
141.27
141.281
141.293
141.306
141.318
141.329
141.342
141.356
141.369
141.381
141.393
141.406
141.417
141.43
141.443
141.456
141.469
141.481
141.494
141.507
141.521
141.532
141.545
141.557
141.569
141.581
141.594
141.607
141.62
141.632
141.644
141.656
141.669
141.682
141.693
141.705
141.718
141.73
141.743
141.755
141.768
141.781
141.792
141.804
141.815
141.826
141.838
141.849
141.86
141.871
141.884
141.895
141.907
141.919
141.932
141.943
141.955
141.968
141.98
141.992
142.005
142.017
142.03
142.043
142.056
142.067
142.079
142.091
142.104
142.117
142.129
142.141
142.155
142.168
142.179
142.191
142.204
142.215
142.228
142.242
142.254
142.267
142.278
142.291
142.302
142.315
142.328
142.339
142.351
142.364
142.374
142.386
142.397
142.408
142.421
142.434
142.447
142.46
142.472
142.484
142.496
142.508
142.521
142.534
142.547
142.559
142.572
142.584
142.597
142.609
142.623
142.635
142.647
142.66
142.673
142.686
142.7
142.712
142.725
142.738
142.75
142.762
142.774
142.787
142.799
142.813
142.825
142.837
142.851
142.864
142.876
142.888
142.9
142.911
142.924
142.936
142.949
142.963
142.976
142.99
143.002
143.015
143.026
143.038
143.052
143.064
143.076
143.089
143.102
143.114
143.125
143.138
143.153
143.166
143.178
143.191
143.204
143.215
143.228
143.242
143.256
143.269
143.281
143.294
143.306
143.321
143.334
143.346
143.359
143.371
143.384
143.395
143.407
143.419
143.433
143.445
143.457
143.469
143.481
143.495
143.508
143.52
143.534
143.546
143.559
143.571
143.583
143.595
143.607
143.619
143.631
143.643
143.656
143.668
143.681
143.694
143.707
143.719
143.731
143.745
143.758
143.772
143.784
143.797
143.81
143.822
143.836
143.847
143.859
143.873
143.886
143.9
143.913
143.925
143.937
143.951
143.965
143.978
143.99
144.004
144.017
144.029
144.042
144.054
144.067
144.078
144.091
144.104
144.116
144.128
144.139
144.151
144.162
144.177
144.19
144.202
144.214
144.227
144.241
144.253
144.266
144.28
144.294
144.308
144.321
144.334
144.349
144.361
144.374
144.387
144.401
144.413
144.425
144.437
144.451
144.463
144.477
144.49
144.504
144.516
144.529
144.543
144.556
144.569
144.582
144.595
144.609
144.622
144.634
144.647
144.661
144.673
144.686
144.7
144.712
144.725
144.737
144.749
144.763
144.776
144.789
144.802
144.815
144.829
144.841
144.855
144.868
144.881
144.895
144.908
144.921
144.933
144.946
144.96
144.973
144.986
144.999
145.011
145.024
145.037
145.049
145.063
145.076
145.089
145.101
145.113
145.127
145.139
145.153
145.165
145.177
145.19
145.203
145.216
145.229
145.243
145.257
145.271
145.281
145.295
145.308
145.322
145.334
145.347
145.359
145.373
145.386
145.4
145.413
145.426
145.441
145.455
145.468
145.481
145.496
145.508
145.52
145.533
145.548
145.561
145.575
145.588
145.601
145.615
145.628
145.641
145.655
145.667
145.681
145.694
145.707
145.72
145.736
145.748
145.762
145.776
145.791
145.805
145.819
145.832
145.845
145.858
145.872
145.886
145.899
145.911
145.926
145.94
145.954
145.966
145.979
145.991
146.005
146.018
146.031
146.046
146.059
146.073
146.086
146.1
146.113
146.126
146.14
146.154
146.167
146.18
146.192
146.204
146.218
146.231
146.244
146.258
146.272
