2
2.5
2.83333
3.08333
3.28333
3.45
3.68611
3.78333
3.92619
5.62637
7.2405
8.68018
10.2981
10.8871
11.9175
12.9311
13.6278
14.157
14.6459
15.0318
15.4155
15.7526
16.0988
16.3964
16.6465
16.8924
17.1312
17.3824
17.6178
17.8254
18.0168
18.1982
18.3811
18.5731
18.7323
18.9062
19.0825
19.2461
19.3969
19.5425
19.6634
19.7861
19.91
20.0438
20.1796
20.3013
20.4145
20.5309
20.6645
20.766
20.8749
20.9707
21.0848
21.1835
21.2776
21.3686
21.4515
21.5458
21.6425
21.728
21.8115
21.891
21.9712
22.0566
22.1254
22.2001
22.2752
22.3639
22.4352
22.5125
22.5781
22.6488
22.7224
22.7872
22.8577
22.9168
22.9864
23.0497
23.1065
23.1702
23.2305
23.2902
23.3491
23.4059
23.4673
23.5257
23.584
23.6354
23.692
23.7462
23.8019
23.8576
23.9146
23.9675
24.0173
24.0673
24.1111
24.159
24.2096
24.2525
24.2951
24.3426
24.386
24.4365
24.4848
24.5363
24.5836
24.6248
24.6663
24.7068
24.7558
24.7943
24.8392
24.883
24.921
24.9656
25.0097
25.0515
25.0936
25.1329
25.1715
25.2099
25.2466
25.285
25.3299
25.3645
25.4056
25.4398
25.4738
25.513
25.5485
25.5849
25.6205
25.6582
25.6911
25.7319
25.7664
25.8009
25.8377
25.8735
25.9048
25.936
25.9683
26.004
26.0401
26.0738
26.1048
26.1371
26.1692
26.2002
26.2266
26.2564
26.297
26.3296
26.3607
26.3921
26.4225
26.4544
26.4855
26.5182
26.5493
26.5844
26.6133
26.6443
26.673
26.702
26.7306
26.7624
26.7902
26.819
26.8462
26.872
26.9029
26.9316
26.9604
26.9872
27.0195
27.0485
27.0773
27.1033
27.1297
27.1599
27.1857
27.2115
27.2381
27.2668
27.2921
27.3194
27.3435
27.3664
27.3908
27.4174
27.4409
27.4646
27.4905
27.5155
27.54
27.567
27.5946
27.6175
27.644
27.6689
27.6938
27.7237
27.7466
27.7702
27.7972
27.8206
27.8445
27.8665
27.8932
27.9161
27.9412
27.9663
27.9909
28.0128
28.0354
28.0617
28.0849
28.1085
28.1337
28.1567
28.1786
28.2001
28.2238
28.2468
28.2733
28.2993
28.3192
28.3408
28.3645
28.3868
28.4086
28.4288
28.4491
28.4723
28.4963
28.5164
28.5371
28.5608
28.5807
28.602
28.6241
28.6448
28.6687
28.6884
28.7103
28.7314
28.7526
28.7721
28.7927
28.8165
28.8373
28.86
28.881
28.9014
28.9203
28.9407
28.9605
28.9828
29.0034
29.0245
29.0438
29.0613
29.0807
29.1007
29.1203
29.141
29.1602
29.1783
29.1967
29.2129
29.2306
29.2485
29.2666
29.2856
29.303
29.3229
29.3419
29.3597
29.3772
29.3941
29.4142
29.4332
29.4526
29.474
29.4928
29.51
29.5296
29.5467
29.5647
29.5827
29.6009
29.6194
29.6378
29.6567
29.6755
29.6917
29.7094
29.7285
29.7463
29.7657
29.7831
29.8001
29.8185
29.8339
29.8517
29.8695
29.8868
29.9038
29.9215
29.938
29.9536
29.9694
29.9864
30.0026
30.0223
30.0378
30.0546
30.0733
30.0909
30.1087
30.1257
30.1428
30.1582
30.1753
30.1923
30.2093
30.2265
30.2421
30.258
30.2714
30.2879
30.303
30.3179
30.3342
30.3488
30.3652
30.3791
30.3946
30.4115
30.4259
30.4414
30.4562
30.4722
30.4881
30.5031
30.5179
30.5345
30.5514
30.5669
30.5803
30.596
30.6116
30.6285
30.6436
30.6595
30.6745
30.69
30.7046
30.7196
30.7323
30.7483
30.7635
30.7784
30.7937
30.8103
30.8268
30.8417
30.8586
30.8734
30.8884
30.9037
30.9162
30.9306
30.9446
30.9594
30.9742
30.9897
31.0035
31.0183
31.0316
31.0471
31.0618
31.0762
31.0896
31.1025
31.1176
31.1317
31.1456
31.1594
31.173
31.1868
31.2003
31.2126
31.2253
31.2402
31.2546
31.2693
31.2836
31.2975
31.3119
31.3258
31.3377
31.3511
31.3657
31.3788
31.3912
31.4043
31.4187
31.4323
31.4461
31.461
31.474
31.4867
31.4989
31.5127
31.5259
31.5399
31.5527
31.5671
31.5806
31.5955
31.6079
31.6222
31.6351
31.647
31.6608
31.6746
31.6874
31.703
31.7163
31.7283
31.7413
31.7533
31.766
31.7803
31.7915
31.8056
31.8178
31.8318
31.8437
31.8557
31.8687
31.8814
31.8944
31.908
31.9209
31.9336
31.9465
31.9583
31.9716
31.9881
32.0014
32.0143
32.0279
32.0409
32.0547
32.0661
32.0783
32.0908
32.103
32.1167
32.1286
32.1403
32.1518
32.164
32.1771
32.1888
32.2014
32.2134
32.225
32.2368
32.2488
32.2606
32.2732
32.2869
32.2993
32.3115
32.3238
32.3361
32.3475
32.3589
32.3698
32.3813
32.3919
32.4038
32.4165
32.429
32.44
32.4525
32.463
32.4752
32.4856
32.4976
32.5101
32.5213
32.5324
32.5444
32.5563
32.5668
32.5786
32.5908
32.6011
32.6133
32.6265
32.6381
32.6503
32.6612
32.673
32.686
32.6964
32.707
32.7182
32.7305
32.7422
32.7528
32.764
32.7745
32.7853
32.795
32.8055
32.8163
32.8272
32.8391
32.8496
32.8616
32.8727
32.8831
32.8941
32.9044
32.914
32.9253
32.937
32.9479
32.9585
32.9697
32.9808
32.9911
33.0002
33.0113
33.0222
33.0329
33.0432
33.0538
33.0657
33.0776
33.0882
33.0985
33.1103
33.1208
33.1312
33.1422
33.1529
33.1639
33.174
33.1849
33.1948
33.2047
33.2164
33.2274
33.2373
33.248
33.258
33.2689
33.2796
33.2905
33.2998
33.3116
33.3214
33.3313
33.3408
33.3513
33.3614
33.374
33.3854
33.396
33.4062
33.4166
33.4281
33.439
33.4483
33.4586
33.4679
33.4779
33.4891
33.4991
33.5102
33.5197
33.5292
33.5393
33.5509
33.5608
33.57
33.5802
33.5919
33.6019
33.613
33.6235
33.635
33.6456
33.6555
33.6648
33.6742
33.6846
33.6933
33.7019
33.7123
33.7223
33.731
33.7417
33.7517
33.7609
33.7701
33.7794
33.789
33.7984
33.8105
33.8195
33.8289
33.8393
33.8487
33.8578
33.8665
33.8768
33.8874
33.8965
33.9061
33.9157
33.9257
33.9356
33.9462
33.9555
33.9643
33.9741
33.9839
33.994
34.0045
34.0135
34.0232
34.0328
34.0428
34.0519
34.0608
34.0706
34.0811
34.0914
34.1003
34.11
34.1196
34.1279
34.1374
34.1455
34.1556
34.1655
34.1738
34.1826
34.1918
34.2017
34.2108
34.2192
34.2293
34.2381
34.2484
34.2584
34.2666
34.2763
34.2851
34.2955
34.3059
34.3151
34.3245
34.3341
34.3434
34.3525
34.3615
34.37
34.3795
34.3878
34.3973
34.4052
34.4147
34.4243
34.4338
34.4423
34.4513
34.4603
34.4693
34.4786
34.4872
34.496
34.5054
34.5148
34.523
34.5327
34.5408
34.5503
34.5578
34.5669
34.5767
34.5848
34.5942
34.6039
34.6141
34.6229
34.6317
34.6399
34.6493
34.6578
34.6672
34.676
34.6844
34.6931
34.702
34.7112
34.7196
34.7282
34.7373
34.7463
34.7554
34.7638
34.7728
34.7827
34.7925
34.8021
34.8115
34.8208
34.8297
34.8383
34.8495
34.8582
34.8674
34.876
34.885
34.8927
34.9008
34.9098
34.9177
34.9262
34.9351
34.9449
34.954
34.9631
34.9725
34.9815
34.9915
35
35.0086
35.0171
35.0262
35.0351
35.0449
35.0538
35.0619
35.0704
35.0793
35.0889
35.0971
35.1057
35.1144
35.123
35.1316
35.1398
35.1478
35.1565
35.1647
35.1738
35.1816
35.1904
35.1995
35.2082
35.2171
35.2259
35.2339
35.2419
35.249
35.2585
35.2668
35.275
35.2835
35.2922
35.3006
35.3083
35.3162
35.3243
35.3326
35.3406
35.3488
35.3566
35.3635
35.3721
35.3801
35.388
35.395
35.4031
35.4108
35.419
35.428
35.4357
35.4439
35.4525
35.4619
35.4705
35.4798
35.4877
35.4961
35.5052
35.5128
35.5217
35.5302
35.5376
35.5458
35.5549
35.563
35.5706
35.5786
35.5872
35.5961
35.6044
35.6131
35.6206
35.6278
35.6356
35.6429
35.6505
35.6578
35.6669
35.6755
35.6842
35.6927
35.7011
35.7095
35.7184
35.726
35.7338
35.7427
35.7515
35.7591
35.7668
35.7758
35.7843
35.7927
35.8008
35.8086
35.8162
35.825
35.8332
35.8407
35.8484
35.8563
35.8642
35.8732
35.8813
35.8899
35.8968
35.9051
35.9119
35.9195
35.9271
35.9347
35.9426
35.9511
35.958
35.9665
35.9748
35.9827
35.9903
35.9985
36.0056
36.0137
36.022
36.0302
36.038
36.0459
36.0535
36.0619
36.0688
36.0766
36.0841
36.0906
36.0982
36.1058
36.1135
36.1206
36.1285
36.1369
36.1443
36.1525
36.1599
36.168
36.1755
36.1838
36.1906
36.1975
36.2056
36.2126
36.2197
36.2278
36.2348
36.2421
36.25
36.258
36.265
36.2726
36.2806
36.2888
36.2957
36.3031
36.3104
36.3185
36.3262
36.334
36.3411
36.3486
36.3566
36.3636
36.3712
36.3785
36.3856
36.3928
36.4009
36.4088
36.416
36.4238
36.4312
36.4391
36.446
36.4529
36.4591
36.466
36.4741
36.4807
36.488
36.4955
36.5047
36.512
36.5196
36.5282
36.5349
36.542
36.5491
36.5567
36.5639
36.5707
36.5783
36.5848
36.592
36.599
36.6062
36.6137
36.6219
36.629
36.6358
36.6427
36.6495
36.6557
36.6621
36.6695
36.6765
36.6834
36.6904
36.6985
36.7054
36.7132
36.7203
36.7272
36.7346
36.7424
36.7492
36.756
36.7627
36.7704
36.7773
36.7844
36.7916
36.7989
36.8054
36.8128
36.8202
36.8268
36.834
36.8406
36.8473
36.8546
36.8615
36.8683
36.8759
36.8835
36.8907
36.8989
36.9062
36.9133
36.9204
36.9272
36.9345
36.942
36.9489
36.9559
36.9619
36.969
36.9766
36.9832
36.9895
36.9967
37.004
37.0106
37.0179
37.0252
37.032
37.0391
37.046
37.0529
37.06
37.0657
37.0729
37.0794
37.0866
37.0941
37.101
37.1079
37.1148
37.1212
37.1278
37.1342
37.1408
37.1471
37.154
37.1615
37.1686
37.1754
37.1817
37.1881
37.1949
37.2008
37.207
37.2136
37.2213
37.2282
37.2354
37.2417
37.2485
37.2556
37.2615
37.2681
37.2749
37.2815
37.2877
37.2956
37.3025
37.3098
37.3162
37.3226
37.3299
37.3366
37.3421
37.3489
37.356
37.3624
37.3691
37.376
37.3829
37.3891
37.3963
37.4024
37.4085
37.4146
37.4203
37.427
37.4339
37.4403
37.4478
37.4553
37.4619
37.4685
37.475
37.4814
37.4878
37.4939
37.5011
37.5075
37.5143
37.5205
37.5275
37.5339
37.5406
37.5481
37.5545
37.5613
37.5678
37.574
37.5807
37.5873
37.5936
37.6002
37.6073
37.6141
37.6211
37.6282
37.6341
37.6405
37.6482
37.6549
37.6613
37.6683
37.6746
37.6812
37.6878
37.6934
37.7004
37.7062
37.7125
37.7197
37.7266
37.7326
37.7392
37.746
37.7523
37.7579
37.7651
37.7721
37.7786
37.7857
37.7924
37.798
37.8048
37.8117
37.8186
37.8243
37.8315
37.838
37.8448
37.8513
37.8582
37.8647
37.8713
37.877
37.8828
37.8891
37.8964
37.9032
37.9087
37.9151
37.9219
37.9281
37.934
37.9411
37.9476
37.9539
37.9604
37.967
37.973
37.9796
37.9854
37.9913
37.9975
38.0046
38.0098
38.0166
38.0227
38.0291
38.0361
38.0428
38.0495
38.0553
38.0619
38.0684
38.0747
38.0813
38.0871
38.0937
38.1
38.1061
38.1123
38.1196
38.1263
38.1322
38.1386
38.1441
38.1502
38.1571
38.1628
38.1692
38.1754
38.1817
38.1882
38.1941
38.2003
38.2061
38.2122
38.2181
38.224
38.2299
38.2365
38.2426
38.2483
38.254
38.2605
38.2671
38.2723
38.2782
38.2846
38.2907
38.2976
38.3038
38.3107
38.3167
38.323
38.3294
38.3356
38.3415
38.348
38.3546
38.3613
38.3678
38.374
38.3798
38.3856
38.3921
38.3985
38.4052
38.411
38.4162
38.4225
38.4287
38.4346
38.44
38.4457
38.4512
38.4574
38.4635
38.4698
38.4756
38.482
38.488
38.4941
38.4994
38.5048
38.5105
38.5166
38.5223
38.5285
38.5354
38.541
38.5475
38.5532
38.5594
38.5644
38.5699
38.5755
38.5816
38.5877
38.5928
38.5982
38.6041
38.6103
38.6161
38.6222
38.6275
38.633
38.6382
38.6444
38.6497
38.6557
38.6615
38.6673
38.6741
38.6798
38.6855
38.692
38.6978
38.7036
38.7093
38.7153
38.7208
38.7271
38.7325
38.7372
38.7432
38.749
38.7548
38.7604
38.7658
38.7713
38.7772
38.7824
38.7879
38.7935
38.7993
38.8052
38.8108
38.8167
38.8219
38.8275
38.8333
38.8392
38.8452
38.8511
38.8564
38.862
38.8677
38.8734
38.8798
38.8857
38.8917
38.8978
38.9033
38.909
38.9149
38.9202
38.9259
38.9321
38.9373
38.9428
38.949
38.9541
38.9604
38.9662
38.9721
38.9778
38.9838
38.9891
38.9944
39.0005
39.0064
39.0118
39.0173
39.0226
39.0287
39.0348
39.0403
39.046
39.0519
39.0576
39.0627
39.0683
39.0737
39.0794
39.0844
39.0899
39.0961
39.1015
39.1076
39.1132
39.1186
39.1241
39.1296
39.1345
39.1399
39.1452
39.1506
39.1562
39.162
39.1671
39.1729
39.1784
39.1842
39.1897
39.1959
39.2018
39.2072
39.2129
39.2176
39.2228
39.2286
39.2352
39.2406
39.2455
39.251
39.2563
39.2618
39.2675
39.2736
39.2793
39.285
39.2908
39.2963
39.3019
39.3071
39.3133
39.3187
39.3242
39.3299
39.3347
39.3407
39.3459
39.3509
39.356
39.3607
39.3661
39.3718
39.3769
39.3816
39.3871
39.3928
39.3976
39.4031
39.4084
39.4136
39.4195
39.4253
39.4307
39.4363
39.4417
39.4473
39.4525
39.4576
39.463
39.4678
39.4737
39.4792
39.4839
39.4898
39.4949
39.4999
39.5058
39.5119
39.5172
39.5225
39.5279
39.5335
39.5393
39.544
39.5495
39.5552
39.5603
39.5656
39.571
39.5765
39.582
39.5879
39.5935
39.5986
39.6039
39.6093
39.6148
39.6199
39.6252
39.63
39.6354
39.64
39.6456
39.651
39.6565
39.6616
39.6668
39.6724
39.6776
39.6829
39.688
39.6935
39.6993
39.7043
39.7088
39.7141
39.7191
39.724
39.7291
39.7342
39.7388
39.7448
39.7499
39.7552
39.7608
39.766
39.7713
39.7771
39.7818
39.7867
39.7923
39.7971
39.8024
39.8072
39.8125
39.8176
39.8223
39.828
39.8327
39.8372
39.8426
39.8479
39.8527
39.8579
39.8632
39.8686
39.8735
39.8787
39.8834
39.8881
39.893
39.8984
39.9036
39.9085
39.9139
39.9193
39.9249
39.9304
39.9364
39.9415
39.9466
39.9514
39.9568
39.9618
39.9664
39.9719
39.9762
39.9817
39.9868
39.9932
39.9984
40.0031
40.0078
40.0133
40.0185
40.0234
40.0291
40.0334
40.0388
40.0436
40.0489
40.0538
40.0589
40.0642
40.0687
40.0738
40.0789
40.0842
40.089
40.0941
40.0989
40.1036
40.1081
40.1133
40.1183
40.1231
40.128
40.133
40.1381
40.1435
40.1483
40.1536
40.1591
40.1638
40.1691
40.1741
40.1789
40.1841
40.189
40.1943
40.1992
40.2041
40.209
40.2139
40.2188
40.2234
40.2283
40.2337
40.2392
40.244
40.2489
40.2538
40.2589
40.2642
40.2691
40.2736
40.2785
40.2841
40.2886
40.2937
40.2991
40.3042
40.3089
40.3137
40.3188
40.3239
40.329
40.3341
40.3391
40.344
40.3485
40.3537
40.359
40.3637
40.369
40.3746
40.3795
40.3844
40.39
40.3942
40.3992
40.4036
40.4087
40.4143
40.4195
40.4241
40.4289
40.4338
40.4386
40.4434
40.4484
40.454
40.4588
40.464
40.4689
40.4741
40.4789
40.4839
40.489
40.4935
40.4984
40.5039
40.5086
40.5136
40.5187
40.5237
40.529
40.5343
40.5395
40.5452
40.55
40.5553
40.5602
40.5653
40.5702
40.5747
40.5799
40.5854
40.5905
40.5956
40.5999
40.6049
40.6097
40.6145
40.6194
40.6244
40.6295
40.6339
40.6389
40.6442
40.6494
40.6543
40.6596
40.6644
40.669
40.6735
40.6783
40.6838
40.6881
40.6929
40.6976
40.7022
40.7072
40.7126
40.7175
40.7225
40.7274
40.7316
40.7368
40.7416
40.7469
40.7516
40.7564
40.7612
40.766
40.7704
40.7758
40.7806
40.7851
40.7903
40.7955
40.7999
40.8047
40.8097
40.8142
40.8189
40.8236
40.8284
40.8327
40.8376
40.8427
40.8472
40.8519
40.8569
40.8615
40.8667
40.8715
40.8768
40.8815
40.8864
40.8918
40.8965
40.9014
40.9059
40.9104
40.9152
40.9198
40.9239
40.9288
40.9332
40.9374
40.9416
40.9464
40.9514
40.9564
40.9615
40.9658
40.9701
40.9744
40.9787
40.9831
40.9878
40.9926
40.9975
41.0023
41.0067
41.0114
41.0161
41.021
41.0256
41.0301
41.0347
41.0395
41.0444
41.0499
41.0539
41.0586
41.0628
41.0674
41.0722
41.077
41.0817
41.0864
41.0908
41.0954
41.1005
41.1055
41.1101
41.1147
41.1193
41.1247
41.1295
41.1344
41.1391
41.1431
41.148
41.1523
41.1568
41.1617
41.1674
41.1721
41.177
41.1816
41.1862
41.1906
41.1959
41.2004
41.2051
41.2099
41.2147
41.2194
41.2245
41.2286
41.2332
41.2377
41.2422
41.2474
41.2518
41.2563
41.2612
41.2665
41.2712
41.2761
41.2803
41.2846
41.2895
41.294
41.2992
41.3039
41.3089
41.3137
41.3182
41.3224
41.3271
41.3315
41.3353
41.3401
41.3446
41.3494
41.3535
41.3578
41.3625
41.3671
41.3719
41.3763
41.3815
41.3859
41.3904
41.3947
41.3991
41.4041
41.4084
41.4129
41.4175
41.4219
41.4265
41.4312
41.436
41.4404
41.4447
41.4493
41.4542
41.4596
41.4641
41.4688
41.4734
41.4774
41.4821
41.4867
41.4912
41.4957
41.5003
41.5047
41.5088
41.5136
41.518
41.5226
41.5269
41.5311
41.5355
41.5405
41.545
41.5489
41.5536
41.5584
41.5628
41.5675
41.5726
41.577
41.5811
41.5857
41.5902
41.5946
41.5992
41.6033
41.608
41.6128
41.6172
41.6219
41.6263
41.6304
41.6348
41.6396
41.6443
41.6489
41.6541
41.6591
41.6645
41.669
41.6741
41.6781
41.6824
41.6869
41.6921
41.6965
41.7007
41.705
41.7094
41.7137
41.7185
41.7227
41.7269
41.7312
41.736
41.7405
41.7452
41.7496
41.7538
41.7582
41.762
41.7668
41.7712
41.7756
41.7802
41.7846
41.7888
41.7932
41.7979
41.8023
41.8071
41.8115
41.8165
41.8207
41.8248
41.8295
41.8339
41.8383
41.8426
41.8469
41.8516
41.8561
41.8605
41.8651
41.8696
41.8745
41.8795
41.8839
41.8881
41.8926
41.8973
41.9016
41.9057
41.9102
41.9146
41.9194
41.9233
41.9277
41.9324
41.937
41.9418
41.9467
41.9513
41.9551
41.9595
41.9634
41.9679
41.9722
41.9764
41.9807
41.9853
41.9892
41.9933
41.9976
42.0018
42.0063
42.0106
42.0149
42.0189
42.0233
42.0275
42.0319
42.0364
42.0406
42.0452
42.0493
42.0543
42.0591
42.0635
42.0686
42.0732
42.0772
42.0813
42.0863
42.0906
42.0952
42.0994
42.1035
42.1078
42.1124
42.1171
42.1212
42.1256
42.1298
42.1343
42.1385
42.1427
42.1473
42.1515
42.1555
42.1596
42.1638
42.1679
42.1723
42.1771
42.1816
42.1856
42.1893
42.1934
42.1976
42.202
42.2064
42.2113
42.2163
42.2202
42.2246
42.2288
42.2327
42.2377
42.2419
42.2466
42.2512
42.2549
42.2596
42.2639
42.2682
42.2724
42.277
42.281
42.2854
42.2898
42.294
42.2986
42.3027
42.3069
42.3114
42.3154
42.3196
42.3243
42.3289
42.3334
42.3378
42.3421
42.3469
42.3513
42.3554
42.3604
42.3647
42.3693
42.3738
42.378
42.3825
42.387
42.3911
42.3953
42.3999
42.4043
42.4085
42.4136
42.4181
42.4222
42.4267
42.4308
42.4347
42.4388
42.443
42.4472
42.4518
42.4567
42.4603
42.4647
42.4693
42.4735
42.4777
42.4824
42.4865
42.4911
42.4956
42.5
42.5039
42.5085
42.5128
42.5166
42.5209
42.5253
42.5293
42.5339
42.5383
42.5426
42.5465
42.5506
42.5556
42.5601
42.5644
42.5689
42.5732
42.5772
42.5812
42.5855
42.5895
42.5942
42.5978
42.6018
42.6061
42.6106
42.6144
42.6187
42.6226
42.627
42.6315
42.6356
42.6399
42.644
42.6485
42.6528
42.6572
42.6614
42.6652
42.6697
42.6741
42.6783
42.6825
42.6864
42.691
42.6956
42.7
42.704
42.709
42.7134
42.7178
42.7221
42.7262
42.7302
42.7343
42.7388
42.7428
42.7469
42.7507
42.7547
42.7594
42.7639
42.7682
42.7723
42.7764
42.7808
42.7848
42.7893
42.7941
42.7986
42.8028
42.807
42.8113
42.8156
42.8197
42.8243
42.8286
42.8328
42.8363
42.8404
42.845
42.8494
42.8535
42.8583
42.8627
42.8673
42.8716
42.8759
42.8801
42.8841
42.8883
42.8925
42.8968
42.901
42.9054
42.9102
42.9152
42.919
42.9231
42.927
42.9311
42.936
42.94
42.9437
42.948
42.9523
42.9565
42.9605
42.9651
42.9693
42.9742
42.9783
42.9824
42.9867
42.9911
42.9953
42.9996
43.0036
43.0079
43.0124
43.0169
43.0213
43.0257
43.0305
43.0345
43.0391
43.0433
43.0476
43.0523
43.0566
43.0606
43.0653
43.0691
43.0731
43.0766
43.0811
43.0856
43.0896
43.094
43.0979
43.1018
43.1057
43.1104
43.115
43.1192
43.1231
43.127
43.131
43.135
43.1395
43.1442
43.1487
43.1533
43.1576
43.1617
43.1661
43.1698
43.174
43.178
43.1822
43.186
43.1902
43.1943
43.1984
43.2027
43.2064
43.2109
43.2152
43.2191
43.2232
43.2274
43.2319
43.2357
43.2397
43.2441
43.2481
43.2525
43.2566
43.261
43.2651
43.2692
43.2736
43.278
43.2825
43.2868
43.2915
43.2953
43.299
43.3027
43.3072
43.3111
43.3149
43.319
43.3234
43.3275
43.3324
43.3369
43.3411
43.3452
43.3489
43.3533
43.358
43.3622
43.3666
43.3708
43.375
43.3792
43.384
43.388
43.3921
43.3964
43.4007
43.4045
43.4085
43.4128
43.4174
43.4215
43.4255
43.4305
43.4345
43.4386
43.4425
43.4463
43.4504
43.4545
43.4586
43.463
43.4671
43.4715
43.4753
43.4791
43.4828
43.4872
43.491
43.4954
43.4993
43.503
43.5072
43.511
43.5151
43.5189
43.5232
43.5274
43.5319
43.536
43.5408
43.545
43.5492
43.5534
43.5574
43.5614
43.5651
43.5692
43.573
43.5769
43.5812
43.5852
43.5888
43.5926
43.5964
43.6005
43.6046
43.6087
43.6133
43.6174
43.622
43.6265
43.6306
43.6352
43.639
43.6431
43.6468
43.6508
43.6552
43.6588
43.6629
43.6669
43.6712
43.6756
43.6798
43.6837
43.6878
43.6915
43.6956
43.6998
43.7042
43.7084
43.7125
43.7164
43.7209
43.7253
43.7292
43.7336
43.7378
43.7419
43.7459
43.7503
43.7545
43.7584
43.7633
43.7675
43.7712
43.7755
43.7797
43.7834
43.7872
43.7915
43.7954
43.7996
43.8033
43.807
43.8107
43.8152
43.8194
43.8236
43.8272
43.8315
43.836
43.8404
43.8445
43.8482
43.852
43.8562
43.8603
43.8646
43.8693
43.8735
43.8776
43.8818
43.8858
43.89
43.8946
43.8991
43.9032
43.9073
43.9114
43.9151
43.9192
43.9232
43.9276
43.9315
43.9356
43.9402
43.9436
43.9476
43.9517
43.9559
43.9598
43.9636
43.9676
43.9723
43.9763
43.981
43.9852
43.9889
43.9933
43.9972
44.0016
44.0053
44.0096
44.0139
44.0177
44.0218
44.0262
44.0301
44.034
44.0381
44.0428
44.0467
44.0508
44.0548
44.059
44.0629
44.0669
44.0705
44.0746
44.0787
44.0828
44.0866
44.0909
44.0954
44.1
44.1042
44.1079
44.1117
44.116
44.1203
44.1237
44.128
44.1322
44.1368
44.1405
44.1446
44.1488
44.1527
44.1565
44.1605
44.1646
44.1685
44.1728
44.1771
44.1811
44.1853
44.1894
44.1932
44.1975
44.2014
44.2052
44.2093
44.2133
44.2171
44.2211
44.2252
44.229
44.2327
44.2364
44.2405
44.2442
44.2487
44.2523
44.2561
44.2597
44.2639
44.2682
44.2724
44.2762
44.2808
44.285
44.2893
44.2935
44.2976
44.3016
44.3057
44.31
44.3142
44.3179
44.322
44.3261
44.3303
44.3345
44.3387
44.3425
44.3467
44.3509
44.3553
44.3594
44.3634
44.3671
44.3711
44.3752
44.3793
44.3828
44.3866
44.3913
44.3956
44.3993
44.4035
44.4078
44.4114
44.4152
44.4191
44.423
44.4265
44.4309
44.4348
44.4383
44.4424
44.447
44.451
44.455
44.4591
44.4625
44.4667
44.4708
44.4754
44.4798
44.4842
44.4882
44.4916
44.4955
44.4992
44.5037
44.5079
44.512
44.516
44.5197
44.5236
44.5277
44.5318
44.5361
44.5397
44.5435
44.5476
44.5517
44.5559
44.5597
44.5632
44.5669
44.5714
44.5752
44.5794
44.5836
44.5876
44.5916
44.596
44.6002
44.6045
44.6085
44.6122
44.6161
44.6197
44.6238
44.6277
44.6319
44.6359
44.6399
44.6439
44.6482
44.6524
44.6563
44.6606
44.6643
44.6682
44.6719
44.6758
44.6796
44.6839
44.6881
44.6921
44.696
44.6998
44.7037
44.708
44.7117
44.7161
44.7203
44.724
44.7277
44.7313
44.7354
44.7393
44.7432
44.7474
44.7524
44.7566
44.7609
44.7653
44.7692
44.7734
44.7779
44.7818
44.7858
44.7899
44.7944
44.7985
44.8027
44.8064
44.8103
44.8142
44.8183
44.8223
44.8266
44.8306
44.835
44.839
44.843
44.8473
44.8512
44.8551
44.859
44.8626
44.8665
44.8706
44.8749
44.8789
44.8835
44.8874
44.8916
44.8957
44.8996
44.9034
44.9075
44.9113
44.9157
44.9195
44.9233
44.9274
44.9315
44.9355
44.9396
44.9435
44.9476
44.9513
44.9549
44.9596
44.9634
44.9674
44.9714
44.9753
44.9794
44.9833
44.9877
44.9917
44.9962
45.0005
45.0046
45.0085
45.0126
45.0162
45.0199
45.0242
45.0283
45.0319
45.0364
45.0403
45.0442
45.0481
45.0519
45.0565
45.0603
45.0639
45.0677
45.0714
45.0749
45.0788
45.083
45.0869
45.0909
45.095
45.0995
45.104
45.1075
45.1115
45.1154
45.1202
45.1242
45.1282
45.1321
45.1359
45.1402
45.1445
45.148
45.1521
45.156
45.16
45.1647
45.1688
45.1733
45.1778
45.1818
45.1855
45.1895
45.1936
45.198
45.2021
45.2062
45.2101
45.2141
45.2184
45.2226
45.2269
45.2309
45.235
45.2394
45.243
45.247
45.2506
45.2547
45.2592
45.2636
45.2683
45.2723
45.2762
45.2804
45.2841
45.2881
45.2919
45.2955
45.299
45.3029
45.307
45.3111
45.3147
45.3184
45.3231
45.3269
45.3307
45.3345
45.3381
45.3421
45.3457
45.3503
45.3544
45.3586
45.3629
45.3663
45.3708
45.3747
45.3791
45.3829
45.3868
45.3904
45.3944
45.3983
45.4026
45.4065
45.4106
45.4146
45.4184
45.4224
45.4267
45.4304
45.4343
45.4382
45.4423
45.4461
45.4505
45.4549
45.4592
45.4631
45.4679
45.472
45.4757
45.4797
45.4835
45.4875
45.4914
45.4954
45.5002
45.5041
45.5075
45.5117
45.5156
45.5194
45.5239
45.5282
45.5325
45.5364
45.54
45.5437
45.5479
45.5515
45.5556
45.5598
45.5639
45.5682
45.5721
45.5763
45.5802
45.5838
45.5875
45.5916
45.5961
45.6002
45.6038
45.6081
45.6119
45.6163
45.6207
45.6246
45.629
45.6328
45.6368
45.6409
45.645
45.6495
45.6537
45.6581
45.6621
45.6662
45.6697
45.6737
45.6776
45.6814
45.6855
45.6894
45.6935
45.6972
45.7014
45.7052
45.7089
45.713
45.7177
45.7216
45.7261
45.7301
45.7344
45.7385
45.7425
45.7468
45.7513
45.7557
45.7595
45.7631
45.7671
45.7712
45.775
45.7791
45.7833
45.7872
45.7913
45.7948
45.7989
45.8033
45.8074
45.8113
45.8154
45.8196
45.8232
45.8277
45.8319
45.8363
45.8405
45.8451
45.8492
45.8536
45.8574
45.8621
45.8663
45.8703
45.8743
45.8788
45.883
45.887
45.8914
45.8956
45.8997
45.9038
45.9074
45.9115
45.9159
45.9202
45.9242
45.9279
45.9318
45.936
45.9397
45.9441
45.9478
45.952
45.9561
45.96
45.9642
45.9684
45.9725
45.9762
45.98
45.9841
45.9889
45.9933
45.997
46.0011
46.0046
46.009
46.0131
46.0175
46.0217
46.0261
46.0306
46.0352
46.0392
46.0433
46.0474
46.0516
46.0562
46.0602
46.0645
46.0685
46.0725
46.0769
46.0811
46.0849
46.0889
46.0931
46.097
46.1009
46.1049
46.1086
46.1133
46.1175
46.1219
46.1264
46.1303
46.134
46.138
46.1424
46.1462
46.1502
46.1539
46.1582
46.1622
46.167
46.1712
46.1752
46.1796
46.1838
46.1879
46.1927
46.1968
46.2015
46.2065
46.2105
46.2145
46.2187
46.2229
46.2273
46.2314
46.2356
46.2402
46.2444
46.2484
46.2526
46.2568
46.2611
46.265
46.2694
46.2741
46.2785
46.2824
46.2868
46.2907
46.295
46.2995
46.3038
46.3085
46.3129
46.3174
46.3216
46.3255
46.3298
46.3338
46.3377
46.3419
46.3461
46.3511
46.3552
46.3592
46.3637
46.3682
46.3722
46.3767
46.3809
46.385
46.3893
46.3931
46.397
46.4005
46.4053
46.4097
46.4135
46.4177
46.4219
46.4263
46.4307
46.4357
46.4393
46.4437
46.448
46.4519
46.4558
46.4601
46.4644
46.4683
46.4728
46.4773
46.4816
46.4855
46.4896
46.4936
46.4975
46.5018
46.5055
46.5102
46.5147
46.5189
46.524
46.5281
46.5322
46.5366
46.5411
46.5456
46.5495
46.554
46.5581
46.5622
46.5667
46.5708
46.5744
46.5784
46.5823
46.5865
46.5903
46.5945
46.5994
46.6036
46.6074
46.6122
46.6161
46.6211
46.6251
46.6296
46.6337
46.6382
46.6424
46.6468
46.6507
46.6547
46.659
46.6634
46.6675
46.6718
46.676
46.6806
46.6847
46.6888
46.6929
46.6966
46.7005
46.7048
46.7091
46.7135
46.7169
46.7212
46.7256
46.7299
46.734
46.7382
46.7419
46.7466
46.751
46.7557
46.7603
46.7643
46.7687
46.7733
46.777
46.7813
46.7858
46.7905
46.7947
46.799
46.8036
46.8086
46.8129
46.8169
46.8211
46.8251
46.8299
46.8347
46.8391
46.8434
46.8479
46.8519
46.8565
46.8605
46.8648
46.8688
46.8735
46.8779
46.8828
46.8869
46.8914
46.8957
46.9004
46.9048
46.909
46.9142
46.9187
46.9229
46.9272
46.9313
46.9355
46.9394
46.9432
46.9474
46.952
46.9561
46.9601
46.9643
46.9686
46.9727
46.9777
46.9822
46.9869
46.9912
46.9954
46.9995
47.0041
47.0086
47.0135
47.0178
47.022
47.0263
47.031
47.0356
47.0405
47.0451
47.0501
47.0543
47.0586
47.0629
47.0671
47.071
47.0752
47.0799
47.0846
47.0885
47.0929
47.0973
47.1011
47.1052
47.1095
47.1142
47.1186
47.1231
47.1281
47.1323
47.1368
47.1413
47.1457
47.1498
47.1548
47.1593
47.1637
47.1684
47.1724
47.1765
47.1811
47.1858
47.1901
47.1948
47.1993
47.2034
47.2074
47.212
47.2167
47.2211
47.2256
47.2299
47.2344
47.2394
47.2439
47.2489
47.2532
47.2573
47.2621
47.2669
47.2707
47.2756
47.2797
47.2845
47.2889
47.2932
47.2972
47.3017
47.3062
47.3106
47.3154
47.3201
47.3241
47.3287
47.3336
47.3381
47.3421
47.3463
47.3509
47.3558
47.3601
47.3653
47.3697
47.3745
47.3793
47.3844
47.389
47.3935
47.398
47.4025
47.4069
47.4112
47.4155
47.4198
47.4248
47.4295
47.4337
47.4382
47.4424
47.4474
47.4514
47.4553
47.4597
47.4644
47.4692
47.4743
47.4793
47.4838
47.4884
47.493
47.498
47.502
47.5065
47.5116
47.5167
47.5216
47.5264
47.5314
47.5359
47.5407
47.545
47.5493
47.5535
47.5579
47.5619
47.5661
47.5702
47.5745
47.5789
47.584
47.5888
47.5937
47.5986
47.6034
47.6078
47.6119
47.6173
47.6219
47.6268
47.6316
47.6356
47.6403
47.6444
47.6488
47.6526
47.6572
47.6618
47.6661
47.6702
47.6748
47.6789
47.683
47.6869
47.6914
47.6956
47.7
47.7049
47.7093
47.7137
47.7182
47.7227
47.7271
47.732
47.736
47.7409
47.7455
47.7498
47.7541
47.7589
47.7631
47.7682
47.7727
47.7773
47.7815
47.7866
47.7917
47.797
47.8015
47.8063
47.8115
47.8163
47.8215
47.8263
47.8311
47.836
47.8409
47.8454
47.8503
47.8549
47.8595
47.8642
47.8689
47.8737
47.8785
47.8835
47.8887
47.8928
47.8978
47.9023
47.9073
47.9116
47.9164
47.9215
47.9264
47.931
47.9361
47.9408
47.9451
47.9498
47.9545
47.9595
47.9647
47.9695
47.9741
47.979
47.9831
47.9877
47.9925
47.9975
48.0023
48.007
48.0118
48.0163
48.0212
48.0258
48.0307
48.0354
48.0402
48.0453
48.0506
48.0551
48.0596
48.0645
48.0699
48.0742
48.0792
48.0838
48.0886
48.0935
48.0983
48.1025
48.1071
48.1123
48.1172
48.1217
48.1264
48.131
48.1359
48.1403
48.1448
48.1499
48.1545
48.159
48.1641
48.1686
48.1734
48.1776
48.1828
48.1877
48.1926
48.1973
48.2025
48.207
48.2118
48.217
48.2221
48.2266
48.2312
48.236
48.2405
48.2452
48.2496
48.254
48.2588
48.2633
48.2675
48.2731
48.2778
48.2824
48.2872
48.2913
48.297
48.3013
48.306
48.3106
48.3149
48.3198
48.3244
48.3295
48.3344
48.339
48.3441
48.3488
48.3538
48.3584
48.363
48.3681
48.3729
48.378
48.3827
48.388
48.3925
48.3975
48.402
48.4064
48.4113
48.4164
48.4216
48.4261
48.4305
48.4348
48.4396
48.4442
48.4492
48.454
48.4595
48.4649
48.4696
48.474
48.4787
48.4832
48.4881
48.4932
48.4982
48.5025
48.5078
48.5125
48.5175
48.5223
48.527
48.5312
48.5363
48.541
48.5453
48.5499
48.5552
48.5605
48.5654
48.5703
48.5747
48.5797
48.5849
48.5897
48.5946
48.5999
48.6053
48.6094
48.6141
48.6185
48.6239
48.6284
48.6337
48.639
48.6446
48.6495
48.6542
48.6595
48.6645
48.6696
48.6744
48.6795
48.6842
48.6891
48.6943
48.6991
48.7045
48.7093
48.7139
48.7185
48.7239
48.7287
48.7339
48.7382
48.7435
48.7488
48.7536
48.7584
48.7639
48.7693
48.774
48.7791
48.7841
48.7887
48.7936
48.7988
48.8041
48.809
48.8141
48.8193
48.8245
48.8291
48.8339
48.8387
48.8439
48.8494
48.8542
48.8596
48.8645
48.8699
48.8747
48.8799
48.8845
48.8895
48.8943
48.8993
48.9038
48.9088
48.9141
48.9189
48.9243
48.9302
48.9358
48.9406
48.9455
48.9514
48.9571
48.9623
48.9677
48.9733
48.9784
48.9834
48.9883
48.9938
48.9987
49.0036
49.009
49.015
49.0203
49.0256
49.0305
49.0354
49.0405
49.0457
49.0511
49.0563
49.0615
49.0663
49.0712
49.0756
49.0808
49.0853
49.0907
49.0956
49.1011
49.1063
49.1115
49.1172
49.1223
49.1278
49.1328
49.1384
49.1437
49.1483
49.1531
49.1591
49.1643
49.1699
49.1747
49.1803
49.1855
49.19
49.1951
49.1997
49.2045
49.2096
49.2147
49.22
49.2254
49.2308
49.2358
49.2408
49.2458
49.2504
49.2557
49.2607
49.266
49.2717
49.2763
49.2807
49.2862
49.2912
49.2963
49.3018
49.3061
49.3114
49.3166
49.3223
49.3269
49.3314
49.3359
49.3416
49.3465
49.3521
49.3572
49.3623
49.3675
49.3727
49.3779
49.3833
49.3888
49.3941
49.3991
49.405
49.4097
49.4154
49.4202
49.4259
49.4321
49.4377
49.4429
49.4483
49.4531
49.458
49.463
49.4684
49.4742
49.4796
49.4854
49.4918
49.4965
49.5015
49.507
49.5125
49.5169
49.522
49.5272
49.5324
49.5379
49.5432
49.5488
49.5544
49.5599
49.5652
49.5698
49.5757
49.5807
49.5867
49.5926
49.5979
49.6032
49.608
49.6138
49.6194
49.625
49.6304
49.6361
49.6419
49.6472
49.6526
49.6581
49.6626
49.6678
49.6731
49.6786
49.6834
49.6888
49.6946
49.7002
49.7061
49.7116
49.7173
49.723
49.7292
49.7345
49.7395
49.745
49.7497
49.7546
49.7604
49.7656
49.7711
49.7762
49.7811
49.7866
49.7927
49.7985
49.8041
49.8104
49.8161
49.8215
49.8268
49.832
49.8369
49.8425
49.8484
49.8535
49.8585
49.8645
49.8701
49.8754
49.8809
49.886
49.8912
49.8972
49.9029
49.9083
49.9138
49.919
49.9244
49.9306
49.9361
49.9416
49.9473
49.9525
49.9592
49.9649
49.9702
49.976
49.9821
49.9875
49.9938
49.9991
50.0048
50.0097
50.0152
50.0204
50.0264
50.0321
50.038
50.0435
50.0496
50.0553
50.0612
50.067
50.0724
50.0777
50.0836
50.0894
50.0946
50.1001
50.1057
50.1113
50.117
50.1225
50.1277
50.1325
50.1379
50.1433
50.149
50.1549
50.1598
50.1646
50.17
50.1758
50.1817
50.1874
50.1932
50.1986
50.2042
50.2098
50.2154
50.2211
50.2271
50.2325
50.2383
50.2436
50.249
50.2549
50.2614
50.2669
50.273
50.2782
50.2838
50.2897
50.2958
50.3018
50.3077
50.3134
50.3195
50.3247
50.3303
50.3358
50.342
50.348
50.3534
50.3592
50.3654
50.3712
50.377
50.3834
50.3891
50.3948
50.3999
50.4059
50.4116
50.4169
50.4227
50.4284
50.4342
50.4396
50.4453
50.4513
50.457
50.4637
50.469
50.4748
50.4812
50.4873
50.4931
50.4988
50.5045
50.5098
50.5157
50.5211
50.5269
50.533
50.5394
50.5452
50.5508
50.5564
50.5616
50.5681
50.574
50.5799
50.5858
50.5923
50.5976
50.6037
50.6095
50.6156
50.6214
50.6275
50.6334
50.6392
50.645
50.6502
50.6558
50.6623
50.6685
50.675
50.6809
50.6867
50.6922
50.6979
50.704
50.7104
50.7159
50.7219
50.7281
50.734
50.74
50.7466
50.753
50.7587
50.7648
50.7709
50.7768
50.7825
50.7882
50.7943
50.8002
50.8061
50.8123
50.8184
50.8238
50.83
50.8365
50.8424
50.8482
50.8545
50.8602
50.8665
50.8727
50.8785
50.8845
50.8914
50.8975
50.9031
50.9091
50.9155
50.9217
50.9273
50.9337
50.9399
50.9462
50.9521
50.9581
50.9642
50.9695
50.9751
50.9815
50.9878
50.9947
51.0003
51.0065
51.0125
51.0183
51.0241
51.0297
51.0358
51.0415
51.0469
51.053
51.0589
51.0658
51.0722
51.0781
51.0844
51.0903
51.0968
51.1032
51.1093
51.1158
51.1217
51.1279
51.1337
51.1398
51.1455
51.1516
51.1577
51.1632
51.1696
51.1752
51.181
51.1874
51.1943
51.2006
51.2067
51.2131
51.2193
51.2258
51.2316
51.2379
51.2438
51.2496
51.2561
51.2623
51.2681
51.2746
51.2814
51.2868
51.2928
51.2992
51.3055
51.3121
51.3185
51.3248
51.3318
51.3381
51.3443
51.3508
51.3576
51.3642
51.3712
51.3774
51.3838
51.3898
51.396
51.4021
51.4088
51.4156
51.4225
51.4286
51.4355
51.4422
51.4498
51.4567
51.4624
51.4696
51.4758
51.4815
51.4872
51.4933
51.4992
51.5057
51.5128
51.5191
51.5253
51.5313
51.5376
51.5438
51.5495
51.5555
51.5622
51.5691
51.5757
51.5823
51.5887
51.5946
51.6009
51.6074
51.6142
51.6202
51.6265
51.6329
51.6393
51.6466
51.6527
51.6591
51.6656
51.6724
51.6793
51.6871
51.6937
51.7003
51.7063
51.7122
51.7189
51.725
51.732
51.7391
51.7465
51.7533
51.7596
51.766
51.7722
51.7783
51.7843
51.7912
51.798
51.8037
51.8098
51.8158
51.8214
51.8278
51.8344
51.8404
51.8476
51.8545
51.8612
51.8678
51.8744
51.8811
51.8878
51.8942
51.9011
51.9076
51.9139
51.9209
51.928
51.935
51.9414
51.9484
51.9554
51.9619
51.9687
51.9754
51.9814
51.9875
51.9943
52.0006
52.0068
52.0146
52.0207
52.0277
52.0342
52.0414
52.0482
52.0543
52.0611
52.0678
52.0745
52.0815
52.0882
52.0941
52.1004
52.1071
52.114
52.1213
52.1279
52.1343
52.1409
52.1473
52.1543
52.1618
52.1687
52.175
52.1815
52.188
52.1949
52.2019
52.208
52.2153
52.2226
52.2298
52.237
52.2439
52.25
52.2575
52.2646
52.2711
52.2774
52.2844
52.2909
52.2977
52.3047
52.312
52.3189
52.3254
52.3322
52.3392
52.3461
52.3534
52.3598
52.3671
52.3737
52.3805
52.3873
52.394
52.4007
52.4075
52.4139
52.4218
52.429
52.436
52.4422
52.4497
52.4565
52.463
52.4695
52.4765
52.4831
52.4907
52.498
52.5046
52.5121
52.5184
52.5262
52.5337
52.5409
52.5481
52.5557
52.5625
52.5695
52.5758
52.5822
52.5899
52.5967
52.6039
52.6103
52.6178
52.6247
52.6319
52.639
52.6465
52.6541
52.6606
52.668
52.6747
52.6817
52.6883
52.6951
52.7029
52.7093
52.7163
52.7227
52.7304
52.737
52.7445
52.751
52.758
52.7656
52.7733
52.781
52.7871
52.7943
52.8007
52.8079
52.8152
52.8221
52.8294
52.8371
52.8441
52.8514
52.8588
52.8667
52.8749
52.8825
52.8898
52.8968
52.9041
52.9116
52.9192
52.9257
52.9323
52.9397
52.9478
52.9551
52.962
52.9701
52.9766
52.9848
52.9919
52.9992
53.0068
53.0142
53.0216
53.0285
53.0362
53.044
53.0512
53.0587
53.0661
53.0742
53.0812
53.0882
53.0956
53.1033
53.1105
53.1173
53.1241
53.1309
53.1384
53.1461
53.1534
53.1598
53.1674
53.1759
53.1842
53.191
53.1985
53.2067
53.2139
53.2215
53.2291
53.2366
53.2444
53.2523
53.2607
53.2679
53.275
53.2833
53.2911
53.2988
53.3059
53.3141
53.3224
53.329
53.3363
53.3444
53.3518
53.3594
53.368
53.3761
53.3848
53.3922
53.3992
53.4068
53.4131
53.4208
53.4282
53.4353
53.443
53.4494
53.4574
53.4645
53.4728
53.4807
53.4883
53.4959
53.5041
53.5117
53.5195
53.527
53.5346
53.5422
53.5496
53.5579
53.5654
53.5725
53.5799
53.5875
53.5951
53.6024
53.6099
53.6176
53.6259
53.6332
53.6412
53.6494
53.6575
53.6656
53.6736
53.6811
53.6889
53.6965
53.7046
53.7133
53.721
53.7294
53.7368
53.7456
53.7544
53.7625
53.7712
53.78
53.7885
53.7966
53.8061
53.814
53.8227
53.8313
53.8396
53.8476
53.8559
53.8634
53.8716
53.8794
53.8874
53.8956
53.9034
53.9111
53.9179
53.9253
53.934
53.9424
53.9492
53.9568
53.9636
53.9709
53.979
53.9875
53.996
54.0043
54.0128
54.0204
54.0292
54.0366
54.0447
54.0529
54.0607
54.069
54.0776
54.0853
54.0934
54.1013
54.1092
54.1162
54.1241
54.133
54.1419
54.1494
54.1577
54.1661
54.1745
54.183
54.1926
54.2003
54.21
54.2178
54.2254
54.2348
54.243
54.2525
54.2605
54.2684
54.2768
54.2847
54.2936
54.3019
54.3098
54.3171
54.326
54.3346
54.3436
54.3521
54.36
54.3689
54.3766
54.386
54.3952
54.4042
54.412
54.4206
54.4294
54.4374
54.4455
54.4552
54.4635
54.4719
54.4806
54.4895
54.4976
54.5066
54.5146
54.5237
54.532
54.5405
54.5485
54.5575
54.5655
54.5746
54.5842
54.5926
54.6012
54.6096
54.6188
54.6278
54.6369
54.6449
54.654
54.6632
54.6722
54.6813
54.6894
54.6985
54.7065
54.7155
54.7243
54.7328
54.7422
54.7521
54.7605
54.7687
54.7786
54.787
54.796
54.8052
54.8148
54.8234
54.8329
54.8418
54.8504
54.8592
54.867
54.8766
54.8855
54.8947
54.9036
54.9128
54.9219
54.931
54.94
54.9489
54.9581
54.9669
54.9756
54.9852
54.9935
55.0037
55.0117
55.0212
55.0302
55.039
55.0478
55.057
55.0652
55.0744
55.0848
55.0938
55.1019
55.1101
55.1196
55.1282
55.1378
55.1473
55.1561
55.164
55.1724
55.183
55.1916
55.2016
55.2103
55.2204
55.2299
55.2389
55.2489
55.2583
55.2685
55.2779
55.2869
55.2967
55.3062
55.3157
55.3245
55.335
55.3442
55.3524
55.3616
55.3712
55.3807
55.3897
55.3987
55.4081
55.4174
55.4278
55.4359
55.4447
55.4536
55.4634
55.4723
55.4807
55.49
55.4991
55.5082
55.5185
55.5277
55.5376
55.5463
55.5547
55.5634
55.5731
55.5836
55.593
55.6022
55.6131
55.6221
55.6321
55.6408
55.6507
55.6601
55.6701
55.6806
55.6911
55.7015
55.7112
55.7205
55.7301
55.7396
55.7496
55.7593
55.7687
55.7788
55.7895
55.7986
55.8089
55.818
55.8279
55.8367
55.8465
55.8569
55.8682
55.8784
55.8885
55.899
55.9084
55.9184
55.9281
55.937
55.9477
55.9585
55.9691
55.9804
55.9923
56.002
56.0128
56.0222
56.0329
56.0428
56.0528
56.0633
56.0731
56.0828
56.0924
56.1031
56.1154
56.1265
56.1365
56.1469
56.1573
56.1663
56.1758
56.1865
56.1967
56.207
56.2186
56.2291
56.2393
56.2485
56.2579
56.2684
56.2787
56.2894
56.2991
56.3091
56.3186
56.3292
56.3398
56.3498
56.3587
56.3678
56.378
56.3893
56.3995
56.4109
56.4201
56.4295
56.4406
56.4525
56.4633
56.4731
56.4847
56.4971
56.5073
56.5182
56.5297
56.5409
56.5525
56.5635
56.5732
56.5843
56.5944
56.6056
56.6153
56.6246
56.6346
56.6463
56.6562
56.6677
56.6775
56.6903
56.7019
56.713
56.7234
56.7345
56.745
56.7558
56.7667
56.7784
56.7894
56.8005
56.8114
56.8221
56.8327
56.8435
56.8543
56.8656
56.8767
56.8877
56.8998
56.911
56.9222
56.9329
56.9442
56.9565
56.9677
56.9777
56.9887
57.0005
57.0125
57.0241
57.0359
57.0494
57.0604
57.071
57.083
57.094
57.1051
57.1168
57.129
57.142
57.1535
57.1657
57.1761
57.1878
57.1991
57.2112
57.2217
57.2333
57.246
57.2589
57.2706
57.2834
57.2956
57.3099
57.3211
57.3338
57.3456
57.3577
57.369
57.3801
57.3933
57.4039
57.4172
57.4295
57.4418
57.4528
57.4646
57.4778
57.4898
57.5024
57.5144
57.5277
57.5407
57.5535
57.5664
57.5787
57.5916
57.6032
57.6153
57.6272
57.6386
57.6507
57.6636
57.675
57.6885
57.7019
57.7153
57.7282
57.7418
57.7541
57.7662
57.7789
57.7916
57.8057
57.8181
57.8322
57.8473
57.862
57.8749
57.8888
57.9024
57.9168
57.9303
57.9449
57.9588
57.9704
57.9835
57.9975
58.0109
58.0241
58.0376
58.0504
58.0636
58.0773
58.0912
58.1035
58.1176
58.1319
58.1447
58.1603
58.1741
58.1891
58.2017
58.2175
58.2318
58.2454
58.2577
58.2731
58.2863
58.3011
58.3154
58.3303
58.3429
58.3567
58.3702
58.3847
58.4007
58.4166
58.4314
58.4452
58.4595
58.4732
58.4876
58.503
58.5185
58.5333
58.5469
58.5615
58.5772
58.5941
58.61
58.6267
58.6441
58.658
58.6721
58.6879
58.7036
58.7196
58.7346
58.7487
58.7629
58.7793
58.7938
58.8103
58.8275
58.8443
58.8602
58.8762
58.8902
58.906
58.9198
58.9368
58.9533
58.9702
58.9854
59.0034
59.0185
59.0338
59.0503
59.0671
59.0828
59.0984
59.1149
59.1315
59.1463
59.1624
59.1804
59.196
59.213
59.2305
59.248
59.2668
59.2859
59.3054
59.3249
59.3413
59.3601
59.3788
59.3978
59.4162
59.4329
59.4474
59.4686
59.4887
59.5048
59.5217
59.5399
59.5593
59.578
59.594
59.6126
59.6294
59.6502
59.6714
59.6887
59.7077
59.7243
59.7433
59.7633
59.7827
59.8033
59.8236
59.8428
59.8623
59.8815
59.9039
59.9228
59.9403
59.9593
59.9808
60.0028
60.0234
60.0451
60.0655
60.0877
60.1072
60.1279
60.15
60.1714
60.1955
60.2184
60.2402
60.2651
60.2877
60.309
60.3303
60.3525
60.3738
60.3991
60.4194
60.4426
60.4656
60.4881
60.5108
60.5358
60.557
60.579
60.6046
60.6272
60.6482
60.6713
60.6978
60.7206
60.7455
60.771
60.7962
60.8252
60.8501
60.8765
60.9025
60.927
60.9537
60.9795
61.0072
61.0359
61.062
61.0897
61.1158
61.1431
61.1727
61.2024
61.2328
61.2614
61.291
61.3185
61.3481
61.3715
61.4027
61.4316
61.4592
61.4942
61.5269
61.5589
61.5863
61.6195
61.6519
61.6845
61.7196
61.7537
61.7889
61.8281
61.8623
61.8938
61.9305
61.9712
62.008
62.0432
62.084
62.1217
62.1612
62.1961
62.237
62.2758
62.3231
62.3659
62.4115
62.452
62.4943
62.5347
62.5761
62.6182
62.6645
62.7077
62.7574
62.8025
62.8508
62.8998
62.9549
63.0086
63.0674
63.1248
63.173
63.2328
63.2921
63.353
63.4244
63.4896
63.5568
63.6224
63.6906
63.7608
63.8334
63.9037
63.9848
64.058
64.1413
64.2211
64.3013
64.3776
64.471
64.5673
64.6608
64.7556
64.8662
64.9695
65.0838
65.1927
65.3109
65.448
65.5769
65.7149
65.8445
65.9855
66.1554
66.3514
66.5511
66.7661
66.9707
67.1847
67.449
67.7404
68.1284
68.477
68.9165
69.4813
70.0801
70.9996
72.2774
79.8614
