1
2
2.5
2.83333
3.33333
3.93333
4.76667
5.05238
5.67738
5.8996
7.38401
9.01652
11.6821
15.5542
18.0023
19.7408
21.3883
22.6809
23.7286
24.711
25.4831
26.2239
26.8241
27.4547
27.9756
28.4755
28.9283
29.4376
29.8987
30.2998
30.7329
31.1417
31.5451
31.9498
32.3523
32.7716
33.1635
33.56
33.9502
34.3527
34.7566
35.1858
35.5623
35.9273
36.3359
36.7162
37.083
37.4216
37.7228
38.0665
38.3507
38.6452
38.9253
39.1965
39.445
39.6953
39.9596
40.2035
40.4374
40.6684
40.885
41.1137
41.3264
41.5308
41.7268
41.9479
42.1462
42.3363
42.5531
42.7391
42.916
43.1126
43.2918
43.481
43.6617
43.854
44.0428
44.2403
44.4189
44.6121
44.7923
44.9768
45.1648
45.3386
45.5273
45.703
45.8902
46.0879
46.2701
46.4404
46.6199
46.7994
46.9837
47.1488
47.3221
47.4968
47.6688
47.8456
48.0136
48.1852
48.3619
48.5279
48.6909
48.8567
49.0166
49.1728
49.3306
49.5012
49.6702
49.8302
49.9813
50.1367
50.272
50.4212
50.5627
50.7052
50.8346
50.9683
51.105
51.2434
51.3729
51.4886
51.614
51.746
51.8617
51.9808
52.1024
52.2083
52.3302
52.4499
52.5705
52.6855
52.8022
52.9057
53.0112
53.1182
53.2256
53.3303
53.4248
53.5334
53.6316
53.7279
53.8335
53.9357
54.0352
54.1323
54.2166
54.3092
54.403
54.5033
54.6011
54.6896
54.7858
54.8678
54.9471
55.0433
55.1258
55.2112
55.2879
55.3685
55.4528
55.5323
55.6194
55.7094
55.7845
55.8638
55.9445
56.0259
56.1062
56.1824
56.2614
56.345
56.4236
56.5155
56.5973
56.675
56.7499
56.8245
56.8965
56.9753
57.0432
57.1173
57.1951
57.262
57.3275
57.4006
57.4721
57.5405
57.6145
57.6823
57.7534
57.824
57.9062
57.9719
58.0383
58.1052
58.1714
58.2418
58.3172
58.3851
58.4515
58.5251
58.5932
58.6599
58.7218
58.7909
58.8626
58.9266
58.9995
59.0677
59.1337
59.2002
59.2726
59.3428
59.4126
59.481
59.5439
59.607
59.6735
59.7431
59.8012
59.8673
59.9263
59.9894
60.0555
60.1189
60.1843
60.2495
60.314
60.3807
60.4419
60.5078
60.5698
60.6342
60.7014
60.7571
60.8227
60.8875
60.9537
61.0165
61.0839
61.1483
61.2097
61.273
61.334
61.3935
61.4526
61.5161
61.5803
61.6453
61.7112
61.7793
61.8415
61.9036
61.9651
62.0323
62.0996
62.1679
62.2362
62.3042
62.3619
62.4236
62.4883
62.5537
62.6179
62.68
62.7422
62.8019
62.8683
62.9378
62.9967
63.0586
63.1324
63.1999
63.2656
63.3301
63.3889
63.448
63.5116
63.5773
63.6387
63.6934
63.7574
63.8168
63.8754
63.9383
64.0088
64.068
64.1336
64.1907
64.2516
64.3154
64.3799
64.4347
64.4937
64.5536
64.6152
64.6797
64.7402
64.8013
64.8668
64.9301
64.9948
65.0615
65.1223
65.1834
65.2499
65.3139
65.3742
65.4352
65.4989
65.5596
65.6263
65.6843
65.7429
65.805
65.8636
65.9219
65.9897
66.0513
66.1109
66.1781
66.2418
66.2933
66.3542
66.407
66.468
66.5307
66.594
66.6581
66.7167
66.7733
66.8332
66.8934
66.9508
67.0103
67.0701
67.1305
67.198
67.2519
67.3084
67.3645
67.432
67.4928
67.5454
67.6039
67.6671
67.7271
67.7854
67.8511
67.9101
67.9718
68.0334
68.0908
68.149
68.2082
68.2691
68.321
68.3872
68.4411
68.5041
68.5673
68.6224
68.6751
68.7339
68.7916
68.8554
68.908
68.9636
69.025
69.0807
69.1373
69.1935
69.2448
69.302
69.3649
69.4208
69.4851
69.5465
69.6096
69.6744
69.7408
69.8037
69.8592
69.9202
69.9806
70.041
70.1025
70.1621
70.2215
70.2879
70.3469
70.407
70.467
70.5212
70.5789
70.6441
70.7015
70.7616
70.8273
70.8863
70.9528
71.014
71.0762
71.1364
71.1951
71.2548
71.3181
71.3785
71.4375
71.495
71.5569
71.615
71.6768
71.7421
71.7998
71.8597
71.9228
71.9787
72.0355
72.093
72.1524
72.2101
72.2722
72.3267
72.3845
72.4412
72.4945
72.5484
72.6139
72.6757
72.7396
72.8002
72.8606
72.9196
72.9834
73.0486
73.1095
73.169
73.2328
73.2898
73.3454
73.3996
73.4617
73.5155
73.583
73.6437
73.698
73.7599
73.8215
73.8873
73.9458
74.0048
74.0628
74.1234
74.1813
74.2373
74.2991
74.3706
74.4315
74.4924
74.5493
74.6113
74.6688
74.7301
74.792
74.8479
74.9134
74.9696
75.0228
75.0813
75.1402
75.2037
75.2615
75.3259
75.3874
75.4443
75.5008
75.5616
75.6148
75.6727
75.7321
75.7925
75.8547
75.9184
75.974
76.0331
76.0977
76.1579
76.2189
76.2765
76.3328
76.3942
76.4503
76.5049
76.5661
76.622
76.6802
76.7392
76.7983
76.8547
76.9158
76.9697
77.0289
77.0808
77.1382
77.1954
77.251
77.3096
77.363
77.4133
77.4672
77.5242
77.5839
77.6434
77.7038
77.7579
77.8146
77.8815
77.9344
77.9881
78.0418
78.1013
78.1531
78.2161
78.2668
78.3207
78.3745
78.4374
78.4897
78.5398
78.592
78.6475
78.7014
78.7535
78.8168
78.8728
78.925
78.9774
79.0253
79.0741
79.1277
79.1756
79.2243
79.2822
79.3306
79.3785
79.4358
79.4869
79.5437
79.6007
79.6518
79.7065
79.758
79.8058
79.856
79.903
79.9563
80.0113
80.0602
80.1125
80.1603
80.2134
80.2647
80.3177
80.3659
80.4195
80.4705
80.5209
80.5751
80.6252
80.676
80.7307
80.776
80.8292
80.8775
80.9282
80.9769
81.0278
81.0783
81.1312
81.1802
81.2359
81.2797
81.3274
81.3799
81.4308
81.4786
81.527
81.577
81.6273
81.672
81.7216
81.7645
81.8176
81.8687
81.9162
81.9583
82.0039
82.0551
82.1037
82.153
82.2059
82.251
82.2913
82.339
82.3835
82.4325
82.476
82.5239
82.5697
82.6154
82.6611
82.7092
82.7531
82.7985
82.8452
82.8942
82.9384
82.9828
83.0321
83.076
83.117
83.1586
83.1992
83.2379
83.2854
83.3311
83.3836
83.4275
83.4739
83.5202
83.5604
83.6002
83.6408
83.6867
83.7306
83.7745
83.82
83.8607
83.9013
83.944
83.9826
84.0307
84.0708
84.1086
84.1533
84.1946
84.2321
84.2699
84.3054
84.3445
84.3882
84.4273
84.466
84.5076
84.5498
84.5909
84.6305
84.6713
84.707
84.7481
84.7858
84.8266
84.8649
84.9039
84.9434
84.9848
85.025
85.0623
85.1032
85.1418
85.1832
85.2227
85.2635
85.3029
85.3407
85.3817
85.4179
85.4561
85.494
85.5303
85.5688
85.6036
85.6405
85.6763
85.7112
85.744
85.7797
85.817
85.8562
85.8925
85.9311
85.9691
86.0036
86.0392
86.0757
86.1151
86.1488
86.1875
86.2247
86.2611
86.2992
86.3406
86.3805
86.4256
86.4609
86.4989
86.5333
86.568
86.6023
86.6391
86.6728
86.7118
86.7472
86.779
86.8122
86.8461
86.8814
86.9205
86.9583
86.993
87.0246
87.0611
87.0966
87.1296
87.1632
87.1975
87.2322
87.2671
87.3003
87.3386
87.3692
87.4065
87.4399
87.4756
87.5103
87.5453
87.5825
87.6195
87.6503
87.6826
87.7188
87.7498
87.784
87.8208
87.8571
87.8945
87.9311
87.9645
87.9964
88.031
88.0655
88.101
88.1368
88.1696
88.2014
88.2339
88.2631
88.2928
88.3252
88.3581
88.3945
88.4265
88.458
88.4908
88.5272
88.5605
88.5913
88.6246
88.6593
88.6965
88.7275
88.7581
88.79
88.823
88.8547
88.8898
88.9235
88.9573
88.9921
89.0255
89.0561
89.0877
89.1195
89.1552
89.1889
89.2208
89.2577
89.2881
89.3262
89.356
89.3891
89.421
89.4523
89.4838
89.5155
89.5493
89.5772
89.6126
89.6457
89.6753
89.7083
89.7395
89.7723
89.8068
89.8383
89.8737
89.9021
89.9343
89.969
90.0011
90.0318
90.0616
90.0891
90.1197
90.154
90.1906
90.2209
90.2482
90.2789
90.3092
90.3407
90.3737
90.4074
90.4406
90.4742
90.5042
90.5352
90.5696
90.6041
90.6375
90.6684
90.7029
90.7357
90.769
90.8008
90.8318
90.8682
90.902
90.9294
90.96
90.9909
91.0242
91.056
91.0861
91.1191
91.149
91.1807
91.2143
91.2452
91.2776
91.3094
91.3399
91.3749
91.4059
91.4334
91.4644
91.4975
91.5314
91.5605
91.5928
91.6238
91.6586
91.6883
91.7226
91.7542
91.7859
91.8188
91.8501
91.8841
91.9152
91.949
91.9816
92.0145
92.0438
92.0776
92.1081
92.1416
92.175
92.2077
92.2431
92.2767
92.3088
92.3443
92.3761
92.4096
92.4401
92.4718
92.5074
92.5359
92.5687
92.6032
92.6368
92.6682
92.7017
92.7377
92.7698
92.8001
92.8284
92.8598
92.8924
92.9261
92.9561
92.9905
93.0225
93.0599
93.0926
93.1286
93.1661
93.2003
93.2295
93.2645
93.2973
93.3298
93.3655
93.3991
93.4355
93.4719
93.505
93.5383
93.5673
93.6018
93.6321
93.6634
93.6973
93.732
93.7669
93.797
93.8315
93.8639
93.8967
93.9324
93.9664
94.0004
94.0341
94.0662
94.1015
94.1342
94.1691
94.2027
94.2342
94.2672
94.3002
94.332
94.3653
94.3982
94.4301
94.4676
94.5013
94.5347
94.5675
94.6002
94.6319
94.6678
94.7014
94.7352
94.7684
94.7988
94.8325
94.8655
94.898
94.9307
94.963
94.9992
95.0313
95.0609
95.0902
95.1277
95.1603
95.1915
95.223
95.2529
95.2879
95.3212
95.3536
95.3831
95.4166
95.4513
95.4873
95.5212
95.5544
95.5866
95.6196
95.6553
95.6875
95.7206
95.7537
95.7856
95.8195
95.8552
95.8902
95.9212
95.9521
95.982
96.0168
96.0511
96.0893
96.1206
96.1519
96.1842
96.2175
96.2504
96.2824
96.315
96.351
96.3867
96.4185
96.4487
96.4774
96.51
96.5435
96.5789
96.6125
96.6452
96.6771
96.7094
96.7452
96.7776
96.817
96.8498
96.8867
96.9211
96.9534
96.9848
97.016
97.0485
97.0822
97.117
97.1518
97.1809
97.2137
97.2483
97.2835
97.317
97.3503
97.3821
97.4126
97.4482
97.4791
97.5155
97.5456
97.5751
97.6073
97.6448
97.6791
97.7133
97.7423
97.7744
97.809
97.8427
97.881
97.9118
97.9445
97.9753
98.0103
98.0404
98.0751
98.1083
98.1437
98.1779
98.2087
98.2442
98.2792
98.3107
98.3449
98.3776
98.4105
98.4416
98.4745
98.5048
98.539
98.5749
98.6045
98.6335
98.6661
98.6983
98.7274
98.7595
98.7925
98.8237
98.8569
98.8912
98.9234
98.958
98.9906
99.0212
99.0529
99.0824
99.1158
99.1484
99.1824
99.2164
99.2495
99.2772
99.3056
99.3362
99.3692
99.4004
99.4354
99.4705
99.5011
99.5327
99.564
99.5921
99.623
99.6554
99.687
99.7159
99.7484
99.781
99.8129
99.844
99.8776
99.9073
99.9381
99.9697
99.9987
100.032
100.066
100.098
100.129
100.16
100.192
100.224
100.25
100.283
100.317
100.348
100.384
100.414
100.443
100.47
100.502
100.531
100.561
100.592
100.623
100.656
100.69
100.719
100.748
100.776
100.803
100.832
100.863
100.896
100.925
100.955
100.982
101.009
101.039
101.069
101.103
101.132
101.163
101.193
101.224
101.257
101.289
101.316
101.345
101.377
101.409
101.443
101.471
101.501
101.529
101.558
101.587
101.616
101.647
101.677
101.706
101.739
101.769
101.802
101.832
101.862
101.893
101.92
101.946
101.974
102.006
102.034
102.061
102.088
102.122
102.153
102.183
102.212
102.239
102.267
102.3
102.33
102.365
102.395
102.424
102.455
102.487
102.515
102.545
102.576
102.604
102.632
102.658
102.686
102.712
102.743
102.775
102.804
102.834
102.865
102.893
102.923
102.954
102.983
103.018
103.048
103.079
103.108
103.139
103.168
103.199
103.232
103.262
103.292
103.324
103.354
103.385
103.416
103.445
103.476
103.508
103.538
103.57
103.603
103.631
103.662
103.695
103.726
103.756
103.786
103.817
103.845
103.872
103.903
103.932
103.96
103.995
104.024
104.052
104.085
104.115
104.144
104.176
104.205
104.234
104.264
104.293
104.324
104.354
104.385
104.417
104.448
104.477
104.508
104.537
104.571
104.602
104.632
104.659
104.688
104.719
104.747
104.778
104.806
104.836
104.867
104.895
104.928
104.955
104.987
105.02
105.051
105.081
105.11
105.144
105.175
105.208
105.238
105.268
105.3
105.328
105.361
105.39
105.421
105.45
105.482
105.51
105.539
105.569
105.599
105.628
105.658
105.688
105.72
105.749
105.778
105.806
105.834
105.863
105.896
105.926
105.954
105.981
106.01
106.038
106.069
106.099
106.129
106.157
106.187
106.221
106.251
106.282
106.308
106.338
106.37
106.401
106.429
106.454
106.484
106.512
106.544
106.574
106.604
106.635
106.668
106.699
106.731
106.763
106.794
106.822
106.847
106.876
106.906
106.939
106.968
106.997
107.025
107.057
107.085
107.115
107.142
107.171
107.201
107.233
107.262
107.289
107.317
107.346
107.378
107.406
107.433
107.461
107.492
107.518
107.547
107.576
107.601
107.628
107.656
107.683
107.711
107.739
107.767
107.797
107.825
107.849
107.878
107.907
107.936
107.964
107.994
108.023
108.052
108.08
108.106
108.135
108.161
108.187
108.215
108.243
108.268
108.298
108.324
108.353
108.382
108.411
108.438
108.462
108.488
108.518
108.548
108.575
108.604
108.629
108.655
108.683
108.708
108.734
108.761
108.789
108.819
108.848
108.876
108.903
108.928
108.953
108.979
109.007
109.034
109.062
109.09
109.118
109.141
109.166
109.191
109.219
109.244
109.272
109.297
109.324
109.35
109.375
109.401
109.426
109.453
109.479
109.504
109.53
109.554
109.578
109.604
109.631
109.66
109.687
109.71
109.732
109.755
109.78
109.807
109.831
109.855
109.882
109.907
109.935
109.962
109.988
110.011
110.039
110.065
110.089
110.115
110.138
110.165
110.19
110.213
110.239
110.264
110.288
110.315
110.338
110.363
110.387
110.412
110.437
110.459
110.483
110.505
110.528
110.553
110.578
110.603
110.626
110.651
110.674
110.697
110.718
110.74
110.764
110.788
110.809
110.833
110.86
110.883
110.906
110.928
110.951
110.973
110.994
111.017
111.04
111.062
111.084
111.107
111.13
111.152
111.175
111.195
111.219
111.24
111.263
111.287
111.306
111.328
111.351
111.373
111.396
111.42
111.44
111.461
111.485
111.507
111.527
111.549
111.57
111.59
111.611
111.633
111.654
111.676
111.698
111.721
111.744
111.765
111.787
111.809
111.828
111.848
111.871
111.896
111.918
111.938
111.961
111.981
112.001
112.024
112.043
112.063
112.086
112.109
112.13
112.151
112.172
112.194
112.214
112.237
112.259
112.28
112.3
112.323
112.343
112.364
112.385
112.406
112.428
112.448
112.469
112.49
112.51
112.529
112.549
112.57
112.591
112.612
112.632
112.651
112.673
112.691
112.711
112.732
112.751
112.77
112.791
112.81
112.829
112.85
112.87
112.89
112.912
112.931
112.95
112.974
112.994
113.014
113.036
113.054
113.073
113.09
113.11
113.13
113.153
113.171
113.19
113.211
113.233
113.252
113.272
113.292
113.311
113.33
113.35
113.369
113.389
113.409
113.429
113.449
113.471
113.488
113.507
113.526
113.545
113.565
113.584
113.601
113.62
113.641
113.66
113.678
113.697
113.717
113.737
113.754
113.773
113.789
113.808
113.83
113.849
113.868
113.886
113.905
113.924
113.941
113.96
113.979
113.997
114.017
114.036
114.055
114.075
114.094
114.112
114.133
114.152
114.171
114.191
114.211
114.232
114.251
114.269
114.286
114.304
114.322
114.339
114.357
114.376
114.397
114.413
114.432
114.449
114.467
114.484
114.504
114.524
114.542
114.56
114.577
114.596
114.614
114.631
114.651
114.668
114.687
114.705
114.724
114.743
114.762
114.782
114.799
114.817
114.835
114.854
114.871
114.892
114.91
114.93
114.948
114.967
114.983
115.001
115.018
115.037
115.055
115.074
115.093
115.112
115.128
115.145
115.162
115.179
115.198
115.215
115.233
115.253
115.273
115.291
115.307
115.328
115.346
115.364
115.382
115.401
115.418
115.436
115.454
115.471
115.488
115.507
115.525
115.543
115.562
115.578
115.595
115.612
115.629
115.647
115.664
115.682
115.699
115.716
115.732
115.752
115.77
115.787
115.804
115.822
115.841
115.857
115.875
115.893
115.912
115.929
115.945
115.964
115.978
115.997
116.013
116.033
116.05
116.066
116.084
116.103
116.119
116.137
116.155
116.176
116.193
116.21
116.228
116.246
116.263
116.28
116.298
116.316
116.333
116.35
116.369
116.386
116.405
116.422
116.44
116.459
116.477
116.498
116.515
116.532
116.549
116.565
116.584
116.601
116.617
116.636
116.654
116.672
116.69
116.708
116.725
116.743
116.761
116.777
116.793
116.812
116.828
116.848
116.865
116.881
116.898
116.916
116.933
116.948
116.964
116.982
117
117.017
117.035
117.053
117.071
117.09
117.107
117.126
117.143
117.157
117.176
117.192
117.211
117.227
117.244
117.26
117.276
117.294
117.31
117.329
117.347
117.363
117.38
117.397
117.415
117.432
117.449
117.463
117.48
117.497
117.514
117.532
117.55
117.566
117.582
117.602
117.619
117.635
117.652
117.669
117.686
117.702
117.719
117.737
117.752
117.767
117.784
117.802
117.818
117.835
117.851
117.868
117.885
117.901
117.919
117.934
117.951
117.968
117.986
118.005
118.023
118.04
118.058
118.074
118.089
118.107
118.124
118.14
118.158
118.176
118.193
118.21
118.228
118.246
118.265
118.282
118.299
118.315
118.333
118.35
118.365
118.382
118.399
118.416
118.435
118.451
118.47
118.486
118.502
118.521
118.538
118.555
118.572
118.588
118.605
118.622
118.64
118.656
118.673
118.691
118.708
118.727
118.743
118.758
118.775
118.791
118.806
118.823
118.84
118.856
118.873
118.89
118.907
118.924
118.939
118.957
118.975
118.994
119.009
119.025
119.042
119.059
119.075
119.093
119.109
119.126
119.143
119.158
119.176
119.193
119.209
119.228
119.247
119.264
119.281
119.298
119.316
119.332
119.35
119.366
119.382
119.398
119.415
119.432
119.448
119.466
119.482
119.5
119.518
119.534
119.552
119.568
119.586
119.601
119.616
119.634
119.65
119.666
119.683
119.699
119.716
119.732
119.748
119.764
119.779
119.795
119.812
119.829
119.844
119.86
119.878
119.893
119.908
119.925
119.941
119.958
119.976
119.992
120.008
120.025
120.041
120.057
120.074
120.09
120.106
120.122
120.139
120.156
120.17
120.188
120.204
120.222
120.237
120.254
120.271
120.288
120.304
120.32
120.336
120.352
120.368
120.385
120.403
120.419
120.436
120.451
120.466
120.481
120.499
120.514
120.529
120.545
120.562
120.579
120.595
120.612
120.627
120.641
120.656
120.672
120.688
120.702
120.719
120.734
120.752
120.768
120.787
120.802
120.818
120.834
120.851
120.868
120.883
120.9
120.915
120.929
120.946
120.962
120.978
120.995
121.012
121.028
121.042
121.059
121.077
121.092
121.109
121.123
121.139
121.155
121.17
121.186
121.202
121.218
121.235
121.252
121.267
121.282
121.298
121.313
121.33
121.346
121.362
121.379
121.394
121.409
121.428
121.446
121.462
121.48
121.495
121.512
121.528
121.544
121.558
121.574
121.591
121.607
121.623
121.639
121.654
121.67
121.686
121.702
121.717
121.733
121.75
121.768
121.784
121.8
121.814
121.831
121.846
121.862
121.878
121.895
121.91
121.928
121.944
121.96
121.976
121.993
122.009
122.024
122.041
122.059
122.075
122.091
122.109
122.125
122.141
122.157
122.173
122.189
122.205
122.221
122.237
122.254
122.27
122.285
122.303
122.318
122.334
122.351
122.366
122.385
122.401
122.416
122.432
122.449
122.465
122.48
122.494
122.511
122.528
122.544
122.561
122.576
122.593
122.609
122.625
122.643
122.66
122.678
122.693
122.71
122.726
122.741
122.758
122.774
122.791
122.807
122.825
122.842
122.858
122.874
122.889
122.907
122.922
122.939
122.955
122.973
122.989
123.004
123.021
123.037
123.052
123.068
123.084
123.099
123.115
123.134
123.15
123.167
123.183
123.199
123.217
123.232
123.248
123.265
123.282
123.299
123.317
123.332
123.35
123.366
123.383
123.398
123.415
123.434
123.451
123.468
123.485
123.5
123.517
123.533
123.549
123.565
123.583
123.598
123.616
123.632
123.649
123.666
123.683
123.699
123.717
123.734
123.751
123.768
123.785
123.8
123.814
123.83
123.847
123.864
123.88
123.897
123.912
123.929
123.946
123.962
123.978
123.994
124.009
124.027
124.043
124.059
124.075
124.092
124.108
124.127
124.143
124.161
124.177
124.193
124.209
124.227
124.243
124.261
124.279
124.296
124.311
124.327
124.344
124.361
124.378
124.393
124.41
124.424
124.44
124.457
124.476
124.494
124.512
124.528
124.546
124.564
124.58
124.596
124.613
124.63
124.646
124.663
124.679
124.695
124.714
124.729
124.746
124.764
124.783
124.801
124.816
124.833
124.849
124.864
124.881
124.899
124.916
124.933
124.951
124.968
124.986
125.001
125.018
125.035
125.052
125.068
125.085
125.102
125.118
125.137
125.155
125.172
125.188
125.206
125.223
125.24
125.258
125.274
125.291
125.308
125.323
125.34
125.358
125.375
125.392
125.409
125.426
125.441
125.458
125.474
125.493
125.506
125.525
125.542
125.559
125.577
125.595
125.613
125.63
125.646
125.664
125.682
125.698
125.713
125.728
125.743
125.762
125.778
125.795
125.812
125.83
125.847
125.862
125.878
125.895
125.912
125.929
125.948
125.964
125.981
126
126.017
126.034
126.053
126.072
126.089
126.108
126.126
126.145
126.162
126.179
126.197
126.212
126.23
126.247
126.264
126.281
126.299
126.315
126.332
126.351
126.366
126.386
126.403
126.418
126.433
126.45
126.468
126.488
126.504
126.521
126.537
126.554
126.572
126.59
126.608
126.625
126.646
126.662
126.678
126.693
126.711
126.729
126.746
126.764
126.781
126.799
126.818
126.837
126.855
126.872
126.89
126.909
126.925
126.943
126.963
126.981
126.998
127.014
127.034
127.052
127.07
127.088
127.106
127.124
127.14
127.156
127.173
127.191
127.206
127.225
127.243
127.259
127.276
127.295
127.313
127.332
127.348
127.366
127.384
127.4
127.417
127.436
127.455
127.475
127.492
127.51
127.528
127.544
127.561
127.579
127.597
127.616
127.633
127.65
127.667
127.686
127.704
127.721
127.738
127.756
127.775
127.794
127.811
127.827
127.846
127.863
127.88
127.897
127.917
127.935
127.954
127.975
127.992
128.011
128.03
128.047
128.064
128.081
128.099
128.118
128.137
128.155
128.174
128.19
128.209
128.227
128.243
128.261
128.278
128.297
128.315
128.333
128.353
128.37
128.388
128.405
128.424
128.442
128.46
128.478
128.495
128.513
128.532
128.551
128.57
128.589
128.609
128.628
128.647
128.665
128.682
128.701
128.721
128.739
128.759
128.778
128.793
128.811
128.828
128.844
128.861
128.88
128.897
128.915
128.934
128.952
128.97
128.988
129.005
129.024
129.042
129.06
129.079
129.096
129.116
129.131
129.149
129.167
129.186
129.204
129.221
129.24
129.258
129.275
129.292
129.31
129.327
129.343
129.36
129.377
129.395
129.413
129.431
129.45
129.47
129.487
129.504
129.521
129.539
129.557
129.576
129.593
129.61
129.629
129.646
129.666
129.684
129.702
129.72
129.738
129.757
129.774
129.793
129.81
129.828
129.846
129.863
129.88
129.898
129.917
129.936
129.954
129.972
129.989
130.005
130.022
130.041
130.058
130.077
130.096
130.114
130.131
130.148
130.167
130.186
130.202
130.221
130.237
130.254
130.272
130.291
130.309
130.327
130.346
130.365
130.382
130.402
130.422
130.437
130.456
130.476
130.493
130.51
130.528
130.546
130.565
130.583
130.603
130.621
130.639
130.655
130.673
130.692
130.71
130.732
130.75
130.768
130.785
130.804
130.821
130.839
130.857
130.873
130.89
130.909
130.926
130.946
130.963
130.981
130.999
131.016
131.034
131.051
131.068
131.085
131.102
131.119
131.137
131.155
131.172
131.19
131.21
131.228
131.249
131.269
131.287
131.303
131.321
131.339
131.357
131.376
131.393
131.41
131.429
131.444
131.462
131.478
131.497
131.513
131.53
131.547
131.563
131.579
131.596
131.616
131.635
131.654
131.669
131.687
131.703
131.724
131.74
131.757
131.776
131.796
131.812
131.829
131.846
131.863
131.882
131.899
131.916
131.933
131.953
131.971
131.988
132.006
132.024
132.043
132.061
132.08
132.097
132.116
132.135
132.152
132.169
132.186
132.202
132.219
132.237
132.254
132.272
132.289
132.306
132.322
132.337
132.354
132.372
132.389
132.409
132.427
132.444
132.461
132.479
132.496
132.515
132.529
132.546
132.561
132.58
132.599
132.617
132.634
132.65
132.667
132.684
132.702
132.719
132.738
132.756
132.774
132.792
132.809
132.826
132.845
132.861
132.877
132.895
132.915
132.933
132.951
132.97
132.987
133.003
133.02
133.037
133.055
133.073
133.09
133.106
133.122
133.14
133.159
133.177
133.195
133.213
133.23
133.247
133.264
133.281
133.299
133.316
133.333
133.353
133.371
133.388
133.404
133.424
133.44
133.456
133.473
133.488
133.506
133.521
133.54
133.558
133.575
133.591
133.609
133.628
133.647
133.663
133.683
133.699
133.715
133.732
133.748
133.765
133.783
133.799
133.815
133.832
133.849
133.866
133.884
133.903
133.918
133.936
133.954
133.972
133.989
134.007
134.025
134.043
134.059
134.075
134.091
134.107
134.124
134.142
134.158
134.173
134.189
134.207
134.224
134.24
134.258
134.276
134.293
134.31
134.329
134.346
134.363
134.379
134.396
134.411
134.429
134.446
134.461
134.481
134.497
134.513
134.53
134.547
134.564
134.581
134.598
134.613
134.63
134.648
134.665
134.683
134.7
134.718
134.735
134.752
134.767
134.784
134.802
134.818
134.834
134.85
134.866
134.884
134.901
134.919
134.935
134.953
134.968
134.984
135
135.017
135.034
135.052
135.07
135.087
135.106
135.122
135.14
135.158
135.173
135.189
135.207
135.224
135.24
135.255
135.272
135.289
135.304
135.322
135.34
135.358
135.374
135.391
135.408
135.424
135.441
135.457
135.472
135.487
135.504
135.52
135.536
135.555
135.571
135.587
135.606
135.624
135.641
135.657
135.673
135.688
135.705
135.721
135.737
135.754
135.771
135.786
135.803
135.82
135.836
135.851
135.867
135.882
135.898
135.913
135.931
135.946
135.964
135.98
135.996
136.013
136.029
136.044
136.06
136.077
136.094
136.113
136.129
136.145
136.16
136.177
136.194
136.21
136.226
136.243
136.258
136.275
136.292
136.308
136.324
136.341
136.36
136.377
136.393
136.409
136.427
136.445
136.461
136.477
136.494
136.512
136.528
136.543
136.559
136.574
136.589
136.605
136.621
136.639
136.654
136.669
136.683
136.701
136.718
136.734
136.75
136.765
136.782
136.796
136.812
136.829
136.843
136.859
136.876
136.893
136.91
136.927
136.943
136.959
136.974
136.99
137.007
137.023
137.038
137.052
137.069
137.084
137.099
137.115
137.132
137.149
137.165
137.181
137.199
137.216
137.232
137.248
137.263
137.277
137.294
137.31
137.325
137.342
137.356
137.371
137.386
137.401
137.418
137.434
137.449
137.464
137.477
137.494
137.509
137.523
137.537
137.551
137.567
137.583
137.597
137.613
137.628
137.643
137.659
137.674
137.69
137.706
137.722
137.738
137.753
137.768
137.783
137.798
137.811
137.826
137.842
137.856
137.871
137.886
137.902
137.917
137.933
137.948
137.962
137.977
137.993
138.007
138.022
138.039
138.053
138.07
138.085
138.1
138.115
138.129
138.143
138.158
138.172
138.186
138.203
138.219
138.234
138.249
138.264
138.279
138.294
138.31
138.324
138.339
138.353
138.368
138.383
138.398
138.412
138.428
138.443
138.458
138.472
138.485
138.499
138.515
138.529
138.544
138.559
138.573
138.587
138.6
138.614
138.629
138.643
138.658
138.672
138.687
138.7
138.717
138.731
138.744
138.759
138.774
138.788
138.803
138.819
138.833
138.847
138.86
138.875
138.889
138.904
138.921
138.935
138.951
138.965
138.979
138.993
139.009
139.025
139.038
139.052
139.066
139.081
139.094
139.11
139.124
139.138
139.152
139.167
139.181
139.196
139.212
139.225
139.24
139.254
139.267
139.282
139.294
139.308
139.322
139.337
139.352
139.366
139.379
139.393
139.406
139.42
139.434
139.448
139.463
139.478
139.493
139.507
139.521
139.536
139.551
139.564
139.58
139.595
139.61
139.623
139.638
139.652
139.667
139.682
139.696
139.711
139.725
139.739
139.755
139.77
139.783
139.797
139.811
139.825
139.839
139.854
139.868
139.883
139.897
139.912
139.928
139.941
139.955
139.969
139.983
139.997
140.011
140.025
140.038
140.051
140.066
140.079
140.093
140.105
140.119
140.132
140.145
140.16
140.173
140.187
140.202
140.218
140.231
140.245
140.259
140.275
140.289
140.303
140.318
140.332
140.346
140.36
140.374
140.389
140.402
140.416
140.43
140.443
140.456
140.47
140.485
140.498
140.512
140.526
140.538
140.552
140.566
140.58
140.592
140.606
140.619
140.634
140.648
140.662
140.676
140.691
140.706
140.718
140.731
140.744
140.758
140.772
140.785
140.8
140.812
140.824
140.838
140.851
140.865
140.88
140.893
140.907
140.92
140.933
140.948
140.963
140.976
140.991
141.004
141.017
141.03
141.044
141.058
141.074
141.086
141.1
141.113
141.127
141.139
141.153
141.167
141.18
141.195
141.209
141.224
141.237
141.252
141.264
141.277
141.292
141.305
141.32
141.332
141.346
141.359
141.373
141.387
141.401
141.415
141.427
141.439
141.453
141.467
141.48
141.494
141.509
141.521
141.536
141.55
141.563
141.576
141.589
141.603
141.616
141.63
141.644
141.657
141.669
141.683
141.696
141.71
141.723
141.736
141.749
141.763
141.775
141.789
141.803
141.815
141.828
141.842
141.855
141.869
141.883
141.897
141.911
141.925
141.938
141.952
141.965
141.979
141.992
142.005
142.018
142.031
142.045
142.058
142.071
142.084
142.097
142.112
142.124
142.137
142.151
142.164
142.179
142.192
142.207
142.221
142.234
142.248
142.261
142.275
142.289
142.301
142.314
142.328
142.341
142.354
142.367
142.381
142.395
142.408
142.421
142.434
142.448
142.461
142.476
142.489
142.501
142.514
142.527
142.539
142.552
142.567
142.581
142.595
142.608
142.621
142.634
142.648
142.663
142.676
142.688
142.701
142.715
142.729
142.741
142.755
142.769
142.782
142.796
142.809
142.823
142.834
142.848
142.861
142.873
142.886
142.898
142.91
142.924
142.935
142.948
142.963
142.976
142.989
143.002
143.014
143.027
143.04
143.055
143.068
143.081
143.095
143.11
143.124
143.138
143.151
143.165
143.178
143.19
143.203
143.216
143.23
143.241
143.255
143.27
143.284
143.298
143.312
143.326
143.341
143.354
143.368
143.383
143.396
143.41
143.423
143.437
143.452
143.466
143.479
143.492
143.504
143.519
143.533
143.545
143.56
143.575
143.59
143.604
143.617
143.632
143.645
143.659
143.672
143.684
143.698
143.712
143.725
143.739
143.754
143.768
143.782
143.796
143.81
143.823
143.838
143.853
143.868
143.881
143.895
143.908
143.923
143.936
143.951
143.965
143.979
143.994
144.008
144.021
144.034
144.047
144.061
144.077
144.092
144.106
144.12
144.134
144.148
144.164
144.176
144.189
144.203
144.216
144.23
144.243
144.256
144.27
144.284
144.297
144.312
144.325
144.339
144.354
144.368
144.383
144.398
144.411
144.425
144.439
144.452
144.467
144.481
144.497
144.512
144.527
144.541
144.554
144.568
144.58
144.593
144.609
144.624
144.638
144.653
144.667
144.681
144.695
144.707
144.723
144.737
144.752
144.767
144.782
144.795
144.809
144.822
144.836
144.85
144.866
144.88
144.894
144.907
144.92
144.933
144.947
144.961
144.975
144.988
145.003
145.016
145.031
145.045
145.06
145.074
145.089
145.103
145.119
145.132
145.146
145.161
145.177
145.192
145.206
145.222
145.235
145.25
145.265
145.279
145.293
145.309
145.324
145.339
145.353
145.367
145.381
145.397
145.411
145.428
145.444
145.458
145.473
145.488
145.501
145.516
145.53
145.547
145.562
145.577
145.592
145.607
145.624
145.638
145.653
145.668
145.681
145.696
145.71
145.724
145.74
145.755
145.769
145.784
145.797
145.813
145.827
145.843
145.859
145.874
145.889
145.903
145.918
145.932
145.947
145.963
145.978
145.992
146.006
146.021
146.035
146.05
146.064
146.079
146.093
146.107
146.122
146.138
146.152
146.167
146.183
146.198
146.214
146.23
146.245
146.259
146.273
146.287
146.303
146.318
146.333
146.348
146.364
146.378
146.393
146.408
146.422
146.437
146.453
146.469
146.484
146.497
146.511
146.526
146.542
146.557
146.573
146.588
146.601
146.616
146.632
146.647
146.662
146.677
146.693
146.708
146.722
146.737
146.752
146.766
146.781
146.796
146.811
146.826
146.841
146.857
146.873
146.891
146.907
146.923
146.937
146.952
146.967
146.984
147
147.015
147.031
147.047
147.063
147.078
147.093
147.109
147.124
147.14
147.156
147.17
147.185
147.2
147.215
147.233
147.249
147.265
147.281
147.298
147.314
147.329
147.344
147.359
147.374
147.39
147.404
147.419
147.435
147.45
147.466
147.481
147.497
147.512
147.527
147.542
147.558
147.572
147.588
147.604
147.621
147.637
147.653
147.668
147.684
147.7
147.715
147.731
147.746
147.762
147.778
147.794
147.809
147.826
147.842
147.855
147.871
147.887
147.904
147.919
147.934
147.948
147.964
147.979
147.994
148.01
148.025
148.042
148.059
148.075
148.092
148.106
148.122
148.139
148.156
148.172
148.187
148.203
148.218
148.233
148.25
148.264
148.278
148.295
148.311
148.327
148.343
148.359
148.376
148.391
148.407
148.423
148.44
148.457
148.473
148.491
148.507
148.523
148.538
148.553
148.567
148.583
148.599
148.616
148.631
148.647
148.662
148.676
148.692
148.707
148.725
148.742
148.759
148.774
148.79
148.806
148.822
148.838
148.854
148.869
148.885
148.902
148.919
148.936
148.953
148.969
148.984
149
149.016
149.033
149.05
149.066
149.082
149.099
149.115
149.131
149.147
149.163
149.178
149.194
149.212
149.227
149.24
149.258
149.276
149.293
149.31
149.324
149.34
149.355
149.371
149.385
149.403
149.419
149.436
149.453
149.469
149.485
149.502
149.519
149.536
149.553
149.571
149.587
149.602
149.617
149.633
149.649
149.665
149.68
149.696
149.712
149.728
149.745
149.762
149.777
149.796
149.812
149.828
149.844
149.86
149.877
149.894
149.911
149.928
149.945
149.961
149.977
149.993
150.009
150.025
150.04
150.057
150.073
150.088
150.106
150.123
150.139
150.155
150.172
150.189
150.206
150.223
150.241
150.259
150.276
150.292
150.307
150.325
150.341
150.358
150.374
150.391
150.407
150.423
150.441
150.457
150.474
150.491
150.507
150.524
150.542
150.559
150.575
150.591
150.607
150.622
150.64
150.656
150.674
150.691
150.709
150.725
150.744
150.76
150.778
150.795
150.813
150.83
150.847
150.863
150.882
150.898
150.915
150.931
150.946
150.963
150.98
150.998
151.013
151.029
151.045
151.06
151.077
151.094
151.11
151.127
151.147
151.161
151.177
151.193
151.212
151.226
151.243
151.26
151.276
151.293
151.309
151.325
151.342
151.36
151.377
151.395
151.411
151.428
151.447
151.463
151.48
151.498
151.513
151.532
151.548
151.567
151.585
151.602
151.618
151.635
151.652
151.669
151.686
151.703
151.721
151.737
151.754
151.772
151.788
151.803
151.819
151.837
151.854
151.872
151.888
151.907
151.923
151.941
151.956
151.974
151.99
152.007
152.022
152.037
152.053
152.071
152.088
152.105
152.122
152.139
152.156
152.176
152.194
152.213
152.231
