2
2.19357
2.23048
3
3.13578
3.26925
3.30271
3.5
3.52207
5.11646
6.34408
7.66395
9.16302
9.66929
10.728
11.669
12.5281
13.157
13.6548
14.1045
14.5215
14.8794
15.1989
15.524
15.8186
16.0917
16.3511
16.6059
16.8289
17.0236
17.2281
17.412
17.5681
17.739
17.897
18.0512
18.2158
18.3515
18.4964
18.6273
18.7594
18.8791
19.0047
19.1323
19.2363
19.3449
19.448
19.5507
19.6437
19.7231
19.8065
19.8936
19.9777
20.069
20.1549
20.2392
20.3172
20.3913
20.4585
20.5354
20.6035
20.667
20.7464
20.8177
20.8823
20.9497
21.0175
21.0859
21.1485
21.2041
21.2616
21.3235
21.3818
21.4429
21.5004
21.5642
21.6207
21.6687
21.7234
21.7776
21.8349
21.8844
21.9345
21.9832
22.033
22.0886
22.1381
22.1846
22.2363
22.2941
22.3481
22.3944
22.4384
22.4798
22.5261
22.5718
22.6154
22.6571
22.6984
22.7465
22.7893
22.8333
22.8733
22.9173
22.9572
22.9941
23.0359
23.0748
23.1179
23.158
23.2005
23.2382
23.2748
23.3142
23.348
23.3827
23.4167
23.451
23.4903
23.5283
23.5649
23.6022
23.6401
23.6739
23.7106
23.7479
23.784
23.8204
23.8545
23.8923
23.93
23.9649
23.9979
24.0309
24.0651
24.098
24.1302
24.1654
24.2001
24.2374
24.2687
24.3021
24.3334
24.3676
24.3998
24.4311
24.4611
24.4946
24.5249
24.5536
24.584
24.6084
24.6367
24.666
24.6948
24.725
24.7543
24.7855
24.8166
24.8506
24.8814
24.9151
24.9456
24.9736
25.0007
25.0287
25.0564
25.0834
25.1125
25.1438
25.1719
25.2007
25.2251
25.2523
25.2757
25.3043
25.331
25.3582
25.3896
25.4162
25.4454
25.4713
25.4971
25.5234
25.5498
25.577
25.6033
25.6285
25.6544
25.6801
25.7042
25.731
25.7572
25.7833
25.8088
25.8354
25.8624
25.8886
25.9144
25.9386
25.9638
25.9875
26.0133
26.041
26.0649
26.0899
26.1148
26.1389
26.164
26.1884
26.2155
26.2384
26.262
26.2871
26.3133
26.3362
26.363
26.385
26.4071
26.4313
26.4566
26.4786
26.5013
26.5257
26.5513
26.5753
26.5988
26.6242
26.651
26.6741
26.6962
26.7188
26.7447
26.7687
26.789
26.8107
26.8331
26.8564
26.8779
26.9001
26.9222
26.943
26.9651
26.9879
27.0101
27.0296
27.0529
27.0737
27.0959
27.1161
27.1373
27.1598
27.1804
27.2052
27.2258
27.2454
27.2673
27.2891
27.3095
27.3291
27.349
27.3727
27.3959
27.4179
27.4381
27.4583
27.4816
27.502
27.5238
27.5464
27.5662
27.5873
27.6088
27.6305
27.6511
27.671
27.6905
27.7105
27.7293
27.7496
27.7684
27.7871
27.8081
27.8282
27.8481
27.8668
27.8852
27.9037
27.924
27.9402
27.9588
27.9805
27.9993
28.018
28.0396
28.0586
28.0777
28.099
28.1186
28.1391
28.158
28.1753
28.1953
28.2161
28.2348
28.2538
28.2741
28.2911
28.3117
28.3292
28.3478
28.3689
28.3872
28.4053
28.425
28.4428
28.4633
28.4799
28.4995
28.5179
28.5359
28.5534
28.5722
28.5897
28.6096
28.6266
28.6458
28.6619
28.6802
28.6973
28.7169
28.733
28.7507
28.7707
28.7879
28.8051
28.8256
28.8445
28.8613
28.8794
28.897
28.9133
28.9293
28.9494
28.9674
28.9851
29.0017
29.0183
29.0349
29.0539
29.0703
29.088
29.1027
29.119
29.1386
29.1548
29.1722
29.1879
29.2059
29.2218
29.2398
29.2562
29.2716
29.2873
29.3031
29.3204
29.3362
29.3512
29.3675
29.385
29.4011
29.4173
29.4345
29.4483
29.464
29.4821
29.4974
29.5139
29.5307
29.5464
29.5602
29.5776
29.5921
29.6099
29.6253
29.6408
29.657
29.6714
29.6874
29.7039
29.7185
29.7366
29.7524
29.7685
29.7826
29.7982
29.8138
29.8287
29.8433
29.8585
29.8746
29.89
29.9038
29.9181
29.9324
29.9484
29.9629
29.9784
29.9929
30.0099
30.0238
30.0369
30.0515
30.0679
30.0815
30.0965
30.112
30.1264
30.1426
30.1565
30.1698
30.1856
30.2016
30.2165
30.2307
30.2461
30.2595
30.2734
30.287
30.302
30.3167
30.3323
30.3463
30.3598
30.3759
30.3908
30.4051
30.4204
30.4353
30.4495
30.4668
30.482
30.4964
30.5088
30.5222
30.536
30.55
30.5654
30.5783
30.5918
30.608
30.6214
30.6347
30.6494
30.6644
30.6765
30.6902
30.7018
30.7151
30.7304
30.7421
30.7565
30.7711
30.7856
30.7992
30.8125
30.8264
30.8393
30.8531
30.8644
30.8778
30.8913
30.9048
30.9187
30.9325
30.9462
30.9591
30.9721
30.9846
30.9976
31.0109
31.0231
31.0357
31.0501
31.0634
31.0762
31.0909
31.1037
31.1172
31.1291
31.1415
31.1543
31.1673
31.1814
31.1938
31.2068
31.2198
31.2332
31.2465
31.259
31.2725
31.2831
31.2956
31.3072
31.3191
31.3339
31.3471
31.3596
31.3721
31.3837
31.397
31.41
31.4221
31.4329
31.4447
31.4581
31.4709
31.4841
31.4951
31.5069
31.5182
31.5307
31.5438
31.557
31.57
31.5823
31.5941
31.6076
31.6195
31.6317
31.6445
31.6569
31.6691
31.6819
31.6941
31.7059
31.7179
31.7289
31.7416
31.7545
31.767
31.7798
31.7924
31.8049
31.8175
31.8293
31.841
31.8526
31.8634
31.877
31.8887
31.9008
31.9126
31.9241
31.9367
31.9475
31.9594
31.9715
31.9829
31.9957
32.008
32.0208
32.0326
32.0433
32.0544
32.067
32.0788
32.0905
32.1032
32.1148
32.1258
32.1377
32.1487
32.1592
32.1697
32.1817
32.193
32.205
32.2165
32.2281
32.2396
32.251
32.2624
32.2734
32.2858
32.2963
32.3086
32.3209
32.3326
32.3432
32.3534
32.3648
32.3769
32.3883
32.3997
32.411
32.4225
32.4336
32.4453
32.4559
32.466
32.4746
32.4861
32.4989
32.5087
32.5212
32.5318
32.5429
32.5542
32.5647
32.5763
32.5872
32.598
32.6084
32.6186
32.63
32.6433
32.6548
32.666
32.6775
32.6896
32.7004
32.711
32.7219
32.7336
32.7449
32.7555
32.7657
32.7772
32.7881
32.7978
32.8095
32.8212
32.8315
32.8425
32.8553
32.8656
32.8772
32.8894
32.9007
32.9121
32.9227
32.9347
32.9448
32.9539
32.9641
32.9749
32.9849
32.9952
33.0052
33.0156
33.0259
33.0367
33.0482
33.0584
33.0686
33.079
33.0906
33.0996
33.1106
33.121
33.1306
33.1418
33.1521
33.1619
33.1723
33.1828
33.1932
33.2023
33.2125
33.2237
33.2344
33.2456
33.2557
33.2649
33.2749
33.2843
33.2951
33.3053
33.3152
33.3259
33.3364
33.3461
33.357
33.3668
33.3772
33.3876
33.3987
33.4095
33.4199
33.4299
33.4397
33.4496
33.4592
33.4697
33.48
33.4892
33.4994
33.5085
33.518
33.5288
33.539
33.5492
33.5593
33.5695
33.5789
33.5903
33.6006
33.6099
33.6198
33.629
33.639
33.6482
33.659
33.6708
33.6802
33.6897
33.7003
33.7106
33.7212
33.7303
33.7404
33.7503
33.7596
33.7691
33.7783
33.7867
33.7984
33.8069
33.8166
33.8268
33.8362
33.8456
33.8557
33.8651
33.8753
33.8851
33.8952
33.9047
33.9136
33.9237
33.9336
33.9437
33.9531
33.9618
33.9719
33.9804
33.9903
33.9983
34.0077
34.0164
34.025
34.035
34.0446
34.0547
34.0637
34.0731
34.0824
34.0917
34.1002
34.1101
34.1191
34.1281
34.1368
34.1465
34.1553
34.1639
34.174
34.1829
34.191
34.1998
34.2092
34.2189
34.2276
34.2371
34.247
34.2552
34.2651
34.2738
34.283
34.2912
34.2996
34.3083
34.317
34.327
34.337
34.3455
34.355
34.364
34.3732
34.3817
34.3912
34.4022
34.4116
34.4215
34.4302
34.4383
34.4474
34.4567
34.4667
34.4756
34.4839
34.4935
34.5043
34.5139
34.5221
34.5324
34.5417
34.5511
34.5589
34.5678
34.5758
34.5847
34.5938
34.6035
34.6125
34.6207
34.6299
34.6378
34.647
34.6556
34.6639
34.6728
34.6802
34.6885
34.6979
34.7053
34.714
34.7222
34.7308
34.7396
34.7483
34.7565
34.7658
34.7748
34.7837
34.7924
34.8009
34.81
34.8196
34.8277
34.837
34.8462
34.8551
34.8643
34.8735
34.8812
34.8898
34.8978
34.9052
34.9131
34.921
34.9296
34.939
34.9478
34.9565
34.965
34.9736
34.982
34.9898
34.9981
35.0068
35.0141
35.0227
35.0306
35.0391
35.0472
35.0552
35.0639
35.0721
35.0803
35.0888
35.097
35.1051
35.1135
35.1215
35.1304
35.1381
35.1462
35.1544
35.1628
35.1715
35.1793
35.1871
35.1949
35.203
35.2117
35.2212
35.2288
35.2377
35.2453
35.2536
35.2607
35.2696
35.2782
35.286
35.294
35.3022
35.311
35.319
35.3283
35.3369
35.3435
35.3522
35.3598
35.3678
35.3755
35.3833
35.3905
35.3984
35.4072
35.4156
35.4231
35.4308
35.4382
35.4477
35.4556
35.463
35.4706
35.4784
35.4868
35.4943
35.5024
35.5096
35.5187
35.5264
35.5344
35.5423
35.5499
35.5576
35.5655
35.5741
35.5816
35.5893
35.5977
35.6057
35.6133
35.6216
35.6297
35.6374
35.6463
35.6539
35.6612
35.6681
35.6762
35.6846
35.6917
35.6993
35.7072
35.7145
35.7227
35.7305
35.7393
35.7461
35.7533
35.7608
35.769
35.7763
35.7843
35.7926
35.7997
35.8073
35.8153
35.8229
35.83
35.8367
35.8444
35.8515
35.8591
35.8668
35.8739
35.8819
35.889
35.8965
35.9036
35.9107
35.9186
35.9255
35.9334
35.9411
35.9492
35.9572
35.9646
35.9725
35.9804
35.9883
35.9955
36.0028
36.0102
36.0177
36.0252
36.0333
36.0419
36.0494
36.0564
36.0633
36.0715
36.0793
36.087
36.0935
36.1013
36.1093
36.1174
36.1249
36.1324
36.1403
36.1474
36.1552
36.1625
36.1704
36.1776
36.185
36.1928
36.1998
36.2065
36.2141
36.2213
36.2275
36.2354
36.2435
36.2504
36.2579
36.2646
36.2714
36.2782
36.2857
36.2932
36.3016
36.3094
36.3176
36.3251
36.332
36.3397
36.3476
36.355
36.3615
36.3686
36.3761
36.382
36.3895
36.3972
36.4042
36.4124
36.4196
36.427
36.434
36.4413
36.4489
36.4556
36.4626
36.4697
36.4774
36.4843
36.492
36.499
36.5057
36.5127
36.5198
36.5268
36.5342
36.5425
36.5497
36.5568
36.5641
36.5719
36.5787
36.5857
36.593
36.6
36.6072
36.6137
36.6219
36.6287
36.6349
36.6413
36.6478
36.6548
36.6613
36.6683
36.6749
36.6819
36.6892
36.6963
36.703
36.7103
36.7163
36.7232
36.7299
36.7364
36.7436
36.751
36.7583
36.7647
36.7731
36.7792
36.7863
36.7927
36.7997
36.8059
36.8128
36.8205
36.8268
36.8328
36.8402
36.8474
36.8538
36.8612
36.8685
36.8758
36.8828
36.8903
36.897
36.9041
36.9109
36.9176
36.9245
36.9319
36.9391
36.9455
36.9519
36.9584
36.9658
36.9726
36.9793
36.9856
36.993
36.9995
37.0072
37.0144
37.0212
37.028
37.0352
37.0418
37.0489
37.0552
37.0621
37.0683
37.0758
37.0828
37.0893
37.0955
37.102
37.1084
37.1147
37.1219
37.1286
37.1355
37.1423
37.149
37.1564
37.1626
37.1688
37.1757
37.1827
37.1888
37.1965
37.2039
37.2103
37.2172
37.2235
37.2306
37.2369
37.2433
37.2502
37.2571
37.2638
37.2706
37.2769
37.2839
37.2907
37.2968
37.3026
37.3087
37.3153
37.3227
37.3296
37.3365
37.3439
37.35
37.3561
37.3621
37.3682
37.3741
37.3807
37.3873
37.3942
37.401
37.4078
37.4152
37.4217
37.4286
37.4348
37.4407
37.4468
37.4534
37.4594
37.4662
37.473
37.4793
37.4861
37.4923
37.4981
37.5052
37.5118
37.5181
37.5257
37.5321
37.5389
37.5454
37.552
37.5588
37.5652
37.5718
37.5785
37.5846
37.5915
37.5982
37.6041
37.6109
37.6184
37.624
37.6304
37.6374
37.6446
37.6516
37.6582
37.6648
37.6713
37.6783
37.6846
37.6915
37.6985
37.7051
37.7108
37.717
37.7229
37.7299
37.7376
37.7436
37.7509
37.7571
37.7638
37.7703
37.7767
37.7824
37.7885
37.7945
37.8009
37.8073
37.8145
37.8217
37.8281
37.8342
37.8411
37.8479
37.8544
37.8608
37.8669
37.8738
37.8802
37.8867
37.8927
37.8996
37.9049
37.9108
37.9181
37.9252
37.9323
37.9389
37.9456
37.9533
37.9601
37.9667
37.9734
37.9803
37.9859
37.9921
37.9985
38.0052
38.0112
38.0185
38.025
38.031
38.038
38.0437
38.0496
38.0555
38.0621
38.0681
38.074
38.0801
38.0861
38.0922
38.0985
38.1045
38.1111
38.1183
38.1243
38.13
38.1356
38.1417
38.1473
38.1543
38.1608
38.1669
38.1725
38.179
38.1854
38.1916
38.1974
38.2029
38.2095
38.2161
38.2227
38.2293
38.2352
38.2423
38.248
38.2547
38.2609
38.2665
38.2732
38.2789
38.2841
38.2901
38.2963
38.3025
38.3076
38.3137
38.3206
38.3261
38.3321
38.338
38.3446
38.3501
38.3565
38.3627
38.3683
38.374
38.38
38.3867
38.3924
38.3983
38.4044
38.411
38.4171
38.4224
38.4281
38.4339
38.4395
38.4456
38.4517
38.4576
38.4634
38.4694
38.4745
38.4812
38.4878
38.4933
38.499
38.5057
38.5125
38.5179
38.5245
38.5304
38.5365
38.543
38.549
38.5546
38.5607
38.5678
38.5742
38.5802
38.5862
38.5928
38.5991
38.605
38.6116
38.6181
38.6244
38.6305
38.6365
38.6427
38.6487
38.6548
38.6607
38.6664
38.6724
38.6781
38.6844
38.6897
38.6958
38.702
38.7078
38.7136
38.7202
38.7258
38.7312
38.7363
38.7421
38.7489
38.7543
38.7603
38.7665
38.7727
38.7792
38.7858
38.791
38.7969
38.8027
38.808
38.8138
38.8199
38.8267
38.8336
38.8397
38.8462
38.8518
38.8578
38.8636
38.8697
38.8762
38.8819
38.8876
38.8937
38.9003
38.9067
38.9129
38.9188
38.9254
38.9312
38.9373
38.9434
38.9494
38.9555
38.9618
38.9674
38.9736
38.9793
38.9848
38.9903
38.9963
39.0025
39.0088
39.0144
39.0198
39.0264
39.0323
39.0382
39.0444
39.0506
39.0566
39.0623
39.0681
39.074
39.0793
39.0854
39.0922
39.0987
39.1045
39.1106
39.1161
39.1221
39.128
39.134
39.1401
39.1456
39.1512
39.1571
39.163
39.1697
39.1758
39.1809
39.186
39.1912
39.197
39.203
39.2085
39.2145
39.2207
39.2269
39.2327
39.2382
39.2443
39.25
39.2553
39.2619
39.268
39.2747
39.2803
39.2856
39.2917
39.2974
39.3029
39.3081
39.3138
39.3197
39.3254
39.3312
39.3365
39.3425
39.3483
39.3543
39.3601
39.3662
39.3716
39.3773
39.3832
39.3889
39.3936
39.3985
39.4039
39.4095
39.4157
39.4213
39.4278
39.4336
39.4398
39.4454
39.4512
39.4574
39.4628
39.4692
39.4751
39.4807
39.4858
39.4912
39.4962
39.5017
39.5076
39.5128
39.5185
39.5248
39.5301
39.5365
39.5423
39.5481
39.5534
39.5592
39.5649
39.5708
39.5764
39.5822
39.5881
39.5929
39.5988
39.6047
39.6098
39.6149
39.6208
39.6261
39.6317
39.6374
39.6435
39.6491
39.6542
39.6596
39.6651
39.6694
39.6761
39.6816
39.6873
39.693
39.6984
39.7045
39.7108
39.717
39.7229
39.7284
39.7344
39.74
39.7454
39.7514
39.7561
39.7617
39.7663
39.7718
39.7774
39.783
39.7882
39.7935
39.7991
39.8045
39.8096
39.8152
39.8204
39.826
39.8316
39.8371
39.8435
39.8487
39.8544
39.8603
39.8658
39.8714
39.8771
39.8831
39.8886
39.8942
39.9002
39.9056
39.9118
39.9176
39.9235
39.9288
39.9343
39.9404
39.9454
39.9511
39.9566
39.9624
39.9688
39.9744
39.9798
39.9856
39.9911
39.9972
40.0029
40.009
40.0147
40.0196
40.0254
40.0308
40.0366
40.0417
40.0467
40.0515
40.0571
40.0631
40.0697
40.0745
40.0796
40.085
40.0903
40.096
40.1018
40.1079
40.1137
40.1199
40.1253
40.1302
40.1354
40.1411
40.1468
40.1525
40.1585
40.164
40.1697
40.1749
40.1812
40.1875
40.193
40.1988
40.2041
40.2098
40.2159
40.2216
40.2263
40.2314
40.2368
40.2424
40.2478
40.253
40.2586
40.2645
40.2693
40.2748
40.2803
40.2856
40.2918
40.2964
40.3025
40.3082
40.3137
40.3197
40.3248
40.3304
40.3359
40.3405
40.3455
40.3508
40.3559
40.3617
40.3677
40.3728
40.378
40.3841
40.3899
40.395
40.4007
40.4056
40.411
40.4165
40.4215
40.4265
40.4318
40.4371
40.4433
40.4479
40.4534
40.4586
40.464
40.4695
40.4749
40.4806
40.4865
40.4927
40.4979
40.5031
40.5088
40.5149
40.5201
40.526
40.5319
40.5373
40.5429
40.5484
40.5535
40.5591
40.5647
40.5704
40.5758
40.5812
40.5868
40.5921
40.5972
40.6038
40.6094
40.6147
40.6209
40.6262
40.6315
40.6363
40.6423
40.6482
40.6533
40.6587
40.664
40.6693
40.675
40.6802
40.6849
40.6908
40.6962
40.7017
40.7075
40.7134
40.7196
40.725
40.7301
40.7359
40.741
40.7459
40.7513
40.7564
40.7618
40.7673
40.7725
40.778
40.7839
40.7893
40.7946
40.7998
40.8058
40.8106
40.8151
40.821
40.8265
40.832
40.8375
40.8432
40.8486
40.854
40.8601
40.8654
40.871
40.8763
40.8815
40.8872
40.8926
40.8979
40.9035
40.9093
40.9146
40.9199
40.926
40.9309
40.9362
40.9418
40.9472
40.9524
40.9579
40.9627
40.968
40.9733
40.9781
40.984
40.9893
40.9947
41.0002
41.0059
41.011
41.0169
41.0226
41.0282
41.0341
41.0391
41.0449
41.0504
41.0564
41.0621
41.0676
41.0728
41.0781
41.0834
41.0888
41.0942
41.0991
41.1043
41.1101
41.1158
41.1212
41.1264
41.1314
41.1372
41.1425
41.1481
41.1528
41.1592
41.1638
41.1692
41.1744
41.1799
41.1854
41.1905
41.1963
41.2012
41.2066
41.212
41.2169
41.2224
41.2276
41.2325
41.2387
41.2448
41.2499
41.2561
41.2616
41.2667
41.2711
41.276
41.2813
41.2869
41.2924
41.2978
41.303
41.308
41.3133
41.3192
41.3242
41.3293
41.3346
41.34
41.3454
41.3508
41.3562
41.3612
41.366
41.371
41.3765
41.3821
41.3873
41.393
41.3986
41.4037
41.4088
41.4142
41.4196
41.425
41.43
41.4359
41.4419
41.4469
41.4525
41.4574
41.4626
41.4679
41.4737
41.479
41.4844
41.4901
41.495
41.5009
41.5061
41.5113
41.5166
41.5218
41.5267
41.5319
41.5369
41.5425
41.5474
41.5528
41.5579
41.5632
41.5685
41.5742
41.5792
41.5844
41.5903
41.5957
41.6018
41.6074
41.6125
41.6179
41.6227
41.6276
41.6328
41.6383
41.6433
41.6482
41.6535
41.6587
41.6641
41.6693
41.6743
41.6796
41.6854
41.69
41.6951
41.7005
41.7064
41.7118
41.717
41.7221
41.7279
41.7335
41.7386
41.7438
41.7488
41.7537
41.7587
41.7644
41.7695
41.7747
41.7798
41.7852
41.7908
41.796
41.8016
41.8073
41.8126
41.8177
41.8228
41.828
41.833
41.8384
41.8441
41.85
41.8557
41.8607
41.8662
41.8713
41.8762
41.8812
41.8864
41.8912
41.8965
41.902
41.9072
41.9116
41.9162
41.9223
41.9277
41.9324
41.9374
41.9421
41.9471
41.9526
41.9581
41.963
41.969
41.9741
41.9796
41.9849
41.99
41.9948
42.0001
42.0052
42.011
42.0164
42.0214
42.0267
42.0318
42.0364
42.0416
42.046
42.0509
42.0562
42.0613
42.0662
42.0713
42.076
42.0817
42.0871
42.0926
42.0978
42.1025
42.1073
42.1122
42.1171
42.1223
42.1273
42.1328
42.1378
42.1429
42.1482
42.1534
42.1586
42.1635
42.1684
42.1726
42.1774
42.1828
42.1877
42.1928
42.1979
42.2029
42.2079
42.2128
42.2186
42.2232
42.2284
42.2333
42.2381
42.2431
42.2486
42.2542
42.259
42.2641
42.2694
42.2742
42.2798
42.2851
42.2902
42.2957
42.3008
42.3061
42.3117
42.3172
42.3222
42.3267
42.3324
42.3375
42.3428
42.3483
42.3534
42.3583
42.3638
42.3693
42.374
42.3792
42.3847
42.3898
42.3955
42.4006
42.4055
42.4103
42.4148
42.4199
42.4247
42.4298
42.4346
42.4405
42.4455
42.4512
42.4565
42.4615
42.467
42.4719
42.4768
42.4821
42.4877
42.4924
42.4972
42.503
42.5088
42.514
42.5188
42.5235
42.5284
42.5332
42.5379
42.5428
42.5474
42.5518
42.5569
42.5617
42.5667
42.5716
42.5768
42.5822
42.5877
42.5927
42.5981
42.603
42.608
42.6136
42.6179
42.6233
42.6283
42.6333
42.6376
42.6432
42.6489
42.6538
42.6587
42.6641
42.6687
42.6736
42.6783
42.6831
42.6877
42.6925
42.6981
42.703
42.7078
42.7133
42.7182
42.7229
42.7281
42.7328
42.7383
42.7434
42.748
42.753
42.7583
42.7633
42.7685
42.7736
42.7789
42.784
42.7893
42.7942
42.7993
42.804
42.8091
42.8146
42.8188
42.8239
42.8293
42.8339
42.8387
42.8441
42.8498
42.8548
42.8602
42.865
42.8706
42.8757
42.8813
42.8864
42.8919
42.8966
42.9018
42.9064
42.9109
42.9163
42.9212
42.9262
42.9316
42.9368
42.9414
42.9464
42.9522
42.9568
42.9615
42.9661
42.9715
42.9762
42.9808
42.9857
42.9908
42.9956
43.0002
43.0047
43.0101
43.0151
43.0203
43.0253
43.0304
43.036
43.041
43.0454
43.0499
43.0552
43.0596
43.0643
43.0691
43.0741
43.0788
43.0839
43.0887
43.0936
43.098
43.1032
43.1086
43.1135
43.1188
43.1238
43.1289
43.134
43.1389
43.1437
43.1489
43.1541
43.1598
43.1646
43.1693
43.1737
43.1784
43.1844
43.1891
43.194
43.1993
43.2044
43.209
43.2138
43.2188
43.2234
43.2286
43.2336
43.2389
43.2431
43.248
43.2529
43.2576
43.2624
43.2671
43.272
43.2769
43.2814
43.2868
43.2921
43.2969
43.3018
43.3067
43.3116
43.3172
43.3221
43.3267
43.3312
43.3361
43.3407
43.346
43.351
43.355
43.3602
43.3652
43.3702
43.3754
43.3801
43.3854
43.3904
43.3954
43.4004
43.4052
43.4099
43.4149
43.4191
43.4234
43.4282
43.4326
43.4372
43.4421
43.4467
43.4518
43.4568
43.4616
43.4659
43.4714
43.4758
43.4815
43.4862
43.4915
43.4959
43.5009
43.5055
43.5101
43.5156
43.5201
43.525
43.5299
43.5344
43.5398
43.5444
43.549
43.5537
43.5588
43.5637
43.5688
43.5732
43.5779
43.5829
43.588
43.5931
43.5977
43.6027
43.6076
43.6125
43.6173
43.6222
43.6273
43.6321
43.6369
43.642
43.6459
43.6503
43.6553
43.6604
43.6652
43.6699
43.6746
43.6795
43.6842
43.6897
43.6947
43.6994
43.7037
43.7086
43.7134
43.7183
43.7225
43.7278
43.7329
43.7369
43.7418
43.746
43.7505
43.7557
43.7602
43.7649
43.7706
43.7752
43.7798
43.7849
43.7896
43.7948
43.7997
43.8042
43.8089
43.8136
43.8183
43.8224
43.8274
43.8323
43.8372
43.8421
43.8473
43.8526
43.8576
43.8624
43.8675
43.8722
43.8774
43.8819
43.8865
43.891
43.8958
43.9004
43.9049
43.9099
43.9148
43.9196
43.9243
43.9294
43.9341
43.9388
43.944
43.949
43.954
43.9588
43.9639
43.9697
43.9744
43.9792
43.9844
43.9894
43.9942
43.999
44.0037
44.0089
44.014
44.0185
44.0237
44.0291
44.034
44.039
44.0446
44.0492
44.0538
44.0585
44.0634
44.0684
44.0732
44.0779
44.0827
44.0874
44.092
44.097
44.1017
44.1057
44.1107
44.1157
44.1201
44.1256
44.1302
44.1355
44.1401
44.1456
44.15
44.1551
44.1598
44.1649
44.1693
44.1735
44.1781
44.1839
44.1885
44.1929
44.1975
44.2023
44.2072
44.2119
44.2166
44.2218
44.227
44.2317
44.2362
44.2409
44.2456
44.25
44.2552
44.2602
44.2646
44.2696
44.2744
44.2794
44.2841
44.2897
44.2947
44.2993
44.3042
44.3091
44.3136
44.3185
44.3232
44.3276
44.3328
44.3383
44.3433
44.3485
44.3536
44.3584
44.3633
44.368
44.3734
44.3784
44.3834
44.3879
44.3927
44.3975
44.4026
44.407
44.4117
44.4159
44.4206
44.4253
44.4299
44.4347
44.4396
44.4443
44.4495
44.4546
44.4599
44.4642
44.469
44.4736
44.4786
44.4835
44.4877
44.4931
44.4976
44.5026
44.5073
44.5126
44.5176
44.5223
44.5269
44.5316
44.5364
44.5413
44.546
44.5504
44.5548
44.5598
44.5653
44.5699
44.5748
44.5796
44.5841
44.5892
44.5938
44.5988
44.6038
44.609
44.614
44.6195
44.6239
44.6291
44.6339
44.6385
44.643
44.6479
44.6525
44.6564
44.6613
44.6663
44.6714
44.6766
44.6814
44.6861
44.6911
44.696
44.7007
44.7056
44.7103
44.7157
44.7207
44.7251
44.7301
44.7344
44.7396
44.7445
44.7497
44.7544
44.7592
44.7638
44.7684
44.7733
44.778
44.784
44.7891
44.794
44.7986
44.8031
44.8074
44.8121
44.8168
44.8217
44.8264
44.8312
44.8363
44.8416
44.8464
44.8511
44.8563
44.8614
44.8659
44.8709
44.8758
44.8813
44.8868
44.8913
44.8964
44.9003
44.9051
44.9092
44.9138
44.9189
44.9235
44.9286
44.9336
44.9385
44.9433
44.9484
44.9532
44.9583
44.963
44.9678
44.9723
44.9772
44.9818
44.9864
44.9911
44.9962
45.0008
45.006
45.0112
45.016
45.0209
45.0263
45.0316
45.0365
45.0412
45.0463
45.0514
45.0561
45.0608
45.0657
45.0703
45.0748
45.0797
45.0843
45.0891
45.0939
45.0983
45.1029
45.1088
45.1137
45.1186
45.1228
45.1278
45.1319
45.1365
45.1415
45.1467
45.151
45.156
45.1606
45.1654
45.1705
45.1748
45.1791
45.1839
45.1881
45.1929
45.1977
45.2022
45.2064
45.2111
45.2158
45.2206
45.2258
45.2303
45.2349
45.2393
45.2442
45.2493
45.2539
45.2588
45.2632
45.2678
45.2718
45.2764
45.2822
45.2867
45.2913
45.2955
45.3009
45.3061
45.3109
45.3156
45.3199
45.3247
45.3291
45.3339
45.3392
45.3438
45.3483
45.3538
45.3584
45.3628
45.3677
45.3724
45.3773
45.3819
45.3869
45.3916
45.3967
45.4014
45.4066
45.4112
45.4167
45.4214
45.4259
45.4308
45.4357
45.4405
45.4451
45.4496
45.4551
45.4595
45.4643
45.469
45.4738
45.4788
45.4832
45.4878
45.4928
45.4971
45.5019
45.5059
45.5108
45.5162
45.5211
45.5258
45.5303
45.5351
45.5401
45.5446
45.5498
45.5544
45.5597
45.5646
45.5698
45.5744
45.579
45.5835
45.5881
45.593
45.5977
45.6023
45.6071
45.6117
45.6169
45.622
45.6271
45.6325
45.6368
45.641
45.6459
45.6508
45.6556
45.6605
45.6654
45.6709
45.6753
45.6804
45.6852
45.6895
45.6939
45.6994
45.7044
45.709
45.7138
45.7189
45.7235
45.7287
45.7333
45.7374
45.7421
45.7467
45.7518
45.756
45.7606
45.7658
45.771
45.7759
45.7805
45.785
45.7899
45.7951
45.8001
45.8051
45.8099
45.8151
45.8198
45.8244
45.829
45.8338
45.8389
45.8442
45.8486
45.8534
45.8585
45.8634
45.8683
45.8728
45.8777
45.8822
45.887
45.8922
45.8966
45.9016
45.9059
45.9105
45.9158
45.9212
45.9255
45.9303
45.9352
45.9401
45.9449
45.9494
45.9544
45.9596
45.9641
45.969
45.9739
45.9788
45.983
45.9877
45.9925
45.9971
46.0022
46.0072
46.0114
46.0157
46.0202
46.0246
46.0292
46.0334
46.038
46.0428
46.0477
46.0526
46.0577
46.0627
46.0672
46.0723
46.0772
46.0818
46.0862
46.0906
46.0951
46.0998
46.1044
46.1093
46.1136
46.118
46.1227
46.1279
46.1325
46.1373
46.143
46.1482
46.1528
46.1578
46.1629
46.1681
46.1729
46.1777
46.1828
46.1875
46.1924
46.1973
46.2021
46.2077
46.2122
46.2171
46.2216
46.2263
46.2309
46.2359
46.2405
46.245
46.2499
46.2548
46.2595
46.2645
46.2693
46.274
46.279
46.2837
46.2885
46.293
46.2971
46.3019
46.3066
46.3109
46.3159
46.3211
46.3256
46.3302
46.3347
46.3398
46.3437
46.3485
46.3538
46.3589
46.3639
46.3684
46.3737
46.3788
46.3838
46.388
46.3933
46.3975
46.4023
46.4073
46.4126
46.4172
46.4217
46.4265
46.4312
46.4356
46.441
46.4453
46.4503
46.4563
46.461
46.466
46.4704
46.4749
46.4799
46.485
46.4903
46.4954
46.4998
46.5043
46.5088
46.5142
46.5196
46.525
46.5298
46.5348
46.5391
46.5443
46.5494
46.5542
46.5588
46.5635
46.5683
46.5721
46.5772
46.5822
46.5866
46.5917
46.5967
46.6014
46.6057
46.6106
46.6156
46.6203
46.6254
46.6298
46.6352
46.6403
46.6447
46.6493
46.6544
46.6597
46.6646
46.6694
46.6748
46.6794
46.684
46.6882
46.6936
46.6987
46.7036
46.7083
46.7134
46.7188
46.7236
46.7286
46.7335
46.7378
46.7427
46.7473
46.7526
46.7571
46.7622
46.7667
46.7714
46.7757
46.7809
46.7859
46.79
46.7948
46.7995
46.8043
46.8092
46.8145
46.8192
46.8241
46.829
46.8337
46.8385
46.8439
46.8485
46.8536
46.8577
46.8626
46.8672
46.8723
46.877
46.8815
46.8866
46.8911
46.8962
46.9016
46.9065
46.9116
46.9177
46.9229
46.9286
46.9331
46.9376
46.942
46.9471
46.9517
46.9562
46.961
46.9661
46.9711
46.9762
46.981
46.9859
46.9906
46.9952
47.0003
47.0053
47.0099
47.0149
47.0192
47.0233
47.0276
47.0323
47.0373
47.0421
47.0469
47.0515
47.0559
47.061
47.066
47.0708
47.0758
47.0809
47.0852
47.0905
47.0955
47.101
47.1063
47.111
47.1155
47.1203
47.125
47.1293
47.1343
47.1391
47.1437
47.1485
47.1534
47.1585
47.1632
47.1675
47.1722
47.177
47.1823
47.1871
47.1921
47.1973
47.2026
47.2073
47.2119
47.2176
47.2219
47.2261
47.2306
47.2351
47.2395
47.2442
47.2497
47.2544
47.2587
47.2641
47.2697
47.2751
47.2806
47.2855
47.2907
47.2951
47.3004
47.3054
47.3106
47.3158
47.3209
47.3256
47.33
47.3349
47.3393
47.3445
47.3497
47.3551
47.3602
47.3654
47.3699
47.3748
47.3802
47.3858
47.3902
47.3952
47.3998
47.4047
47.4095
47.4145
47.4187
47.4241
47.4286
47.4334
47.4381
47.443
47.4476
47.4526
47.4581
47.4627
47.4678
47.4722
47.4772
47.482
47.487
47.4914
47.4962
47.5012
47.5061
47.5112
47.5162
47.5215
47.5263
47.5311
47.5355
47.5402
47.5447
47.5501
47.5552
47.5608
47.5655
47.5707
47.5758
47.5807
47.5854
47.5903
47.5948
47.5997
47.6046
47.6096
47.6141
47.6186
47.6234
47.6282
47.6327
47.6374
47.6422
47.6471
47.6526
47.6573
47.662
47.6666
47.6717
47.6772
47.6821
47.6875
47.6931
47.6978
47.703
47.7074
47.7123
47.7172
47.7226
47.7277
47.7324
47.7375
47.7424
47.7471
47.7517
47.7567
47.7626
47.7675
47.7718
47.7772
47.7826
47.7874
47.7919
47.7967
47.802
47.8069
47.8119
47.8166
47.8221
47.826
47.8312
47.8364
47.8412
47.8464
47.8509
47.8558
47.8612
47.8663
47.8713
47.876
47.8818
47.8867
47.8913
47.8962
47.901
47.9055
47.9105
47.9152
47.9197
47.9245
47.929
47.934
47.9391
47.9441
47.9488
47.9537
47.9589
47.9638
47.9683
47.9728
47.9776
47.9827
47.9875
47.9924
47.9972
48.002
48.0069
48.012
48.0174
48.0227
48.0282
48.0335
48.0386
48.0436
48.0484
48.0534
48.0585
48.0632
48.0679
48.073
48.0782
48.0832
48.0886
48.0938
48.0991
48.1043
48.1095
48.1149
48.1196
48.1242
48.1298
48.1344
48.1395
48.1438
48.1481
48.1536
48.1584
48.1635
48.168
48.1728
48.1777
48.1828
48.1876
48.1925
48.197
48.2027
48.208
48.2136
48.2184
48.223
48.228
48.2335
48.239
48.2444
48.2492
48.254
48.2595
48.2637
48.2693
48.2742
48.2791
48.2837
48.2893
48.2945
48.2991
48.3038
48.3093
48.3144
48.3192
48.3241
48.329
48.3338
48.3393
48.3446
48.3497
48.3545
48.3604
48.3658
48.371
48.3756
48.3808
48.3859
48.3909
48.3959
48.4006
48.4058
48.4112
48.4163
48.421
48.426
48.4315
48.4363
48.4414
48.4474
48.4531
48.4573
48.4624
48.4673
48.4723
48.4771
48.4818
48.4861
48.4917
48.4969
48.5017
48.5066
48.5119
48.5168
48.5219
48.5266
48.5313
48.5365
48.5416
48.5469
48.5521
48.5574
48.563
48.5683
48.5736
48.5788
48.5835
48.5889
48.5942
48.5987
48.6038
48.6093
48.6148
48.6205
48.6259
48.6309
48.6362
48.6405
48.646
48.6518
48.6569
48.6614
48.6665
48.6717
48.6769
48.6816
48.6865
48.691
48.6967
48.702
48.7075
48.7122
48.7171
48.7218
48.7267
48.7319
48.7378
48.7426
48.7479
48.7533
48.7586
48.764
48.7696
48.7754
48.78
48.7845
48.7899
48.7944
48.799
48.8041
48.8096
48.8154
48.8207
48.8254
48.8304
48.8352
48.8402
48.8453
48.8507
48.856
48.8607
48.8663
48.8717
48.8769
48.8825
48.8871
48.8919
48.8965
48.9013
48.9062
48.9111
48.9157
48.9204
48.9255
48.9309
48.936
48.9407
48.946
48.9512
48.9563
48.9611
48.9666
48.9716
48.977
48.9817
48.9865
48.9915
48.996
49.0008
49.0061
49.011
49.0161
49.0214
49.0263
49.0316
49.0369
49.0419
49.0467
49.052
49.0577
49.0623
49.0677
49.0727
49.0774
49.0826
49.0878
49.0931
49.0981
49.1038
49.109
49.1135
49.1191
49.1242
49.1296
49.1357
49.1404
49.1454
49.1502
49.1553
49.1601
49.1663
49.1715
49.1771
49.1826
49.1878
49.1924
49.1974
49.2029
49.208
49.213
49.2186
49.2239
49.2289
49.2345
49.2397
49.245
49.2503
49.2547
49.2599
49.2654
49.2709
49.2764
49.2823
49.2875
49.2924
49.2976
49.3026
49.3082
49.3141
49.3192
49.3244
49.3291
49.3345
49.3395
49.3446
49.3498
49.3552
49.3603
49.3652
49.3703
49.3758
49.3804
49.3854
49.3905
49.3952
49.4005
49.4056
49.4102
49.4156
49.421
49.4258
49.431
49.4361
49.4412
49.447
49.4519
49.457
49.4623
49.4681
49.4732
49.4783
49.4833
49.4884
49.4937
49.4993
49.5043
49.5095
49.5145
49.5198
49.5252
49.5312
49.5366
49.5418
49.5476
49.5529
49.5576
49.5627
49.5683
49.5743
49.5792
49.5845
49.5896
49.5955
49.6
49.6054
49.611
49.6163
49.6217
49.6273
49.6329
49.6386
49.6434
49.6488
49.6548
49.6599
49.6657
49.6703
49.6754
49.6812
49.686
49.6918
49.6972
49.7032
49.7089
49.7139
49.7194
49.725
49.7303
49.7356
49.7409
49.7468
49.7518
49.7576
49.7626
49.7678
49.7734
49.7782
49.7837
49.7885
49.7931
49.7987
49.8041
49.8092
49.8146
49.8202
49.8258
49.8315
49.8373
49.8434
49.8491
49.8546
49.8602
49.8651
49.8707
49.8763
49.8815
49.8861
49.8914
49.8966
49.9021
49.907
49.9127
49.9179
49.9238
49.9288
49.9341
49.9398
49.945
49.9508
49.9562
49.9615
49.9668
49.9728
49.9786
49.984
49.9892
49.9951
50.0008
50.0062
50.0117
50.0174
50.0232
50.0286
50.0339
50.0391
50.0448
50.0501
50.0549
50.0599
50.0646
50.0706
50.0773
50.0828
50.0884
50.0938
50.0992
50.1047
50.1097
50.1144
50.1198
50.1255
50.1311
50.1366
50.1414
50.1465
50.1515
50.1574
50.1627
50.168
50.1734
50.1798
50.1854
50.1911
50.1964
50.2023
50.2082
50.2143
50.2199
50.226
50.2314
50.2367
50.2421
50.2483
50.2534
50.2588
50.2651
50.2701
50.2756
50.2812
50.2862
50.2916
50.2968
50.3024
50.3079
50.313
50.3185
50.325
50.3307
50.3366
50.3422
50.3476
50.3534
50.3591
50.3652
50.3706
50.3767
50.3826
50.3888
50.3946
50.4007
50.4064
50.4115
50.4167
50.422
50.4274
50.4334
50.4386
50.4443
50.45
50.4554
50.461
50.4672
50.4728
50.4797
50.4858
50.4914
50.4969
50.5024
50.5079
50.5133
50.5188
50.5248
50.531
50.5359
50.5411
50.5468
50.5523
50.5576
50.5631
50.5689
50.5745
50.5802
50.5866
50.5918
50.5973
50.6028
50.6086
50.6137
50.6196
50.6249
50.6307
50.6358
50.6418
50.6473
50.653
50.6592
50.6649
50.671
50.6772
50.6822
50.687
50.6928
50.6997
50.7049
50.7104
50.7161
50.7219
50.7277
50.7339
50.739
50.7453
50.7508
50.7569
50.7621
50.7676
50.7729
50.7796
50.7851
50.7908
50.7965
50.8016
50.8078
50.8138
50.8192
50.8252
50.8307
50.8361
50.8415
50.8474
50.8536
50.8591
50.8643
50.8699
50.8759
50.8819
50.8884
50.8942
50.9009
50.9074
50.9131
50.9184
50.9238
50.9296
50.9349
50.9402
50.9458
50.9513
50.9567
50.9622
50.9677
50.9738
50.9795
50.9854
50.99
50.996
51.0014
51.0067
51.0124
51.0182
51.0244
51.0307
51.0362
51.0413
51.0474
51.0534
51.0587
51.0647
51.0706
51.0766
51.0827
51.0886
51.0938
51.0996
51.1058
51.1115
51.1177
51.1236
51.1298
51.1356
51.1417
51.148
51.1539
51.1601
51.1657
51.1713
51.177
51.1832
51.1887
51.1946
51.2004
51.206
51.2124
51.218
51.2241
51.2302
51.2365
51.2412
51.247
51.2528
51.259
51.2647
51.2708
51.2762
51.2816
51.2878
51.294
51.2995
51.3059
51.3119
51.3179
51.3231
51.3295
51.3354
51.3415
51.348
51.3535
51.3597
51.3666
51.3729
51.3794
51.3849
51.3913
51.3975
51.4036
51.4096
51.4157
51.4219
51.4284
51.4334
51.4391
51.4451
51.4508
51.4568
51.4627
51.469
51.4745
51.4805
51.4865
51.4924
51.4986
51.5044
51.5098
51.5156
51.521
51.5266
51.5323
51.5381
51.5438
51.55
51.5556
51.5625
51.5684
51.5745
51.5808
51.5862
51.5921
51.5974
51.603
51.6093
51.6162
51.623
51.6291
51.6351
51.641
51.6464
51.6529
51.6586
51.6653
51.6709
51.6767
51.6832
51.6895
51.6948
51.6997
51.7062
51.7125
51.7184
51.7236
51.7306
51.7366
51.7429
51.75
51.7555
51.7622
51.7687
51.7747
51.7806
51.7862
51.7923
51.7979
51.8045
51.8101
51.8164
51.8232
51.8295
51.8349
51.841
51.8477
51.8535
51.8595
51.8654
51.8715
51.8771
51.8827
51.8886
51.8957
51.9016
51.9082
51.9142
51.9202
51.9259
51.9316
51.9383
51.9444
51.9505
51.9573
51.9628
51.9691
51.9754
51.9811
51.9876
51.9942
51.9993
52.0058
52.0119
52.0183
52.0248
52.0308
52.0369
52.0428
52.0494
52.056
52.0618
52.0672
52.0739
52.0797
52.0862
52.0925
52.0989
52.1048
52.1114
52.1172
52.123
52.1288
52.1338
52.1402
52.1462
52.1523
52.1585
52.1653
52.1718
52.1781
52.1844
52.1905
52.1961
52.2028
52.2087
52.2152
52.2219
52.2285
52.2351
52.2414
52.2474
52.2537
52.2604
52.2672
52.2736
52.2801
52.2862
52.2921
52.2976
52.3043
52.3104
52.3171
52.3228
52.3294
52.3358
52.3422
52.3482
52.3543
52.3613
52.368
52.3747
52.3811
52.3883
52.3944
52.4017
52.408
52.4144
52.4206
52.4268
52.4332
52.4394
52.4463
52.4523
52.4585
52.4645
52.471
52.477
52.4836
52.4901
52.4969
52.5031
52.5098
52.516
52.5225
52.5285
52.5353
52.5417
52.5484
52.5546
52.5618
52.5682
52.575
52.5818
52.5888
52.5954
52.6015
52.6078
52.6138
52.6197
52.6269
52.6328
52.6394
52.6457
52.6524
52.6587
52.6651
52.6711
52.6778
52.6845
52.691
52.6978
52.7041
52.7118
52.7182
52.7245
52.7307
52.7369
52.7424
52.7491
52.7562
52.7631
52.7707
52.7775
52.7836
52.7896
52.7959
52.8031
52.8097
52.8164
52.8225
52.8285
52.8353
52.843
52.849
52.8564
52.8636
52.8707
52.8769
52.8833
52.8903
52.8973
52.9041
52.9106
52.9179
52.9248
52.931
52.9376
52.9443
52.9508
52.9578
52.9642
52.9716
52.9784
52.9851
52.9919
52.9984
53.006
53.013
53.0197
53.0274
53.0341
53.0403
53.0471
53.0538
53.0611
53.0673
53.0746
53.0815
53.0885
53.0955
53.1016
53.1085
53.1147
53.1214
53.1284
53.1354
53.1419
53.1487
53.156
53.1628
53.17
53.1771
53.1834
53.1912
53.1978
53.2046
53.2107
53.2175
53.2251
53.2315
53.2378
53.2452
53.2532
53.26
53.2669
53.2749
53.2814
53.2874
53.2938
53.3007
53.3071
53.3138
53.3203
53.3264
53.3335
53.3403
53.3476
53.3542
53.3613
53.3674
53.3739
53.3809
53.3881
53.395
53.4021
53.4092
53.4165
53.423
53.4292
53.436
53.4433
53.4502
53.457
53.4631
53.4706
53.4781
53.4852
53.4912
53.4979
53.5049
53.5126
53.5195
53.5263
53.5331
53.5401
53.5467
53.5544
53.563
53.5701
53.5774
53.5853
53.5927
53.6003
53.6074
53.6142
53.6221
53.6296
53.6367
53.6436
53.6504
53.6577
53.6645
53.6713
53.679
53.6862
53.6938
53.7011
53.7081
53.7161
53.7235
53.7297
53.7372
53.7443
53.7511
53.7581
53.7657
53.7724
53.7803
53.7878
53.7944
53.8019
53.8086
53.8156
53.8227
53.8302
53.8367
53.8436
53.8502
53.8575
53.8647
53.8727
53.8798
53.8866
53.8939
53.9013
53.9089
53.917
53.9246
53.9319
53.9386
53.9448
53.952
53.9592
53.9669
53.9741
53.9816
53.9889
53.9973
54.0042
54.012
54.0204
54.0274
54.0352
54.0437
54.0509
54.0588
54.066
54.0736
54.0811
54.0885
54.0963
54.1041
54.1112
54.1188
54.1262
54.134
54.1412
54.1491
54.1558
54.1638
54.172
54.1797
54.1872
54.1947
54.2031
54.2114
54.2185
54.2266
54.2342
54.2416
54.2478
54.2555
54.2635
54.2713
54.2786
54.2855
54.2935
54.3016
54.3093
54.3171
54.325
54.3328
54.3406
54.3483
54.356
54.363
54.3718
54.3804
54.3879
54.3958
54.4046
54.4123
54.4196
54.4288
54.4367
54.4449
54.4522
54.4599
54.4686
54.4753
54.4834
54.4912
54.4994
54.5061
54.5144
54.5227
54.5311
54.5393
54.5481
54.5557
54.5645
54.5723
54.5797
54.5866
54.5937
54.6022
54.61
54.6177
54.6261
54.6346
54.6438
54.6511
54.6587
54.6676
54.6767
54.6848
54.6937
54.7022
54.7102
54.7186
54.7283
54.736
54.7449
54.7544
54.7619
54.7704
54.7784
54.7861
54.7942
54.8027
54.8104
54.8179
54.8271
54.8345
54.8436
54.8511
54.8598
54.8682
54.8764
54.886
54.8945
54.9043
54.912
54.9199
54.9281
54.9358
54.9442
54.9524
54.9602
54.9687
54.9782
54.9877
54.9958
55.0037
55.0125
55.0202
55.0296
55.0378
55.0453
55.0544
55.0633
55.0724
55.0809
55.0897
55.0994
55.1087
55.1172
55.126
55.1339
55.142
55.1503
55.1592
55.1678
55.1764
55.1859
55.1958
55.2041
55.2137
55.2228
55.2319
55.2399
55.2487
55.2586
55.2669
55.2758
55.2856
55.2954
55.3041
55.313
55.3226
55.3309
55.34
55.3482
55.3567
55.3666
55.3757
55.384
55.3922
55.4002
55.4104
55.4186
55.4271
55.4365
55.4449
55.4535
55.464
55.4733
55.4819
55.4918
55.5016
55.5109
55.5205
55.5301
55.5393
55.5494
55.5589
55.5676
55.5763
55.5854
55.5954
55.6051
55.6155
55.6243
55.6329
55.6426
55.6522
55.6622
55.6719
55.6823
55.6916
55.7009
55.7114
55.7212
55.7308
55.7415
55.7509
55.7608
55.7707
55.78
55.7901
55.7982
55.8078
55.8173
55.827
55.8371
55.8463
55.8558
55.8654
55.8747
55.8845
55.8948
55.905
55.9158
55.9259
55.936
55.9467
55.9558
55.9663
55.9757
55.9866
55.9974
56.0075
56.0172
56.0271
56.038
56.0477
56.0561
56.0654
56.0742
56.0839
56.0934
56.1041
56.1136
56.123
56.1332
56.1428
56.1522
56.1615
56.172
56.1827
56.1935
56.2028
56.2127
56.2219
56.2319
56.2424
56.2527
56.262
56.2729
56.2821
56.2927
56.3031
56.3139
56.3247
56.3346
56.3445
56.3553
56.3648
56.375
56.3859
56.3955
56.4068
56.4172
56.4262
56.4366
56.4475
56.4582
56.4691
56.4791
56.4903
56.5008
56.5115
56.5219
56.5335
56.5445
56.5565
56.5669
56.5787
56.591
56.6008
56.6116
56.6231
56.6345
56.645
56.6564
56.6695
56.6819
56.6927
56.7046
56.7167
56.7292
56.7387
56.7497
56.7618
56.7724
56.7829
56.7936
56.8054
56.8173
56.8285
56.8404
56.8525
56.8649
56.876
56.8883
56.8997
56.9114
56.9228
56.9357
56.9481
56.959
56.9716
56.9836
56.9956
57.0073
57.0214
57.0329
57.045
57.0577
57.0701
57.0829
57.0957
57.1091
57.1206
57.1337
57.1466
57.1599
57.1719
57.1843
57.198
57.2108
57.2248
57.2374
57.2494
57.2632
57.275
57.2881
57.3007
57.3166
57.3298
57.3428
57.357
57.3699
57.3824
57.395
57.4076
57.4204
57.4335
57.4464
57.4603
57.473
57.4857
57.4995
57.5139
57.5277
57.5414
57.5538
57.5685
57.5821
57.595
57.608
57.6226
57.637
57.651
57.6669
57.6822
57.6958
57.7093
57.7223
57.7351
57.7478
57.7634
57.7756
57.7903
57.8042
57.8193
57.8345
57.8488
57.8607
57.8758
57.8905
57.9039
57.9198
57.9338
57.949
57.9651
57.9812
57.996
58.0087
58.0214
58.0366
58.0509
58.0655
58.0813
58.097
58.1121
58.1295
58.1448
58.1616
58.176
58.1921
58.2062
58.2224
58.2401
58.2556
58.2735
58.29
58.3064
58.3225
58.3384
58.3552
58.3691
58.3839
58.4006
58.4177
58.4342
58.4524
58.4686
58.4862
58.5026
58.5216
58.5399
58.5562
58.572
58.5886
58.6057
58.6226
58.6396
58.6569
58.6747
58.6916
58.7086
58.7259
58.7451
58.7606
58.7771
58.7946
58.8139
58.833
58.8506
58.8667
58.8857
58.9017
58.92
58.9371
58.9549
58.9706
58.9878
59.0088
59.0268
59.0457
59.0654
59.0837
59.1009
59.1195
59.1405
59.1584
59.1759
59.1931
59.2114
59.2324
59.2514
59.2717
59.2903
59.309
59.3293
59.3493
59.3672
59.3851
59.404
59.4214
59.4431
59.4643
59.4875
59.507
59.5274
59.5482
59.5693
59.5894
59.6116
59.632
59.6509
59.6748
59.6969
59.7185
59.7404
59.7612
59.7834
59.8064
59.8285
59.8501
59.8728
59.8967
59.9196
59.9417
59.9636
59.9858
60.0097
60.0341
60.0556
60.0794
60.1019
60.1274
60.1509
60.1734
60.1977
60.2211
60.2448
60.2705
60.295
60.3182
60.3429
60.3691
60.3953
60.421
60.4441
60.4716
60.4973
60.5198
60.5441
60.5679
60.5947
60.6238
60.6484
60.6751
60.7042
60.7295
60.7567
60.7825
60.8102
60.8377
60.8637
60.891
60.921
60.947
60.9775
61.0091
61.0373
61.0686
61.0982
61.1247
61.1531
61.1835
61.2112
61.2423
61.2725
61.3023
61.3344
61.3628
61.3963
61.4293
61.4609
61.4929
61.523
61.5537
61.587
61.6197
61.6546
61.687
61.7197
61.7528
61.7879
61.8236
61.8525
61.8863
61.9202
61.9546
61.9855
62.0253
62.06
62.0942
62.1305
62.1645
62.1984
62.2322
62.2698
62.3101
62.344
62.3808
62.4149
62.4497
62.4888
62.5236
62.5619
62.6039
62.6412
62.6833
62.726
62.7658
62.8062
62.8418
62.8797
62.916
62.9579
63.0016
63.0462
63.0875
63.1344
63.1778
63.2185
63.2692
63.3126
63.3573
63.4007
63.4483
63.4911
63.5353
63.5797
63.6327
63.6836
63.7342
63.7795
63.8341
63.8808
63.9305
63.9804
64.0348
64.0804
64.1307
64.183
64.2376
64.2845
64.3343
64.3914
64.4442
64.4946
64.5519
64.6143
64.6665
64.7223
64.7794
64.8357
64.8889
64.9439
65.0063
65.0639
65.1177
65.172
65.2335
65.2939
65.354
65.4143
65.4775
65.5365
65.6022
65.6613
65.722
65.789
65.8482
65.9037
65.9614
66.0243
66.0796
66.1557
66.2198
66.2858
66.343
66.4113
66.4784
66.54
66.608
66.6778
66.745
66.8165
66.8878
66.9502
67.0251
67.0993
67.1627
67.2305
67.3025
67.3694
67.4479
67.5236
67.5995
67.6634
67.7397
67.8187
67.8856
67.9654
68.0441
68.1174
68.1905
68.2728
68.3479
68.4318
68.506
68.5841
68.6711
68.7564
68.8471
68.9288
69.026
69.1152
69.1966
69.2914
69.3738
69.4654
69.557
69.6455
69.7515
69.8529
69.9613
70.0577
70.1465
70.2483
70.3588
70.4634
70.5594
70.6662
70.7734
70.8789
70.9891
71.0876
71.2076
71.3091
71.4322
71.557
71.6583
71.7691
71.8885
71.9901
72.0931
72.2172
72.3336
72.4558
72.5744
72.6882
72.8037
72.9288
73.0484
73.1686
73.2804
73.413
73.5424
73.6621
73.8111
73.9764
74.1193
74.2825
74.4485
74.6391
74.8209
75.0011
75.1906
75.3999
75.6364
75.8777
76.1504
76.4815
76.8749
77.373
77.8332
78.7329
82.5995
