2
2.5
2.83333
3.58333
3.98333
4.15
4.29286
4.56071
5.03294
6.67422
7.67075
9.08486
10.6691
11.2355
12.7293
14.0068
15.0837
15.8749
16.4448
16.9726
17.3598
17.716
18.053
18.4066
18.6893
18.9654
19.2261
19.461
19.6703
19.8823
20.0899
20.3061
20.5192
20.6901
20.8564
21.0071
21.1849
21.325
21.4725
21.6352
21.7767
21.9056
22.0196
22.1425
22.2625
22.3796
22.5036
22.61
22.7223
22.8377
22.9427
23.0507
23.1527
23.2516
23.3559
23.4466
23.5464
23.6342
23.7243
23.8169
23.8951
23.9815
24.0546
24.135
24.2172
24.3044
24.3869
24.4664
24.5396
24.6106
24.6753
24.7478
24.8227
24.8954
24.953
25.0283
25.0935
25.1564
25.2235
25.2958
25.3635
25.4193
25.4891
25.5549
25.6073
25.677
25.7401
25.7977
25.8562
25.916
25.9728
26.0239
26.0785
26.1302
26.1843
26.2388
26.2919
26.3454
26.4008
26.4574
26.5087
26.5628
26.606
26.6568
26.7042
26.7528
26.7985
26.8478
26.9019
26.9516
27.0025
27.0546
27.1071
27.1533
27.2064
27.2528
27.3033
27.3514
27.3963
27.4447
27.4961
27.5365
27.5848
27.6254
27.6696
27.7145
27.7558
27.7995
27.8421
27.8826
27.9261
27.9695
28.0127
28.0574
28.094
28.1324
28.1752
28.2097
28.2501
28.2908
28.3282
28.3674
28.4036
28.4427
28.4812
28.5156
28.5496
28.5825
28.616
28.6501
28.68
28.7129
28.7466
28.7814
28.8134
28.8514
28.8879
28.9226
28.9543
28.9874
29.0157
29.0522
29.0871
29.1177
29.1513
29.184
29.2162
29.247
29.2768
29.3074
29.3427
29.3699
29.4011
29.4311
29.4591
29.4931
29.5225
29.5519
29.5835
29.6117
29.6413
29.6684
29.6965
29.7222
29.7534
29.7826
29.8079
29.8333
29.8618
29.887
29.9138
29.9415
29.9688
29.9943
30.0199
30.0477
30.0739
30.1013
30.1282
30.1544
30.1793
30.2077
30.2323
30.2576
30.2848
30.3125
30.3373
30.3601
30.3856
30.4084
30.4293
30.4534
30.4791
30.5056
30.5285
30.5511
30.5766
30.6019
30.6233
30.6475
30.6693
30.693
30.7167
30.7403
30.7604
30.7838
30.8054
30.8259
30.8467
30.8689
30.8903
30.9109
30.9317
30.9517
30.9738
30.9947
31.0159
31.0379
31.0604
31.0795
31.1012
31.1212
31.1428
31.1634
31.184
31.2057
31.225
31.2444
31.2661
31.2857
31.306
31.3264
31.3464
31.3659
31.3862
31.4059
31.4254
31.4451
31.4666
31.4894
31.5077
31.5281
31.5488
31.5668
31.5864
31.6054
31.6227
31.6405
31.6591
31.6805
31.6989
31.7178
31.7339
31.7534
31.7752
31.794
31.812
31.8316
31.8495
31.8704
31.8873
31.9044
31.9223
31.9388
31.9581
31.9767
31.9947
32.0126
32.0298
32.0473
32.0645
32.0813
32.0982
32.1139
32.131
32.148
32.1672
32.1849
32.2044
32.2209
32.238
32.2545
32.2695
32.2859
32.3005
32.3161
32.3341
32.3517
32.3673
32.3842
32.3998
32.4166
32.4317
32.4482
32.4649
32.4823
32.499
32.5159
32.5305
32.5455
32.5608
32.5761
32.5901
32.6065
32.6232
32.6401
32.6555
32.6712
32.6882
32.7022
32.719
32.7378
32.7526
32.7675
32.7804
32.7965
32.8112
32.8264
32.8411
32.8577
32.8728
32.8883
32.9028
32.9168
32.9318
32.9466
32.962
32.9765
32.9918
33.0092
33.0241
33.0375
33.0523
33.0682
33.0819
33.0969
33.1124
33.1267
33.1402
33.1542
33.1687
33.1815
33.196
33.2113
33.2249
33.2383
33.2527
33.2663
33.282
33.2958
33.3103
33.3249
33.3376
33.3521
33.3665
33.3801
33.3933
33.4091
33.4229
33.4362
33.448
33.4632
33.4749
33.4893
33.5023
33.5175
33.5288
33.5407
33.5547
33.5687
33.5845
33.5986
33.611
33.6255
33.6378
33.6502
33.6638
33.6762
33.6882
33.7012
33.7142
33.7285
33.7418
33.7545
33.7665
33.7802
33.7939
33.8084
33.8203
33.8344
33.8473
33.8598
33.8734
33.8857
33.8984
33.9112
33.9234
33.9371
33.95
33.9627
33.9769
33.9884
34.003
34.0154
34.0272
34.0403
34.0526
34.064
34.0774
34.0901
34.1035
34.1163
34.1295
34.1409
34.1539
34.1659
34.179
34.1904
34.2035
34.2158
34.2278
34.24
34.2523
34.2637
34.2756
34.2881
34.302
34.3145
34.3264
34.3385
34.3504
34.3633
34.3743
34.3864
34.3989
34.41
34.4219
34.4324
34.4441
34.4557
34.4671
34.4777
34.4892
34.5025
34.5138
34.5258
34.538
34.5505
34.5607
34.5713
34.5836
34.5943
34.6061
34.6174
34.629
34.6409
34.6533
34.6631
34.675
34.6856
34.6968
34.7078
34.717
34.7282
34.7406
34.7519
34.7634
34.7737
34.7843
34.7958
34.8054
34.8162
34.8274
34.8385
34.8514
34.8623
34.8738
34.885
34.8966
34.9087
34.9186
34.9299
34.9398
34.9504
34.9626
34.9735
34.9844
34.9948
35.0058
35.0164
35.0269
35.0379
35.048
35.0584
35.0692
35.0804
35.0903
35.1011
35.1102
35.1205
35.1308
35.1418
35.152
35.1615
35.1708
35.1824
35.1931
35.2037
35.2128
35.2235
35.234
35.2446
35.2558
35.2658
35.2767
35.2869
35.2969
35.3073
35.3175
35.3271
35.3378
35.3479
35.3591
35.3699
35.381
35.3916
35.4017
35.4111
35.4206
35.4314
35.4412
35.4507
35.4597
35.4693
35.4787
35.4889
35.4984
35.509
35.5187
35.5279
35.5371
35.5459
35.5562
35.5661
35.5759
35.5859
35.5948
35.6028
35.613
35.6236
35.6336
35.6443
35.6545
35.6634
35.673
35.6823
35.6913
35.7018
35.7114
35.7207
35.7299
35.7397
35.7484
35.7579
35.7672
35.7765
35.7867
35.7961
35.8073
35.8162
35.8269
35.8361
35.8463
35.8563
35.8648
35.874
35.8832
35.8921
35.9019
35.9124
35.9214
35.9298
35.9391
35.9477
35.9577
35.9668
35.9757
35.9854
35.9934
36.0032
36.0117
36.0203
36.0299
36.0387
36.0477
36.0563
36.0652
36.0736
36.0826
36.0906
36.0996
36.1091
36.1179
36.1274
36.1369
36.1464
36.1566
36.165
36.1732
36.1817
36.1901
36.1984
36.2075
36.216
36.2242
36.2328
36.2419
36.2498
36.2584
36.2682
36.277
36.2857
36.2948
36.303
36.3127
36.3216
36.3302
36.3393
36.3484
36.3573
36.3654
36.3737
36.382
36.3906
36.3989
36.4078
36.4174
36.4264
36.435
36.4447
36.4525
36.4618
36.4709
36.479
36.4879
36.4973
36.5067
36.5156
36.5237
36.5321
36.54
36.5491
36.5581
36.5666
36.5752
36.5835
36.5919
36.5995
36.6077
36.6167
36.6251
36.6332
36.6428
36.651
36.6599
36.6681
36.6762
36.6847
36.6939
36.7023
36.7102
36.7191
36.7261
36.7345
36.7418
36.7505
36.7585
36.7664
36.7738
36.7813
36.7898
36.7977
36.8055
36.8137
36.8207
36.8286
36.8368
36.8449
36.8531
36.8614
36.8709
36.8786
36.8856
36.8933
36.9016
36.91
36.9185
36.9277
36.9361
36.9443
36.9528
36.96
36.9678
36.9756
36.9839
36.9913
36.9996
37.0068
37.0146
37.0224
37.0304
37.0386
37.0472
37.0551
37.0636
37.0726
37.0801
37.088
37.0955
37.1042
37.1115
37.1198
37.1274
37.1349
37.1431
37.1512
37.1583
37.1657
37.1732
37.1802
37.188
37.1963
37.2033
37.2116
37.2213
37.2291
37.2362
37.2436
37.2515
37.2587
37.2664
37.2741
37.2813
37.2882
37.2952
37.3027
37.3109
37.3182
37.3263
37.3338
37.3412
37.3491
37.3564
37.364
37.3711
37.3798
37.3863
37.3935
37.4014
37.4089
37.4164
37.4231
37.4308
37.4389
37.4466
37.4541
37.4621
37.4697
37.4768
37.4845
37.4926
37.5003
37.5077
37.5151
37.5227
37.5295
37.5369
37.5443
37.5519
37.5596
37.5669
37.5746
37.5819
37.5894
37.597
37.6042
37.612
37.6187
37.6268
37.6337
37.641
37.6483
37.6555
37.6629
37.6698
37.6771
37.6837
37.6905
37.6974
37.705
37.7126
37.7203
37.7287
37.7354
37.7418
37.7491
37.7562
37.7636
37.7703
37.7781
37.7852
37.7922
37.7994
37.8071
37.8149
37.8219
37.8288
37.8362
37.8431
37.8508
37.8573
37.8655
37.8725
37.8791
37.8861
37.894
37.9013
37.907
37.9144
37.9215
37.9284
37.9348
37.9419
37.9486
37.955
37.9624
37.9696
37.977
37.9842
37.9917
37.9986
38.0062
38.0131
38.0195
38.026
38.0325
38.0403
38.0476
38.055
38.0618
38.068
38.0743
38.0823
38.0893
38.0962
38.1023
38.109
38.1161
38.1227
38.1302
38.1371
38.1446
38.1521
38.1585
38.1656
38.1724
38.1797
38.1869
38.1935
38.2001
38.207
38.2136
38.2204
38.2272
38.2341
38.2413
38.2478
38.2541
38.2613
38.2684
38.2747
38.282
38.2879
38.2939
38.2998
38.3058
38.3125
38.319
38.3255
38.3323
38.3395
38.3468
38.3539
38.3599
38.3675
38.3735
38.3802
38.3868
38.3939
38.4007
38.4065
38.4126
38.4188
38.4254
38.432
38.4384
38.4448
38.4512
38.4586
38.465
38.4714
38.478
38.4852
38.492
38.4985
38.5051
38.5118
38.5184
38.5252
38.531
38.538
38.545
38.552
38.5586
38.5651
38.571
38.5774
38.5839
38.5911
38.5971
38.6035
38.6105
38.6158
38.6221
38.6288
38.6349
38.6405
38.6462
38.6527
38.6588
38.6656
38.6715
38.6779
38.6846
38.6909
38.6975
38.7043
38.7105
38.717
38.7242
38.7298
38.7365
38.743
38.7487
38.7547
38.762
38.7681
38.7753
38.7821
38.7888
38.795
38.8006
38.8069
38.8132
38.8195
38.8257
38.8321
38.8386
38.8452
38.8516
38.8575
38.8642
38.8706
38.877
38.8837
38.8903
38.8957
38.902
38.9077
38.914
38.9202
38.9265
38.9321
38.9385
38.9452
38.9522
38.9583
38.9651
38.9706
38.9766
38.9832
38.9889
38.9948
39.0015
39.0082
39.0153
39.0209
39.028
39.0342
39.0406
39.0468
39.0534
39.0605
39.0662
39.0724
39.078
39.0843
39.0909
39.0966
39.1024
39.1086
39.1141
39.12
39.1256
39.1311
39.1363
39.1424
39.1481
39.1542
39.1601
39.1668
39.1727
39.1783
39.1841
39.1898
39.1965
39.2025
39.209
39.2146
39.2211
39.2275
39.2333
39.2389
39.2446
39.251
39.2572
39.2636
39.2693
39.2756
39.2815
39.2872
39.2932
39.2996
39.3052
39.3109
39.3172
39.324
39.33
39.336
39.3416
39.3471
39.3523
39.3587
39.3641
39.3701
39.3758
39.3823
39.3892
39.3955
39.4013
39.4075
39.4132
39.4195
39.4254
39.4314
39.4363
39.4418
39.4481
39.4551
39.461
39.4667
39.4728
39.4787
39.4846
39.4906
39.4962
39.5016
39.5073
39.5133
39.5191
39.5254
39.5308
39.537
39.5434
39.5494
39.555
39.561
39.5673
39.5732
39.5793
39.5846
39.5902
39.596
39.6022
39.6079
39.6138
39.6197
39.6255
39.6315
39.6371
39.6431
39.6487
39.6553
39.6615
39.6674
39.6738
39.6793
39.6854
39.691
39.6971
39.7034
39.7094
39.7143
39.7203
39.7265
39.7321
39.7382
39.7428
39.7482
39.7544
39.7602
39.7663
39.7723
39.7782
39.7841
39.7896
39.7955
39.8007
39.8063
39.8123
39.8182
39.8242
39.8296
39.8353
39.8411
39.8471
39.8533
39.8592
39.8651
39.8711
39.8773
39.8829
39.8889
39.8939
39.8989
39.9051
39.911
39.9166
39.9214
39.9268
39.9323
39.938
39.9432
39.9489
39.9544
39.9597
39.9649
39.9709
39.9772
39.9827
39.9888
39.9941
39.9994
40.0048
40.0104
40.0155
40.0211
40.0265
40.0322
40.0383
40.0441
40.0493
40.0548
40.0605
40.0661
40.0714
40.0769
40.0825
40.0877
40.093
40.0985
40.1036
40.1093
40.1148
40.1205
40.1265
40.1321
40.1377
40.1432
40.1488
40.1541
40.1598
40.165
40.1705
40.1757
40.1808
40.1863
40.1918
40.1973
40.2028
40.2077
40.2142
40.2208
40.2263
40.2317
40.237
40.2422
40.2471
40.2527
40.2584
40.2633
40.2684
40.2735
40.2789
40.2849
40.2903
40.2952
40.2999
40.3049
40.31
40.3154
40.3205
40.3264
40.3316
40.3372
40.343
40.3483
40.3541
40.3593
40.3648
40.3696
40.3751
40.3805
40.3854
40.3905
40.3962
40.4013
40.4064
40.4114
40.417
40.4228
40.4277
40.4336
40.439
40.4441
40.4498
40.4553
40.4609
40.466
40.4713
40.4764
40.4823
40.4871
40.4924
40.4971
40.5029
40.5083
40.5149
40.5202
40.5254
40.5306
40.5355
40.5414
40.5472
40.5524
40.5584
40.5629
40.5684
40.5732
40.578
40.5835
40.5889
40.5944
40.5995
40.6045
40.6098
40.6148
40.6199
40.6249
40.6296
40.6347
40.6402
40.6452
40.6514
40.6564
40.6614
40.6668
40.6722
40.6778
40.6838
40.6885
40.6937
40.6993
40.7053
40.7104
40.7164
40.7214
40.7265
40.7315
40.7363
40.7414
40.7462
40.7511
40.7564
40.7615
40.7671
40.7724
40.7775
40.7831
40.7881
40.7931
40.7981
40.8031
40.8078
40.8134
40.8188
40.8237
40.8289
40.8343
40.8397
40.8442
40.8495
40.8545
40.8597
40.865
40.8703
40.8754
40.8805
40.8852
40.8902
40.8951
40.9004
40.9053
40.9111
40.9166
40.9219
40.9272
40.9329
40.9378
40.9432
40.9484
40.9532
40.9581
40.9635
40.9684
40.973
40.9782
40.9834
40.9882
40.9926
40.9984
41.0036
41.0083
41.0129
41.0185
41.024
41.0289
41.0338
41.0389
41.0441
41.0495
41.0545
41.0591
41.0649
41.0696
41.0748
41.0803
41.085
41.0898
41.0951
41.0999
41.1043
41.109
41.1137
41.1187
41.1238
41.1284
41.1329
41.1379
41.1426
41.1475
41.1525
41.1579
41.1625
41.1669
41.1715
41.1766
41.1815
41.1862
41.1907
41.1957
41.2007
41.2059
41.2109
41.2154
41.2204
41.226
41.231
41.2363
41.2411
41.2469
41.2518
41.2568
41.2622
41.267
41.2716
41.2764
41.2814
41.2868
41.2918
41.2963
41.3013
41.3063
41.311
41.3162
41.3209
41.3258
41.3306
41.3353
41.3398
41.3446
41.3494
41.3545
41.359
41.364
41.3681
41.3726
41.3776
41.3822
41.3875
41.3929
41.3982
41.4032
41.408
41.4137
41.4185
41.4242
41.4291
41.4338
41.4389
41.4445
41.4497
41.4544
41.4591
41.4643
41.4688
41.4734
41.4786
41.4841
41.4892
41.4941
41.4991
41.5036
41.5088
41.5137
41.5181
41.5231
41.528
41.5323
41.5367
41.5418
41.5461
41.5503
41.5549
41.5599
41.5643
41.5691
41.5734
41.5779
41.5825
41.5876
41.5925
41.5968
41.6019
41.6068
41.6112
41.6162
41.621
41.6262
41.6311
41.6361
41.6413
41.6462
41.6515
41.656
41.6609
41.6656
41.6709
41.6755
41.6801
41.6847
41.6895
41.6944
41.6995
41.7046
41.7095
41.7147
41.7199
41.7245
41.7295
41.7348
41.739
41.7442
41.7486
41.7536
41.7582
41.7626
41.7675
41.7719
41.7766
41.7808
41.7854
41.7891
41.7934
41.7982
41.8028
41.8078
41.8123
41.8174
41.8222
41.8268
41.831
41.8357
41.8403
41.8457
41.8506
41.8552
41.8593
41.8637
41.8686
41.8728
41.8775
41.8822
41.8866
41.8922
41.897
41.9018
41.9059
41.9105
41.9153
41.9198
41.9245
41.929
41.934
41.9385
41.9432
41.9477
41.9527
41.9575
41.9618
41.9663
41.9708
41.9753
41.98
41.9846
41.9894
41.9943
41.9997
42.0041
42.0083
42.0129
42.0175
42.0226
42.0275
42.0327
42.0371
42.0417
42.0467
42.0515
42.0562
42.0603
42.0651
42.0701
42.0745
42.08
42.0849
42.0892
42.0939
42.0986
42.1037
42.1082
42.1126
42.1177
42.1221
42.1271
42.1317
42.1363
42.1406
42.1461
42.1506
42.1546
42.1592
42.1639
42.169
42.1732
42.1778
42.1824
42.1868
42.1912
42.1953
42.2003
42.2052
42.2099
42.2146
42.2187
42.2233
42.2278
42.2325
42.2372
42.2419
42.2472
42.252
42.2563
42.2609
42.2656
42.2692
42.2739
42.2787
42.2835
42.288
42.2931
42.2978
42.3025
42.3067
42.3109
42.3151
42.3204
42.3251
42.3292
42.334
42.3387
42.3435
42.348
42.3527
42.3572
42.3615
42.3659
42.3702
42.3749
42.3792
42.3842
42.3891
42.3937
42.398
42.4027
42.4071
42.4113
42.416
42.4202
42.4246
42.4299
42.4341
42.4387
42.4433
42.448
42.4527
42.4575
42.4616
42.4659
42.4706
42.4749
42.4795
42.4848
42.4894
42.4938
42.4977
42.5022
42.5066
42.5111
42.5155
42.5198
42.5238
42.5282
42.533
42.5373
42.5418
42.5467
42.5514
42.5555
42.5602
42.5647
42.5697
42.5741
42.5785
42.5833
42.5875
42.5922
42.5971
42.6012
42.6053
42.6101
42.6147
42.6188
42.6231
42.6274
42.6317
42.6358
42.6395
42.6434
42.6474
42.6523
42.6567
42.6611
42.6654
42.6695
42.674
42.6788
42.6833
42.6879
42.6924
42.697
42.7015
42.7064
42.7107
42.7147
42.7193
42.7236
42.7279
42.7326
42.7373
42.7416
42.7463
42.75
42.7544
42.7585
42.7634
42.7677
42.7723
42.7769
42.7816
42.7862
42.7903
42.7951
42.7994
42.8035
42.8078
42.8122
42.8169
42.821
42.8254
42.83
42.8341
42.8382
42.8426
42.8468
42.851
42.855
42.8591
42.864
42.8686
42.873
42.8775
42.8819
42.8865
42.8913
42.8955
42.8997
42.9043
42.9093
42.9134
42.9176
42.9217
42.9257
42.9303
42.9348
42.9386
42.9431
42.9482
42.9528
42.9573
42.9616
42.9659
42.9709
42.9751
42.9799
42.9845
42.9885
42.9931
42.9974
43.0017
43.0062
43.0107
43.0148
43.0191
43.0231
43.0277
43.0324
43.0365
43.041
43.0454
43.0501
43.0549
43.0587
43.0628
43.0669
43.0714
43.0761
43.0803
43.0844
43.0889
43.0934
43.0976
43.1016
43.1057
43.11
43.1144
43.1193
43.1237
43.1276
43.1312
43.1359
43.1401
43.1444
43.149
43.1531
43.1579
43.1626
43.1668
43.1711
43.1759
43.1801
43.1843
43.1882
43.193
43.1975
43.202
43.2066
43.2103
43.2142
43.2188
43.2229
43.227
43.2317
43.2365
43.2406
43.2447
43.2486
43.2531
43.2571
43.2614
43.2656
43.2698
43.2741
43.2785
43.2834
43.2877
43.2914
43.2955
43.2995
43.3041
43.3081
43.3122
43.3162
43.3207
43.3248
43.3295
43.3338
43.3379
43.3419
43.3455
43.3499
43.3545
43.3584
43.3622
43.3669
43.3713
43.3753
43.38
43.3838
43.3883
43.3931
43.3976
43.4021
43.4065
43.4107
43.4149
43.4201
43.4254
43.4298
43.4344
43.4383
43.4428
43.4472
43.451
43.4555
43.4598
43.4639
43.4682
43.4724
43.4766
43.48
43.4837
43.488
43.4925
43.4967
43.5007
43.5054
43.5095
43.514
43.5179
43.5217
43.5258
43.5299
43.5345
43.5392
43.543
43.5475
43.5515
43.5557
43.5598
43.5638
43.5678
43.5722
43.5763
43.5803
43.5848
43.5884
43.5931
43.5975
43.6022
43.6071
43.6116
43.6152
43.6193
43.6232
43.6273
43.6315
43.6355
43.6399
43.6438
43.6482
43.6525
43.6564
43.6606
43.6644
43.6686
43.6729
43.6773
43.6811
43.6854
43.6895
43.6938
43.6978
43.7017
43.7056
43.7098
43.7139
43.7188
43.7229
43.7268
43.7311
43.7355
43.7399
43.7439
43.7481
43.7526
43.7565
43.7605
43.7645
43.7686
43.7722
43.7763
43.7801
43.7839
43.7878
43.7918
43.7964
43.8008
43.8048
43.8095
43.8137
43.8177
43.8217
43.8259
43.8299
43.8338
43.8382
43.8428
43.847
43.8509
43.8547
43.859
43.8631
43.8675
43.8718
43.8757
43.88
43.8839
43.8882
43.8922
43.8963
43.9001
43.9036
43.9073
43.9112
43.9151
43.9189
43.923
43.9268
43.931
43.9349
43.9392
43.9428
43.9472
43.9512
43.955
43.9592
43.9642
43.9686
43.9722
43.9762
43.9803
43.9845
43.9894
43.9932
43.9969
44.0014
44.0054
44.0095
44.0137
44.0178
44.0219
44.0261
44.0299
44.0346
44.0387
44.043
44.0463
44.05
44.054
44.0578
44.062
44.0663
44.0703
44.0744
44.0794
44.0833
44.0877
44.0915
44.0961
44.1004
44.1045
44.1084
44.113
44.1171
44.1211
44.1251
44.129
44.1328
44.1366
44.1412
44.1445
44.1487
44.1528
44.1569
44.1611
44.1653
44.1692
44.173
44.177
44.182
44.1863
44.1906
44.1943
44.198
44.2014
44.206
44.2102
44.214
44.2181
44.2223
44.2265
44.2305
44.2349
44.2391
44.2431
44.247
44.2515
44.2558
44.2602
44.2645
44.2689
44.2725
44.2764
44.2804
44.2847
44.2887
44.2926
44.2966
44.3003
44.3043
44.3081
44.3116
44.3155
44.3199
44.3235
44.3272
44.3312
44.335
44.3389
44.3431
44.3474
44.3515
44.3554
44.3589
44.3633
44.367
44.3709
44.3747
44.379
44.3835
44.3877
44.3923
44.3966
44.4004
44.4047
44.4086
44.4127
44.4165
44.4201
44.424
44.4278
44.4321
44.4362
44.4406
44.4448
44.4493
44.4536
44.4577
44.4616
44.4655
44.4696
44.474
44.4778
44.4818
44.4853
44.4889
44.4929
44.4967
44.5013
44.5054
44.5094
44.5135
44.5176
44.5219
44.5261
44.5301
44.5342
44.5377
44.5419
44.5458
44.5493
44.5532
44.5576
44.5617
44.5654
44.5699
44.5744
44.5786
44.5827
44.5864
44.5907
44.5947
44.5986
44.6026
44.6068
44.6109
44.615
44.6191
44.6229
44.6273
44.6313
44.6349
44.6387
44.6424
44.6461
44.6502
44.6549
44.6588
44.6635
44.6676
44.6716
44.6754
44.6791
44.6835
44.6873
44.6916
44.6954
44.6993
44.7034
44.7079
44.7121
44.7159
44.7197
44.7237
44.7276
44.7314
44.7358
44.7401
44.7443
44.7483
44.7518
44.7558
44.7596
44.7641
44.7678
44.7722
44.7766
44.7804
44.7844
44.7884
44.792
44.7959
44.7997
44.804
44.8081
44.8121
44.8164
44.8203
44.8247
44.8287
44.8329
44.837
44.8408
44.8451
44.8489
44.8529
44.8569
44.8608
44.8643
44.8687
44.873
44.8766
44.8802
44.8845
44.8885
44.8927
44.8973
44.9018
44.9061
44.9104
44.9146
44.9189
44.9222
44.9268
44.9313
44.9358
44.9399
44.9441
44.948
44.9524
44.9557
44.9597
44.9632
44.9671
44.9708
44.9747
44.9793
44.9837
44.9874
44.9918
44.9954
44.9993
45.0033
45.0074
45.0117
45.0157
45.0199
45.0241
45.0283
45.0326
45.0368
45.0405
45.0446
45.0485
45.0522
45.0562
45.0598
45.0636
45.0673
45.0711
45.0744
45.0783
45.0819
45.0861
45.0902
45.0942
45.0982
45.1018
45.1056
45.1097
45.1142
45.1179
45.1219
45.1256
45.1293
45.1329
45.1365
45.1402
45.1446
45.1484
45.1525
45.1562
45.16
45.1636
45.1677
45.1717
45.1755
45.1792
45.1832
45.1874
45.1915
45.1953
45.1993
45.203
45.2068
45.2106
45.2145
45.2182
45.222
45.2263
45.2302
45.2343
45.2379
45.2419
45.2455
45.2499
45.254
45.2587
45.2627
45.2664
45.2707
45.2748
45.2789
45.2824
45.2854
45.2888
45.293
45.2968
45.3012
45.3051
45.3093
45.3133
45.3175
45.3216
45.3254
45.3291
45.3326
45.3363
45.34
45.3439
45.3478
45.3517
45.3561
45.3601
45.3643
45.3683
45.3725
45.376
45.3799
45.3843
45.3881
45.3922
45.3958
45.3994
45.4035
45.4072
45.4112
45.4154
45.4195
45.4231
45.427
45.4304
45.4348
45.4384
45.4423
45.4464
45.4504
45.4545
45.4583
45.4619
45.4659
45.47
45.4736
45.4778
45.4816
45.4854
45.4893
45.4927
45.4964
45.5008
45.5048
45.5081
45.5118
45.5158
45.5198
45.5238
45.5277
45.532
45.5362
45.5402
45.5436
45.5468
45.5509
45.5545
45.5583
45.562
45.5658
45.5699
45.5731
45.5768
45.5808
45.5846
45.588
45.5918
45.5958
45.5997
45.6039
45.6073
45.6109
45.6147
45.6187
45.6225
45.6267
45.6302
45.6336
45.6378
45.6415
45.6457
45.6499
45.6541
45.6582
45.6624
45.6664
45.6713
45.6755
45.6792
45.6829
45.6864
45.6902
45.6937
45.6976
45.701
45.7045
45.7084
45.7123
45.7163
45.7199
45.7238
45.7281
45.7317
45.736
45.7399
45.7433
45.7472
45.7515
45.7554
45.7591
45.7628
45.767
45.7708
45.7747
45.7786
45.7825
45.7863
45.7905
45.7942
45.7985
45.8022
45.806
45.8101
45.8141
45.8182
45.8218
45.8256
45.8298
45.8342
45.8383
45.8424
45.8462
45.8499
45.8536
45.8573
45.861
45.8648
45.8691
45.8733
45.877
45.8808
45.885
45.8892
45.8931
45.897
45.901
45.905
45.909
45.9125
45.9162
45.9203
45.9244
45.9283
45.9325
45.9364
45.9402
45.9436
45.9473
45.9509
45.955
45.959
45.9629
45.9667
45.9701
45.974
45.9782
45.9821
45.986
45.9907
45.9946
45.9988
46.0028
46.007
46.011
46.0155
46.0193
46.0234
46.0273
46.0308
46.0352
46.0389
46.0426
46.0466
46.0507
46.0545
46.0582
46.0628
46.0669
46.0707
46.0748
46.079
46.0832
46.087
46.0908
46.0948
46.0988
46.1029
46.1068
46.1105
46.1149
46.1187
46.1231
46.1268
46.1306
46.1348
46.1391
46.1432
46.1472
46.1506
46.1551
46.1586
46.1628
46.1671
46.1709
46.1742
46.1779
46.182
46.1858
46.1897
46.1931
46.1976
46.2013
46.2055
46.2093
46.2136
46.2176
46.2211
46.2255
46.2298
46.2336
46.2377
46.2411
46.2457
46.2496
46.2535
46.2572
46.2614
46.2653
46.269
46.2732
46.2767
46.2805
46.2844
46.288
46.2917
46.2959
46.2998
46.3037
46.308
46.3115
46.3158
46.3204
46.3242
46.3281
46.3324
46.3362
46.3397
46.344
46.3477
46.3518
46.3558
46.3594
46.3633
46.3672
46.3713
46.3753
46.379
46.3829
46.3874
46.3917
46.3958
46.3994
46.4035
46.4075
46.4113
46.4154
46.4189
46.4226
46.426
46.4295
46.4334
46.437
46.4413
46.445
46.4488
46.4525
46.4564
46.4608
46.4643
46.4678
46.472
46.4759
46.4794
46.4831
46.487
46.4911
46.4949
46.499
46.5033
46.5069
46.5104
46.5142
46.5182
46.5226
46.5269
46.5303
46.5338
46.5377
46.5415
46.5453
46.5497
46.5539
46.5572
46.561
46.5647
46.5689
46.5723
46.5758
46.5793
46.5833
46.5873
46.5911
46.5952
46.5991
46.6029
46.6065
46.6104
46.6143
46.6187
46.6228
46.6268
46.6309
46.6349
46.6387
46.6424
46.6456
46.6495
46.6533
46.6572
46.6609
46.6648
46.6688
46.6732
46.6771
46.6808
46.6845
46.6883
46.6921
46.6955
46.6994
46.7033
46.707
46.7111
46.7153
46.719
46.7234
46.7272
46.731
46.7348
46.7383
46.7422
46.7464
46.75
46.7542
46.7577
46.7615
46.7656
46.7695
46.7732
46.7774
46.7812
46.7852
46.7889
46.7931
46.7976
46.8019
46.8061
46.8101
46.8138
46.8174
46.821
46.8251
46.8295
46.8333
46.8373
46.8416
46.8457
46.8496
46.8537
46.8575
46.8614
46.8651
46.8692
46.8728
46.8767
46.8801
46.8845
46.889
46.8928
46.8966
46.9005
46.9048
46.909
46.9131
46.9173
46.9211
46.9251
46.9287
46.9326
46.9364
46.9406
46.9443
46.9482
46.9519
46.9553
46.9594
46.9634
46.967
46.971
46.9751
46.9792
46.9831
46.9868
46.9905
46.9949
46.9988
47.0032
47.007
47.0103
47.0146
47.0185
47.0227
47.0267
47.0306
47.0345
47.0381
47.0416
47.0455
47.0496
47.0537
47.058
47.0621
47.0656
47.0697
47.0737
47.0775
47.0817
47.0861
47.0901
47.0939
47.0979
47.1017
47.1057
47.1092
47.1131
47.1167
47.1207
47.125
47.129
47.1332
47.1371
47.141
47.1455
47.1493
47.1533
47.1575
47.1618
47.1656
47.1689
47.1723
47.1765
47.1805
47.1843
47.1884
47.1922
47.1959
47.1999
47.2042
47.2083
47.2123
47.2166
47.2206
47.2247
47.2288
47.2328
47.2365
47.2406
47.2446
47.2488
47.2524
47.2565
47.2607
47.2647
47.269
47.2733
47.2775
47.2819
47.2858
47.2899
47.2941
47.298
47.3018
47.3061
47.3103
47.314
47.3189
47.3229
47.3265
47.3299
47.3341
47.3385
47.3424
47.3462
47.35
47.3537
47.3576
47.3616
47.3653
47.3696
47.3736
47.3772
47.3809
47.3844
47.3884
47.3925
47.3968
47.4008
47.4049
47.4088
47.413
47.4169
47.4205
47.4247
47.4287
47.4327
47.4367
47.4405
47.4445
47.4486
47.453
47.4569
47.4604
47.4643
47.4684
47.4725
47.4761
47.4801
47.4839
47.4882
47.4924
47.4959
47.4996
47.5039
47.5082
47.5128
47.5166
47.5205
47.5244
47.5284
47.5321
47.5364
47.5403
47.5448
47.5488
47.5529
47.5563
47.5596
47.5637
47.5677
47.5715
47.5753
47.5791
47.583
47.5868
47.5905
47.5943
47.5987
47.6028
47.6065
47.6106
47.6145
47.6182
47.6221
47.6261
47.6298
47.6332
47.637
47.641
47.6453
47.6488
47.6524
47.6567
47.6605
47.6646
47.6684
47.6724
47.6763
47.6803
47.6842
47.6883
47.6925
47.6965
47.7008
47.7049
47.7089
47.7128
47.7165
47.7201
47.7245
47.7285
47.7327
47.7369
47.741
47.7454
47.7494
47.753
47.7566
47.7603
47.7645
47.7686
47.7722
47.7763
47.7808
47.7851
47.7889
47.7933
47.7972
47.8015
47.8054
47.8094
47.8138
47.8177
47.8215
47.8252
47.829
47.833
47.837
47.8411
47.8455
47.8495
47.8535
47.8577
47.8617
47.866
47.87
47.8739
47.8778
47.8822
47.8869
47.8913
47.8954
47.8996
47.9038
47.9079
47.9123
47.9163
47.9203
47.9238
47.9279
47.9323
47.9361
47.9404
47.9442
47.9483
47.9524
47.9562
47.9605
47.9652
47.9689
47.9728
47.9771
47.981
47.9846
47.9886
47.9926
47.9967
48.001
48.0057
48.0097
48.0144
48.0188
48.0227
48.0267
48.0307
48.035
48.039
48.0429
48.0469
48.0506
48.0544
48.0582
48.0618
48.0658
48.0703
48.0747
48.0793
48.0833
48.0876
48.0909
48.095
48.0985
48.1023
48.1064
48.1107
48.1144
48.1187
48.1228
48.1268
48.1303
48.1347
48.1386
48.1426
48.1467
48.1506
48.1545
48.1586
48.1632
48.1676
48.172
48.176
48.1803
48.1844
48.1889
48.1926
48.1965
48.2004
48.2046
48.2084
48.2127
48.2171
48.2205
48.2244
48.2286
48.2326
48.2363
48.2408
48.2447
48.2493
48.2533
48.2576
48.2614
48.2657
48.2696
48.2737
48.2781
48.2822
48.2863
48.2903
48.2945
48.2985
48.3023
48.3062
48.3102
48.314
48.3184
48.3223
48.3266
48.3309
48.3356
48.3395
48.3435
48.3482
48.3523
48.356
48.3607
48.3648
48.3688
48.3731
48.3771
48.3813
48.3855
48.3893
48.3937
48.3975
48.4024
48.4068
48.4104
48.4145
48.4189
48.4234
48.4275
48.4322
48.4365
48.4408
48.4453
48.4494
48.4535
48.4572
48.4614
48.4654
48.4694
48.4739
48.4776
48.4821
48.4859
48.4902
48.4945
48.4982
48.5026
48.5069
48.5109
48.5153
48.5199
48.5237
48.5275
48.5313
48.5357
48.5401
48.5441
48.5481
48.552
48.5561
48.5601
48.5644
48.5685
48.5732
48.5767
48.581
48.5848
48.5892
48.5933
48.5979
48.6026
48.6064
48.6104
48.6148
48.6186
48.6228
48.6273
48.632
48.6362
48.6399
48.6438
48.6482
48.6523
48.6564
48.6609
48.6651
48.6697
48.6745
48.6788
48.6833
48.6876
48.6924
48.6968
48.7015
48.7053
48.7099
48.7142
48.7188
48.7228
48.7266
48.7305
48.7351
48.7387
48.7433
48.7473
48.7519
48.7566
48.7607
48.765
48.769
48.7733
48.7775
48.7815
48.7856
48.7902
48.7947
48.7991
48.8029
48.8072
48.8115
48.8155
48.8201
48.8245
48.8287
48.8331
48.8376
48.8415
48.8455
48.8497
48.8537
48.8577
48.8619
48.8671
48.8714
48.876
48.8804
48.8846
48.8888
48.893
48.8974
48.9014
48.906
48.9102
48.9144
48.9188
48.9228
48.9266
48.9307
48.9352
48.9395
48.944
48.9488
48.953
48.9573
48.9616
48.9658
48.9705
48.9746
48.9788
48.9827
48.9873
48.9914
48.9954
49.0001
49.0042
49.0084
49.0126
49.017
49.0212
49.0258
49.0298
49.0341
49.0386
49.0434
49.0477
49.0524
49.0567
49.0616
49.0655
49.0699
49.0745
49.0789
49.0828
49.0867
49.0907
49.0951
49.0993
49.1036
49.1078
49.1127
49.1175
49.1219
49.1258
49.1299
49.1336
49.1381
49.1423
49.1468
49.1509
49.1552
49.1598
49.1651
49.1688
49.1731
49.1779
49.1824
49.1867
49.1908
49.1947
49.1995
49.2041
49.2083
49.2131
49.2174
49.2219
49.2255
49.2299
49.2339
49.2388
49.2429
49.2473
49.2515
49.2558
49.2598
49.2643
49.2687
49.2731
49.2771
49.2818
49.2862
49.2904
49.2947
49.2992
49.3031
49.3077
49.3119
49.3167
49.321
49.3252
49.3289
49.3338
49.3386
49.343
49.3471
49.3515
49.3554
49.3596
49.3643
49.3686
49.3737
49.378
49.3822
49.3868
49.3911
49.3953
49.3994
49.4032
49.408
49.4125
49.4174
49.4218
49.4263
49.4305
49.4356
49.4401
49.4436
49.4482
49.4524
49.4571
49.4617
49.4661
49.4707
49.475
49.4797
49.4839
49.4881
49.492
49.4965
49.5007
49.5053
49.5099
49.5148
49.5193
49.5236
49.5278
49.5322
49.5364
49.5413
49.546
49.5502
49.5547
49.5592
49.5633
49.5678
49.5723
49.5759
49.5803
49.5849
49.5893
49.5932
49.5978
49.6027
49.6073
49.6126
49.6166
49.6212
49.6253
49.6299
49.6341
49.6391
49.6435
49.6481
49.653
49.6579
49.6624
49.6664
49.6714
49.6757
49.6798
49.6841
49.6885
49.6925
49.6971
49.7019
49.7058
49.7106
49.715
49.7192
49.7236
49.7283
49.7331
49.7377
49.7422
49.7471
49.7519
49.756
49.76
49.7647
49.7692
49.7736
49.7784
49.7828
49.7872
49.7914
49.796
49.8005
49.805
49.809
49.8135
49.8179
49.8223
49.8269
49.8317
49.8367
49.8411
49.8456
49.8502
49.8551
49.8601
49.864
49.8686
49.8733
49.878
49.8831
49.8877
49.8916
49.8959
49.9002
49.9052
49.9103
49.915
49.9191
49.9234
49.928
49.9324
49.9367
49.941
49.9457
49.951
49.9554
49.9596
49.964
49.969
49.9734
49.9783
49.9828
49.9879
49.9923
49.9969
50.001
50.0054
50.0099
50.0143
50.0183
50.0225
50.0273
50.0319
50.0366
50.0412
50.0452
50.0497
50.0544
50.0585
50.0627
50.0673
50.0718
50.0766
50.0808
50.0857
50.0909
50.0961
50.1006
50.1052
50.11
50.1149
50.1192
50.1239
50.1286
50.1334
50.1381
50.1423
50.1472
50.152
50.1565
50.1614
50.1662
50.1708
50.1755
50.1802
50.1849
50.1894
50.194
50.1988
50.2032
50.2078
50.2117
50.2165
50.221
50.2256
50.2304
50.2348
50.2395
50.2442
50.249
50.2539
50.2585
50.2635
50.2679
50.2723
50.2771
50.282
50.2874
50.2923
50.2976
50.3029
50.3076
50.3123
50.3176
50.3224
50.3271
50.3313
50.3365
50.3413
50.3457
50.3505
50.3555
50.3602
50.365
50.3699
50.3743
50.3785
50.3828
50.3876
50.3926
50.3974
50.4028
50.4077
50.4127
50.417
50.4215
50.4261
50.4308
50.4357
50.4404
50.4454
50.4502
50.4548
50.4595
50.4645
50.4688
50.4733
50.478
50.4838
50.4892
50.4943
50.4989
50.5034
50.5082
50.5128
50.5176
50.5225
50.5272
50.5316
50.5365
50.5411
50.5456
50.5497
50.5543
50.5592
50.5642
50.5696
50.5753
50.5796
50.5841
50.5891
50.5934
50.5985
50.6036
50.6084
50.613
50.6177
50.6229
50.6276
50.6324
50.6371
50.6418
50.6466
50.6513
50.6566
50.6616
50.6663
50.671
50.6765
50.6815
50.6869
50.6914
50.6961
50.7007
50.7059
50.7105
50.7154
50.7202
50.7253
50.7305
50.7353
50.7403
50.7447
50.749
50.7538
50.7587
50.7639
50.7685
50.7732
50.7783
50.7825
50.7878
50.792
50.7964
50.8017
50.8071
50.8118
50.8161
50.8213
50.8262
50.8309
50.8357
50.8408
50.8459
50.851
50.8562
50.861
50.8659
50.8706
50.8752
50.8804
50.8854
50.8904
50.8951
50.9002
50.9053
50.9108
50.916
50.9217
50.9269
50.9316
50.9366
50.941
50.9461
50.9519
50.9569
50.9618
50.9664
50.9718
50.9767
50.9815
50.9862
50.9912
50.9959
51.0008
51.0058
51.0116
51.0168
51.0217
51.0264
51.0307
51.0365
51.0412
51.0468
51.0526
51.0578
51.0626
51.0673
51.0719
51.077
51.0821
51.0872
51.0923
51.0973
51.1019
51.1072
51.1128
51.1176
51.1234
51.1283
51.1342
51.1389
51.1436
51.1488
51.1539
51.1591
51.1647
51.1697
51.1751
51.1803
51.1858
51.191
51.1953
51.2005
51.2053
51.2103
51.2154
51.2206
51.2257
51.2306
51.235
51.2399
51.2451
51.2501
51.2551
51.2606
51.2653
51.2707
51.2766
51.2819
51.2877
51.2932
51.2979
51.3029
51.3088
51.3142
51.3192
51.3244
51.3295
51.3349
51.3405
51.3455
51.3506
51.3561
51.3618
51.3674
51.3724
51.3775
51.3825
51.388
51.3932
51.3985
51.4037
51.4088
51.4143
51.4193
51.4244
51.4291
51.4346
51.4398
51.4452
51.4513
51.457
51.4616
51.4663
51.4722
51.4775
51.4834
51.4882
51.4936
51.4985
51.5036
51.5085
51.5144
51.5194
51.5244
51.5295
51.5345
51.54
51.5449
51.551
51.556
51.5612
51.5663
51.5715
51.5769
51.5824
51.5878
51.5932
51.5984
51.6043
51.6097
51.6148
51.6199
51.625
51.6305
51.636
51.6416
51.6464
51.6516
51.6569
51.6626
51.6678
51.6731
51.6787
51.6847
51.6891
51.6942
51.6996
51.7045
51.711
51.7158
51.7212
51.727
51.7324
51.7382
51.7432
51.7485
51.7538
51.7591
51.7645
51.7702
51.7756
51.7806
51.7857
51.7916
51.7978
51.8032
51.8087
51.8145
51.8202
51.8258
51.831
51.8363
51.8419
51.8473
51.8537
51.8593
51.8656
51.8709
51.8767
51.882
51.8872
51.8931
51.899
51.9039
51.9093
51.9142
51.9197
51.9249
51.9302
51.9359
51.9421
51.9476
51.9535
51.9592
51.9651
51.9704
51.9758
51.9817
51.987
51.9925
51.9986
52.0038
52.0097
52.0158
52.0214
52.0274
52.0338
52.0389
52.044
52.0498
52.0551
52.0607
52.0671
52.0723
52.0776
52.0829
52.0888
52.0946
52.1008
52.1061
52.1117
52.1169
52.1227
52.1291
52.1347
52.1404
52.1458
52.1512
52.157
52.1624
52.1682
52.1741
52.1798
52.1858
52.1917
52.1968
52.2029
52.2094
52.2148
52.2206
52.2264
52.2318
52.2379
52.2437
52.2493
52.2549
52.2607
52.266
52.2719
52.2775
52.2829
52.288
52.2939
52.2998
52.3054
52.3112
52.3175
52.3234
52.3297
52.336
52.3414
52.3475
52.3531
52.359
52.3648
52.3701
52.3757
52.3809
52.3866
52.3925
52.3981
52.4035
52.4087
52.4144
52.4207
52.4266
52.4326
52.4391
52.4449
52.4515
52.4572
52.4632
52.4689
52.4749
52.4807
52.4856
52.491
52.4971
52.503
52.5091
52.5147
52.521
52.5275
52.5333
52.5395
52.5453
52.5514
52.5568
52.5627
52.5684
52.5745
52.58
52.5858
52.5921
52.5979
52.6039
52.6102
52.6156
52.622
52.6282
52.6348
52.6408
52.6482
52.6546
52.6597
52.6655
52.6723
52.679
52.6848
52.6905
52.6973
52.7033
52.7103
52.7169
52.7229
52.7286
52.7348
52.7415
52.748
52.7544
52.7607
52.7658
52.7716
52.7777
52.7841
52.7893
52.7956
52.8017
52.8076
52.8134
52.82
52.8268
52.8337
52.8398
52.8453
52.8519
52.8578
52.8642
52.8705
52.8775
52.8841
52.8912
52.8975
52.9031
52.9089
52.9152
52.9213
52.9282
52.9343
52.941
52.9466
52.9538
52.9606
52.9663
52.9734
52.9799
52.9859
52.9928
53.0001
53.0066
53.0132
53.0189
53.0253
53.0314
53.0379
53.0455
53.0516
53.058
53.064
53.0705
53.0766
53.0829
53.0894
53.0962
53.1029
53.109
53.1161
53.1228
53.1291
53.1365
53.1427
53.1491
53.1556
53.1619
53.1688
53.1749
53.1822
53.1889
53.1947
53.2012
53.2087
53.2157
53.2228
53.229
53.2352
53.2417
53.2496
53.2569
53.264
53.2702
53.2765
53.2832
53.2899
53.296
53.3021
53.3088
53.3152
53.3213
53.3277
53.3339
53.3406
53.3471
53.3536
53.3595
53.3654
53.3722
53.3785
53.385
53.3919
53.3983
53.4047
53.4112
53.4181
53.4245
53.431
53.4383
53.4446
53.4513
53.4584
53.4657
53.4731
53.4801
53.4865
53.4928
53.5
53.5054
53.5116
53.5183
53.5247
53.5322
53.5392
53.5472
53.554
53.5611
53.568
53.5744
53.5809
53.5883
53.5959
53.6026
53.6095
53.6155
53.6227
53.6293
53.6359
53.6432
53.6498
53.6562
53.6629
53.6699
53.676
53.6827
53.6892
53.6961
53.7026
53.7087
53.7152
53.7224
53.7299
53.7361
53.7428
53.7493
53.7562
53.7631
53.7706
53.7772
53.7849
53.7918
53.7995
53.8064
53.814
53.8207
53.8275
53.8352
53.8428
53.8494
53.8566
53.8641
53.8712
53.8788
53.8855
53.8925
53.9002
53.9075
53.915
53.9218
53.9294
53.9374
53.9444
53.951
53.957
53.964
53.971
53.9783
53.9853
53.9924
53.9993
54.0063
54.0133
54.0202
54.0288
54.036
54.0435
54.0506
54.058
54.0652
54.0727
54.0806
54.0883
54.0969
54.104
54.1106
54.1179
54.1251
54.1324
54.1397
54.147
54.1544
54.162
54.1695
54.1772
54.1845
54.1921
54.2004
54.2077
54.2156
54.2234
54.2306
54.238
54.2461
54.2547
54.2619
54.2695
54.2783
54.2857
54.2934
54.3004
54.3073
54.3149
54.3227
54.3301
54.3371
54.3447
54.3528
54.3603
54.3676
54.3755
54.3833
54.3908
54.3993
54.4073
54.4156
54.4239
54.4321
54.4394
54.4466
54.4537
54.4615
54.4685
54.4752
54.482
54.4898
54.4967
54.5043
54.5118
54.52
54.5274
54.5348
54.5428
54.5514
54.5591
54.5666
54.5738
54.5816
54.5885
54.5959
54.6041
54.6132
54.6214
54.6298
54.6376
54.6468
54.6543
54.6613
54.6691
54.6777
54.686
54.6938
54.7019
54.7097
54.7165
54.7243
54.7331
54.7413
54.7478
54.7552
54.7629
54.7705
54.7781
54.786
54.7935
54.8015
54.8087
54.8166
54.8244
54.8321
54.8405
54.85
54.858
54.8656
54.873
54.8817
54.8902
54.8995
54.9074
54.9155
54.9235
54.9319
54.9397
54.9477
54.956
54.9661
54.9745
54.9837
54.9937
55.0014
55.0098
55.0178
55.0268
55.035
55.0428
55.0505
55.059
55.0681
55.0758
55.0838
55.0925
55.1015
55.1108
55.1191
55.1269
55.1357
55.1449
55.1527
55.1622
55.1712
55.1791
55.1879
55.1961
55.2037
55.2119
55.2193
55.2276
55.2353
55.2438
55.2512
55.2595
55.2677
55.2769
55.2857
55.2942
55.3016
55.3096
55.3176
55.3266
55.3359
55.3445
55.3526
55.3617
55.371
55.38
55.389
55.397
55.4061
55.4142
55.4223
55.432
55.4401
55.4486
55.4562
55.4652
55.474
55.4826
55.4922
55.5016
55.5102
55.5193
55.5283
55.5381
55.5477
55.5565
55.5655
55.5749
55.5843
55.5939
55.6022
55.6116
55.6203
55.6292
55.6378
55.6468
55.6556
55.6656
55.6741
55.6837
55.6928
55.7038
55.7143
55.7222
55.7319
55.7416
55.7527
55.763
55.7721
55.7809
55.791
55.801
55.8099
55.8189
55.8288
55.8376
55.8468
55.857
55.8659
55.8755
55.885
55.8935
55.9029
55.911
55.92
55.9292
55.9387
55.9488
55.9569
55.9659
55.9748
55.9842
55.9933
56.0028
56.0124
56.0221
56.0324
56.0421
56.0507
56.061
56.0707
56.0807
56.0902
56.0998
56.1098
56.1203
56.1305
56.1416
56.1519
56.1623
56.1725
56.1829
56.193
56.2022
56.2111
56.2214
56.2308
56.2407
56.2508
56.2616
56.2715
56.2819
56.2924
56.302
56.3127
56.3234
56.332
56.3422
56.3521
56.3623
56.3727
56.383
56.3945
56.4056
56.4163
56.4256
56.4358
56.446
56.4573
56.4673
56.4774
56.4871
56.4977
56.5086
56.5193
56.5306
56.5402
56.5501
56.5604
56.571
56.5816
56.5932
56.6045
56.615
56.6255
56.6372
56.6482
56.6591
56.6695
56.6797
56.6907
56.7025
56.7135
56.7239
56.7346
56.7468
56.759
56.769
56.7803
56.7908
56.8037
56.8136
56.8244
56.8346
56.8449
56.8551
56.8665
56.8775
56.888
56.8994
56.9096
56.92
56.9307
56.9422
56.9534
56.9646
56.9755
56.9856
56.9982
57.0094
57.0208
57.0317
57.0423
57.054
57.0656
57.0766
57.0882
57.099
57.1101
57.1213
57.1321
57.1434
57.1538
57.1671
57.179
57.1918
57.2036
57.2159
57.2284
57.2399
57.2521
57.2637
57.2744
57.2852
57.2978
57.3083
57.3211
57.333
57.344
57.3559
57.3669
57.3795
57.3914
57.4041
57.4177
57.4303
57.4421
57.4545
57.4665
57.48
57.4917
57.5036
57.5157
57.5274
57.5393
57.5535
57.5654
57.5787
57.592
57.6043
57.6158
57.628
57.64
57.6511
57.6636
57.6753
57.6888
57.7023
57.715
57.7287
57.7415
57.7539
57.7666
57.7806
57.7937
57.8056
57.8179
57.8302
57.8426
57.8553
57.8682
57.8806
57.8938
57.9068
57.9181
57.9304
57.9416
57.9552
57.9677
57.9816
57.9968
58.0091
58.0226
58.036
58.0502
58.0637
58.0781
58.0917
58.1047
58.1181
58.1303
58.1433
58.1566
58.1707
58.1859
58.1997
58.213
58.2276
58.2426
58.2559
58.2699
58.2855
58.2992
58.3131
58.326
58.3408
58.3561
58.3726
58.3883
58.4023
58.4147
58.428
58.4434
58.4573
58.4707
58.4851
58.5
58.5135
58.5276
58.5421
58.556
58.5701
58.5831
58.597
58.6109
58.6254
58.6402
58.6566
58.6707
58.6849
58.6976
58.7119
58.7257
58.7403
58.7568
58.7752
58.7901
58.8047
58.8213
58.8357
58.8492
58.8642
58.8795
58.8913
58.9064
58.9202
58.9347
58.9494
58.9653
58.979
58.9963
59.0098
59.0266
59.0428
59.0583
59.0738
59.09
59.1049
59.1206
59.1355
59.1521
59.1683
59.1849
59.201
59.2171
59.2334
59.2483
59.2648
59.2802
59.2973
59.3136
59.33
59.3457
59.362
59.378
59.3954
59.4102
59.428
59.4443
59.4617
59.4808
59.4985
59.5144
59.5299
59.5483
59.5659
59.5834
59.5993
59.617
59.6356
59.6536
59.6703
59.6857
59.7016
59.7185
59.7368
59.7566
59.7734
59.7907
59.8075
59.8251
59.8432
59.8597
59.8757
59.8929
59.9085
59.9248
59.9438
59.9637
59.9823
60.0009
60.0182
60.0361
60.0525
60.0707
60.0902
60.1077
60.1263
60.1428
60.1619
60.1823
60.2024
60.2192
60.2371
60.2556
60.2755
60.2935
60.3137
60.3324
60.35
60.3682
60.3875
60.4056
60.4229
60.4403
60.4576
60.4763
60.4963
60.5157
60.5341
60.5526
60.5716
60.5917
60.6096
60.6277
60.6481
60.6672
60.6869
60.7074
60.7289
60.7479
60.7669
60.7889
60.8087
60.8275
60.8465
60.8633
60.8843
60.9046
60.9225
60.942
60.9618
60.9837
61.0004
61.0193
61.0386
61.058
61.077
61.0975
61.1175
61.14
61.1592
61.1806
61.2014
61.221
61.2394
61.2602
61.2796
61.2981
61.3201
61.3402
61.3617
61.3864
61.408
61.4288
61.45
61.4726
61.4952
61.5174
61.5356
61.559
61.5826
61.6027
61.6262
61.6484
61.6714
61.6946
61.7176
61.7392
61.762
61.7835
61.8065
61.8281
61.8519
61.8745
61.8993
61.9191
61.943
61.966
61.9897
62.0176
62.0448
62.0701
62.0962
62.1197
62.1445
62.168
62.1946
62.2197
62.2445
62.2687
62.2934
62.3196
62.3446
62.3723
62.4013
62.4276
62.4559
62.4823
62.5086
62.5339
62.5631
62.5893
62.6162
62.6431
62.6712
62.6941
62.7219
62.7499
62.7769
62.8059
62.8356
62.862
62.893
62.9218
62.9538
62.986
63.0171
63.0498
63.0824
63.1099
63.14
63.174
63.2067
63.2359
63.2672
63.2999
63.328
63.3596
63.3934
63.4279
63.464
63.4994
63.533
63.5666
63.5979
63.6326
63.6676
63.7036
63.7405
63.7746
63.807
63.8432
63.8826
63.9178
63.9561
63.993
64.0364
64.0824
64.1228
64.1612
64.2032
64.2436
64.2899
64.3298
64.3788
64.4197
64.4651
64.5085
64.5509
64.5991
64.6487
64.6976
64.7523
64.8018
64.8499
64.9075
64.9605
65.0158
65.0709
65.1318
65.1984
65.2607
65.3191
65.3745
65.437
65.5009
65.5717
65.64
65.7111
65.7813
65.8562
65.931
66.0073
66.0792
66.1458
66.2387
66.3185
66.4124
66.5005
66.5948
66.6801
66.7788
66.8727
66.9632
67.0668
67.19
67.3175
67.4576
67.5943
67.7484
67.8969
68.0892
68.307
68.5324
68.7432
69.0042
69.2742
69.5909
69.886
70.2268
70.6055
71.0371
71.5095
72.031
72.5162
73.0665
73.5683
74.1867
74.7738
75.7403
80.5794
