1
2
2.5
2.83333
3.08333
3.28333
3.45
3.87857
4.00357
4.11468
6.46504
8.6326
10.4249
13.5871
16.6606
18.486
19.7547
20.8467
21.8453
22.6126
23.2972
23.9015
24.4973
25.1506
25.6481
26.1484
26.6344
27.0526
27.4758
27.8483
28.187
28.5258
28.8882
29.2491
29.6058
29.9554
30.2398
30.5294
30.8332
31.1639
31.4578
31.7176
31.989
32.2531
32.4984
32.7785
33.0411
33.278
33.5072
33.7396
33.9663
34.1968
34.4206
34.6274
34.8291
35.0452
35.242
35.428
35.6137
35.8073
35.9904
36.1705
36.3856
36.553
36.7273
36.8921
37.0682
37.228
37.3923
37.5759
37.7451
37.9021
38.0765
38.246
38.4033
38.5643
38.7086
38.8604
39.0124
39.1625
39.3193
39.4666
39.6074
39.7637
39.9332
40.078
40.2328
40.3709
40.5314
40.7009
40.8486
40.9977
41.1316
41.2961
41.4622
41.6324
41.8068
41.9653
42.1444
42.3127
42.481
42.6571
42.8119
42.9787
43.1382
43.3104
43.475
43.638
43.7888
43.9644
44.1304
44.3106
44.4926
44.6588
44.812
44.9635
45.1226
45.3154
45.4868
45.6599
45.8209
45.9889
46.156
46.3191
46.4782
46.632
46.8057
46.967
47.129
47.2861
47.456
47.625
47.7917
47.9395
48.0762
48.2501
48.4059
48.5768
48.7288
48.8973
49.0593
49.2225
49.375
49.542
49.6943
49.8458
49.9947
50.1424
50.3051
50.4646
50.6135
50.7821
50.9057
51.0637
51.23
51.4024
51.534
51.6939
51.8501
51.9748
52.1076
52.2508
52.3877
52.5223
52.6659
52.792
52.9219
53.0604
53.1976
53.3273
53.4573
53.5777
53.7238
53.8609
53.989
54.1212
54.2479
54.3649
54.4912
54.6076
54.7442
54.8608
54.9907
55.1085
55.2243
55.3495
55.4846
55.5998
55.7221
55.8436
55.9572
56.0721
56.188
56.296
56.4038
56.5178
56.6246
56.7376
56.8475
56.9557
57.0532
57.1681
57.2698
57.3685
57.4624
57.5556
57.6592
57.7582
57.8617
57.9587
58.0586
58.1597
58.2585
58.3589
58.4512
58.5538
58.6517
58.7509
58.8449
58.9341
59.0276
59.1195
59.2118
59.3051
59.384
59.4715
59.5666
59.6454
59.7386
59.8216
59.9146
60.009
60.104
60.1928
60.2812
60.3685
60.4641
60.557
60.6416
60.7296
60.8192
60.8995
60.9805
61.0709
61.1457
61.2299
61.3151
61.4072
61.4879
61.5686
61.6557
61.7318
61.8044
61.8853
61.966
62.0403
62.1176
62.2033
62.2833
62.3685
62.4493
62.5329
62.5993
62.679
62.7663
62.8381
62.9175
62.9973
63.0667
63.1512
63.2365
63.3153
63.3987
63.4738
63.5524
63.6346
63.7102
63.7864
63.8582
63.9373
64.0146
64.0958
64.1671
64.2471
64.3228
64.4079
64.4839
64.5626
64.6457
64.7228
64.7935
64.869
64.9486
65.0326
65.1179
65.1992
65.273
65.346
65.4195
65.5009
65.5709
65.6456
65.7223
65.7925
65.8683
65.9427
66.017
66.0911
66.1742
66.2442
66.3136
66.3874
66.4602
66.5361
66.6068
66.6728
66.7467
66.813
66.8905
66.9679
67.0432
67.1189
67.1893
67.2656
67.3301
67.4078
67.4804
67.5484
67.6199
67.6866
67.7571
67.837
67.9034
67.9697
68.0459
68.1179
68.1821
68.2503
68.3263
68.3986
68.4682
68.538
68.6118
68.6827
68.7568
68.8224
68.8861
68.9598
69.0391
69.1137
69.1899
69.2545
69.3214
69.3915
69.4596
69.5247
69.5988
69.6696
69.7342
69.7982
69.8698
69.9404
70.0112
70.0789
70.1467
70.211
70.2772
70.3488
70.4109
70.478
70.5526
70.612
70.6792
70.7438
70.8119
70.8782
70.9435
71.0068
71.0673
71.1362
71.2021
71.263
71.3338
71.3946
71.4627
71.5272
71.59
71.6581
71.7261
71.7914
71.85
71.9117
71.9817
72.0455
72.1099
72.1696
72.2363
72.2955
72.3542
72.4185
72.4786
72.5449
72.6131
72.675
72.7374
72.8014
72.8652
72.931
72.9926
73.0514
73.1092
73.1691
73.2289
73.2876
73.3483
73.4076
73.4678
73.5246
73.5847
73.6429
73.6997
73.7559
73.8212
73.88
73.9462
73.9994
74.0631
74.121
74.1718
74.2275
74.2857
74.3389
74.3934
74.4566
74.5164
74.5742
74.6276
74.6879
74.7465
74.8014
74.8572
74.9169
74.9691
75.0247
75.0845
75.1427
75.2005
75.2548
75.3059
75.3548
75.41
75.4615
75.5237
75.57
75.6212
75.674
75.7276
75.785
75.8354
75.8881
75.9386
75.9949
76.0491
76.099
76.1506
76.2086
76.2606
76.3174
76.368
76.4246
76.4747
76.525
76.574
76.6271
76.6739
76.7307
76.7816
76.8309
76.8856
76.9361
76.983
77.0346
77.0843
77.1395
77.1907
77.2393
77.2928
77.344
77.397
77.4446
77.4992
77.5485
77.5942
77.6451
77.6943
77.7421
77.7888
77.8367
77.8887
77.9357
77.9854
78.0303
78.0783
78.1308
78.1796
78.2313
78.2822
78.3347
78.3828
78.4347
78.4821
78.5329
78.5801
78.6275
78.6706
78.722
78.7673
78.8143
78.8598
78.9036
78.9506
78.9956
79.0445
79.0951
79.1412
79.1909
79.2416
79.2911
79.3382
79.387
79.4344
79.4789
79.5318
79.5792
79.6228
79.674
79.7194
79.7666
79.8155
79.8639
79.9126
79.9621
80.0081
80.0526
80.1017
80.1504
80.2039
80.2523
80.3006
80.3487
80.4004
80.4455
80.4902
80.5342
80.5758
80.6219
80.666
80.7062
80.7521
80.7963
80.8425
80.8882
80.9334
80.978
81.0234
81.0685
81.1094
81.1564
81.2011
81.2482
81.2911
81.3339
81.3784
81.4172
81.4653
81.5129
81.5596
81.6051
81.6515
81.6937
81.7375
81.7867
81.8349
81.8809
81.9234
81.9653
82.0147
82.0561
82.1023
82.142
82.1838
82.2254
82.2697
82.315
82.3579
82.404
82.4438
82.4865
82.5315
82.5747
82.62
82.6666
82.7078
82.7487
82.7945
82.8354
82.8807
82.923
82.9664
83.008
83.0462
83.0896
83.1314
83.1753
83.2134
83.2634
83.3055
83.3477
83.3879
83.4282
83.4675
83.5109
83.5494
83.5882
83.6304
83.6699
83.7133
83.7531
83.7968
83.8363
83.8767
83.9148
83.9495
83.9934
84.0303
84.067
84.1094
84.1538
84.195
84.2344
84.2732
84.3115
84.353
84.3942
84.4332
84.4718
84.5087
84.5489
84.5844
84.6195
84.6574
84.6941
84.7324
84.766
84.807
84.8447
84.8847
84.9214
84.9569
84.9898
85.027
85.0638
85.1
85.1359
85.1708
85.21
85.2463
85.282
85.32
85.3563
85.3927
85.429
85.4647
85.4976
85.5346
85.5681
85.602
85.6422
85.6758
85.7116
85.7451
85.7848
85.8218
85.8542
85.8867
85.921
85.9576
85.9881
86.0228
86.0563
86.0936
86.1322
86.1642
86.1985
86.2356
86.2701
86.3069
86.3438
86.3757
86.4101
86.4439
86.4783
86.5183
86.553
86.5873
86.6206
86.657
86.6914
86.7267
86.7589
86.7929
86.8211
86.8551
86.8908
86.9245
86.9574
86.9915
87.0245
87.0577
87.0955
87.1285
87.1647
87.1944
87.2258
87.2593
87.2938
87.3274
87.3626
87.3995
87.4336
87.464
87.4946
87.5312
87.5625
87.5951
87.6307
87.6633
87.698
87.7294
87.7631
87.7959
87.8296
87.86
87.8932
87.9262
87.9595
87.9892
88.0214
88.0511
88.082
88.1151
88.1461
88.177
88.2119
88.2478
88.28
88.3097
88.3393
88.3774
88.4118
88.441
88.4752
88.5079
88.5375
88.566
88.5951
88.6243
88.6543
88.6853
88.7193
88.7502
88.78
88.8121
88.8434
88.8761
88.9073
88.94
88.9703
88.9991
89.0314
89.0619
89.0892
89.1187
89.1493
89.1803
89.2108
89.2421
89.268
89.3006
89.3343
89.3628
89.3972
89.4276
89.4563
89.4872
89.5179
89.5508
89.5815
89.6124
89.6448
89.6742
89.7051
89.7349
89.7651
89.7946
89.8264
89.8588
89.8877
89.9152
89.9463
89.9768
90.008
90.0394
90.0682
90.0979
90.1293
90.158
90.1843
90.2133
90.2418
90.2711
90.2995
90.3321
90.3575
90.3895
90.4202
90.4456
90.4772
90.5053
90.5376
90.5655
90.5954
90.6241
90.6546
90.6842
90.715
90.743
90.7758
90.8031
90.8322
90.8622
90.8924
90.9219
90.9517
90.9827
91.0097
91.0398
91.0676
91.0971
91.1241
91.1525
91.1813
91.2088
91.2416
91.2728
91.2968
91.3274
91.3538
91.3814
91.4095
91.4362
91.4638
91.4912
91.5206
91.5518
91.5847
91.6139
91.643
91.6698
91.7006
91.7292
91.7594
91.7894
91.8176
91.8429
91.8684
91.8954
91.9243
91.9576
91.9854
92.0129
92.0436
92.0726
92.1
92.1274
92.159
92.1877
92.2196
92.2546
92.2858
92.3161
92.3467
92.3781
92.4107
92.4363
92.4675
92.4941
92.5264
92.557
92.5882
92.6158
92.6448
92.6746
92.7063
92.7389
92.7698
92.8007
92.8263
92.8546
92.8851
92.9135
92.9416
92.9691
92.9986
93.0279
93.0629
93.0937
93.126
93.1547
93.1841
93.2135
93.243
93.2766
93.3104
93.3393
93.3685
93.3989
93.4326
93.462
93.494
93.5219
93.5506
93.5789
93.6105
93.6439
93.6729
93.7068
93.7412
93.769
93.8017
93.8354
93.8684
93.9004
93.9302
93.9614
93.991
94.022
94.0539
94.0838
94.1142
94.1464
94.1784
94.2118
94.2397
94.2693
94.3015
94.3291
94.3578
94.3893
94.4186
94.4469
94.4788
94.5078
94.5416
94.5745
94.6052
94.6384
94.6659
94.6973
94.7266
94.7582
94.7884
94.8221
94.8536
94.8861
94.9205
94.9493
94.9796
95.01
95.0406
95.0718
95.103
95.135
95.1672
95.1979
95.2296
95.2623
95.2936
95.3258
95.355
95.3863
95.4173
95.4481
95.4843
95.5206
95.5574
95.5915
95.6291
95.66
95.6919
95.7228
95.7533
95.7854
95.8186
95.8521
95.8885
95.9252
95.9536
95.987
96.0176
96.0485
96.084
96.1157
96.1467
96.1766
96.2112
96.242
96.2766
96.3061
96.3367
96.3716
96.4092
96.4394
96.472
96.5045
96.5387
96.5732
96.6021
96.6349
96.6658
96.7005
96.7318
96.7687
96.8021
96.8392
96.8753
96.9054
96.9381
96.9722
97.0056
97.0391
97.0716
97.1059
97.1452
97.1769
97.2111
97.2467
97.2823
97.3195
97.3534
97.3896
97.4216
97.4541
97.4901
97.5256
97.562
97.597
97.633
97.6658
97.6998
97.7314
97.7689
97.8068
97.839
97.875
97.9074
97.9396
97.9719
98.0065
98.0414
98.0752
98.1125
98.1454
98.1763
98.2108
98.2459
98.2801
98.3123
98.3435
98.3799
98.4129
98.447
98.4783
98.5124
98.548
98.5871
98.6189
98.6513
98.6802
98.7151
98.7509
98.785
98.8207
98.8518
98.8866
98.9187
98.9506
98.9837
99.0173
99.0505
99.0782
99.1114
99.1445
99.1787
99.2123
99.2437
99.278
99.312
99.3437
99.3792
99.4156
99.4556
99.4896
99.5192
99.5512
99.5888
99.6222
99.6583
99.6893
99.72
99.7514
99.7833
99.8169
99.8482
99.8778
99.9086
99.9395
99.9724
100.005
100.041
100.071
100.103
100.135
100.166
100.198
100.231
100.262
100.297
100.327
100.361
100.391
100.42
100.451
100.487
100.518
100.551
100.587
100.618
100.647
100.682
100.713
100.746
100.776
100.807
100.839
100.872
100.905
100.934
100.963
100.99
101.021
101.05
101.08
101.112
101.145
101.176
101.208
101.24
101.272
101.303
101.335
101.365
101.394
101.423
101.449
101.479
101.508
101.539
101.565
101.595
101.626
101.655
101.689
101.718
101.751
101.783
101.814
101.841
101.872
101.904
101.932
101.965
101.994
102.023
102.053
102.083
102.109
102.138
102.164
102.189
102.216
102.245
102.273
102.301
102.33
102.357
102.385
102.415
102.441
102.471
102.5
102.53
102.561
102.588
102.619
102.648
102.677
102.705
102.734
102.764
102.793
102.822
102.849
102.879
102.907
102.934
102.961
102.99
103.018
103.047
103.074
103.104
103.134
103.163
103.192
103.22
103.248
103.275
103.306
103.334
103.363
103.392
103.42
103.445
103.474
103.501
103.527
103.556
103.583
103.608
103.637
103.664
103.693
103.722
103.747
103.772
103.799
103.825
103.853
103.88
103.91
103.937
103.966
103.995
104.022
104.052
104.08
104.108
104.134
104.162
104.186
104.217
104.245
104.271
104.296
104.326
104.353
104.378
104.406
104.433
104.462
104.49
104.516
104.543
104.571
104.598
104.623
104.65
104.677
104.704
104.73
104.755
104.784
104.812
104.839
104.865
104.888
104.913
104.938
104.963
104.99
105.018
105.043
105.07
105.098
105.123
105.151
105.177
105.204
105.227
105.253
105.281
105.308
105.332
105.36
105.383
105.409
105.433
105.459
105.482
105.508
105.534
105.556
105.582
105.605
105.632
105.657
105.684
105.706
105.731
105.757
105.781
105.809
105.833
105.856
105.88
105.908
105.933
105.958
105.982
106.006
106.031
106.054
106.08
106.105
106.13
106.156
106.181
106.207
106.232
106.255
106.281
106.308
106.333
106.36
106.384
106.406
106.43
106.457
106.481
106.506
106.529
106.554
106.579
106.602
106.626
106.648
106.671
106.695
106.719
106.745
106.768
106.791
106.815
106.84
106.865
106.889
106.912
106.936
106.959
106.984
107.007
107.029
107.053
107.077
107.1
107.125
107.146
107.168
107.19
107.213
107.233
107.256
107.279
107.3
107.324
107.348
107.37
107.393
107.414
107.437
107.46
107.484
107.506
107.532
107.556
107.578
107.599
107.622
107.644
107.664
107.689
107.71
107.735
107.758
107.782
107.806
107.831
107.855
107.881
107.904
107.924
107.946
107.97
107.991
108.013
108.037
108.062
108.086
108.108
108.131
108.154
108.176
108.199
108.221
108.244
108.265
108.288
108.31
108.333
108.354
108.378
108.399
108.422
108.443
108.466
108.489
108.51
108.531
108.556
108.576
108.598
108.619
108.641
108.662
108.687
108.708
108.728
108.751
108.775
108.797
108.819
108.841
108.862
108.885
108.909
108.93
108.953
108.976
108.997
109.017
109.04
109.061
109.081
109.102
109.123
109.145
109.166
109.187
109.211
109.231
109.254
109.277
109.298
109.319
109.338
109.36
109.382
109.401
109.422
109.443
109.465
109.487
109.508
109.529
109.549
109.573
109.597
109.617
109.637
109.658
109.679
109.702
109.724
109.745
109.768
109.789
109.809
109.829
109.849
109.868
109.888
109.909
109.931
109.949
109.97
109.992
110.013
110.033
110.056
110.076
110.097
110.116
110.137
110.157
110.176
110.196
110.216
110.237
110.258
110.28
110.302
110.322
110.342
110.361
110.383
110.402
110.424
110.444
110.466
110.487
110.506
110.523
110.544
110.563
110.583
110.604
110.625
110.645
110.664
110.685
110.703
110.724
110.74
110.758
110.777
110.799
110.817
110.837
110.857
110.877
110.896
110.916
110.933
110.952
110.972
110.99
111.009
111.028
111.046
111.064
111.084
111.104
111.122
111.141
111.16
111.18
111.198
111.219
111.238
111.257
111.276
111.297
111.315
111.336
111.355
111.375
111.394
111.412
111.43
111.45
111.472
111.488
111.506
111.523
111.541
111.56
111.581
111.598
111.618
111.635
111.653
111.672
111.69
111.709
111.727
111.746
111.764
111.784
111.802
111.82
111.84
111.861
111.878
111.895
111.912
111.93
111.949
111.969
111.987
112.006
112.024
112.041
112.06
112.08
112.1
112.118
112.138
112.155
112.173
112.192
112.21
112.229
112.247
112.263
112.283
112.303
112.321
112.339
112.358
112.377
112.394
112.411
112.428
112.446
112.465
112.481
112.498
112.514
112.533
112.55
112.568
112.586
112.605
112.622
112.642
112.661
112.679
112.697
112.715
112.732
112.75
112.768
112.785
112.805
112.824
112.844
112.861
112.879
112.896
112.914
112.932
112.951
112.968
112.985
113.002
113.021
113.041
113.058
113.075
113.093
113.111
113.129
113.144
113.16
113.178
113.196
113.215
113.233
113.252
113.269
113.284
113.3
113.32
113.339
113.359
113.374
113.392
113.409
113.426
113.444
113.461
113.48
113.496
113.513
113.531
113.55
113.568
113.586
113.603
113.623
113.64
113.657
113.673
113.69
113.707
113.725
113.74
113.756
113.774
113.791
113.808
113.826
113.842
113.859
113.876
113.892
113.908
113.926
113.942
113.959
113.978
113.995
114.01
114.027
114.042
114.06
114.076
114.092
114.108
114.127
114.143
114.16
114.179
114.195
114.213
114.23
114.248
114.266
114.283
114.299
114.317
114.335
114.353
114.37
114.387
114.404
114.421
114.437
114.454
114.472
114.488
114.504
114.519
114.535
114.552
114.568
114.586
114.603
114.62
114.636
114.653
114.67
114.686
114.702
114.72
114.736
114.752
114.769
114.786
114.803
114.819
114.836
114.853
114.872
114.887
114.903
114.92
114.934
114.952
114.967
114.983
115
115.016
115.031
115.047
115.063
115.078
115.094
115.11
115.125
115.14
115.156
115.172
115.189
115.206
115.222
115.239
115.254
115.272
115.29
115.305
115.321
115.338
115.355
115.372
115.389
115.407
115.423
115.439
115.454
115.471
115.488
115.505
115.523
115.54
115.556
115.572
115.586
115.602
115.618
115.633
115.649
115.665
115.68
115.695
115.711
115.729
115.745
115.76
115.775
115.793
115.81
115.827
115.843
115.859
115.876
115.891
115.907
115.924
115.939
115.954
115.97
115.985
116.001
116.016
116.033
116.049
116.065
116.08
116.098
116.113
116.129
116.146
116.161
116.178
116.194
116.211
116.225
116.24
116.254
116.272
116.287
116.303
116.321
116.338
116.353
116.369
116.384
116.399
116.415
116.432
116.449
116.464
116.48
116.498
116.515
116.532
116.55
116.564
116.58
116.597
116.612
116.626
116.642
116.659
116.673
116.688
116.703
116.718
116.732
116.747
116.763
116.777
116.79
116.807
116.821
116.837
116.853
116.867
116.881
116.896
116.911
116.927
116.941
116.957
116.971
116.986
117.001
117.017
117.031
117.047
117.062
117.078
117.093
117.109
117.124
117.139
117.155
117.17
117.184
117.198
117.214
117.229
117.245
117.261
117.276
117.292
117.308
117.324
117.34
117.355
117.372
117.388
117.403
117.419
117.437
117.453
117.466
117.482
117.496
117.512
117.527
117.543
117.56
117.576
117.59
117.603
117.619
117.634
117.65
117.663
117.679
117.694
117.71
117.725
117.74
117.755
117.77
117.787
117.802
117.818
117.833
117.849
117.866
117.881
117.895
117.91
117.927
117.942
117.957
117.974
117.988
118.004
118.02
118.036
118.051
118.065
118.08
118.093
118.107
118.122
118.137
118.152
118.169
118.186
118.201
118.215
118.229
118.245
118.26
118.274
118.288
118.302
118.317
118.332
118.347
118.362
118.378
118.393
118.409
118.424
118.438
118.452
118.467
118.48
118.494
118.508
118.522
118.535
118.55
118.565
118.58
118.594
118.609
118.622
118.637
118.649
118.664
118.68
118.694
118.71
118.723
118.739
118.754
118.768
118.783
118.796
118.81
118.825
118.841
118.855
118.869
118.883
118.899
118.913
118.928
118.943
118.958
118.973
118.987
119.002
119.016
119.029
119.043
119.06
119.072
119.088
119.101
119.115
119.129
119.145
119.158
119.172
119.187
119.202
119.217
119.232
119.246
119.26
119.274
119.289
119.304
119.319
119.335
119.349
119.364
119.38
119.395
119.41
119.425
119.438
119.453
119.468
119.483
119.497
119.511
119.527
119.541
119.554
119.568
119.583
119.597
119.61
119.625
119.638
119.653
119.668
119.683
119.698
119.713
119.726
119.742
119.757
119.772
119.787
119.802
119.816
119.831
119.845
119.859
119.874
119.887
119.901
119.915
119.929
119.944
119.959
119.974
119.989
120.004
120.018
120.031
120.046
120.061
120.075
120.088
120.101
120.115
120.13
120.145
120.159
120.173
120.188
120.203
120.218
120.232
120.247
120.261
120.275
120.288
120.303
120.318
120.333
120.347
120.361
120.376
120.391
120.406
120.42
120.434
120.451
120.465
120.479
120.493
120.507
120.521
120.536
120.55
120.563
120.577
120.592
120.607
120.62
120.635
120.65
120.664
120.677
120.692
120.705
120.721
120.734
120.748
120.761
120.777
120.791
120.805
120.819
120.835
120.848
120.861
120.876
120.891
120.905
120.918
120.933
120.947
120.962
120.977
120.991
121.004
121.019
121.033
121.045
121.061
121.076
121.089
121.103
121.118
121.132
121.147
121.161
121.175
121.189
121.205
121.219
121.235
121.249
121.263
121.277
121.292
121.307
121.322
121.336
121.35
121.365
121.379
121.394
121.409
121.424
121.438
121.453
121.466
121.481
121.496
121.511
121.525
121.539
121.553
121.568
121.583
121.596
121.611
121.624
121.64
121.655
121.67
121.684
121.699
121.713
121.727
121.741
121.757
121.771
121.785
121.799
121.813
121.827
121.842
121.858
121.871
121.885
121.9
121.915
121.93
121.946
121.962
121.976
121.991
122.005
122.02
122.034
122.048
122.061
122.075
122.089
122.103
122.117
122.131
122.145
122.16
122.175
122.189
122.203
122.216
122.231
122.245
122.26
122.274
122.288
122.302
122.317
122.333
122.348
122.363
122.378
122.392
122.408
122.422
122.436
122.452
122.466
122.48
122.494
122.509
122.523
122.536
122.55
122.565
122.579
122.595
122.609
122.625
122.639
122.654
122.669
122.683
122.697
122.711
122.725
122.741
122.756
122.771
122.786
122.8
122.814
122.829
122.844
122.858
122.874
122.889
122.902
122.916
122.929
122.944
122.958
122.973
122.988
123.003
123.019
123.033
123.047
123.061
123.076
123.088
123.103
123.118
123.134
123.149
123.164
123.179
123.193
123.207
123.22
123.233
123.25
123.265
123.28
123.296
123.31
123.325
123.338
123.352
123.368
123.382
123.398
123.412
123.428
123.443
123.458
123.472
123.487
123.503
123.517
123.532
123.547
123.564
123.579
123.596
123.609
123.624
123.639
123.654
123.668
123.683
123.698
123.713
123.729
123.744
123.759
123.775
123.791
123.805
123.819
123.833
123.848
123.862
123.876
123.891
123.906
123.922
123.937
123.952
123.967
123.982
123.996
124.012
124.027
124.041
124.055
124.069
124.083
124.096
124.111
124.126
124.139
124.154
124.169
124.185
124.199
124.213
124.227
124.242
124.258
124.273
124.288
124.303
124.32
124.334
124.347
124.362
124.376
124.39
124.405
124.419
124.434
124.45
124.464
124.479
124.494
124.51
124.524
124.539
124.553
124.568
124.583
124.598
124.613
124.628
124.644
124.66
124.676
124.689
124.704
124.719
124.734
124.749
124.764
124.778
124.795
124.81
124.825
124.84
124.856
124.871
124.888
124.904
124.92
124.936
124.952
124.968
124.983
124.997
125.013
125.029
125.043
125.058
125.072
125.086
125.101
125.116
125.131
125.147
125.162
125.177
125.192
125.206
125.224
125.241
125.258
125.274
125.29
125.306
125.322
125.336
125.353
125.368
125.385
125.4
125.416
125.431
125.445
125.461
125.476
125.493
125.508
125.523
125.541
125.556
125.572
125.587
125.603
125.618
125.633
125.647
125.663
125.679
125.696
125.712
125.727
125.743
125.759
125.775
125.79
125.806
125.82
125.836
125.851
125.866
125.881
125.896
125.911
125.926
125.942
125.958
125.974
125.989
126.006
126.022
126.038
126.056
126.07
126.087
126.102
126.12
126.135
126.151
126.166
126.183
126.2
126.217
126.232
126.249
126.266
126.281
126.297
126.312
126.327
126.343
126.36
126.377
126.393
126.408
126.424
126.442
126.459
126.475
126.491
126.507
126.522
126.539
126.556
126.573
126.59
126.606
126.623
126.64
126.657
126.674
126.688
126.703
126.72
126.734
126.751
126.768
126.784
126.802
126.818
126.836
126.851
126.867
126.883
126.901
126.916
126.933
126.949
126.967
126.984
127.001
127.018
127.033
127.05
127.065
127.082
127.098
127.114
127.131
127.147
127.163
127.179
127.196
127.212
127.228
127.244
127.259
127.275
127.291
127.306
127.323
127.339
127.354
127.372
127.39
127.406
127.425
127.443
127.459
127.476
127.494
127.51
127.527
127.544
127.56
127.578
127.594
127.611
127.628
127.643
127.66
127.676
127.694
127.711
127.728
127.746
127.763
127.78
127.796
127.814
127.83
127.847
127.865
127.882
127.899
127.915
127.93
127.947
127.964
127.981
127.999
128.015
128.033
128.051
128.069
128.087
128.103
128.121
128.138
128.155
128.172
128.189
128.206
128.224
128.241
128.258
128.277
128.294
128.312
128.329
128.347
128.365
128.384
128.402
128.421
128.439
128.456
128.473
128.491
128.508
128.528
128.546
128.564
128.582
128.602
128.619
128.636
128.653
128.67
128.689
128.706
128.724
128.741
128.757
128.775
128.792
128.809
128.825
128.845
128.861
128.881
128.9
128.918
128.937
128.956
128.972
128.988
129.004
129.022
129.037
129.055
129.074
129.093
129.111
129.13
129.15
129.169
129.187
129.204
129.221
129.237
129.256
129.273
129.292
129.309
129.326
129.345
129.362
129.382
129.402
129.421
129.44
129.457
129.475
129.492
129.509
129.527
129.544
129.563
129.58
129.597
129.616
129.635
129.652
129.671
129.689
129.707
129.724
129.741
129.757
129.777
129.793
129.811
129.83
129.847
129.867
129.883
129.9
129.92
129.938
129.957
129.973
129.991
130.009
130.027
130.046
130.065
130.08
130.1
130.119
130.138
130.156
130.175
130.194
130.213
130.233
130.249
130.266
130.288
130.304
130.322
130.339
130.355
130.373
130.392
130.41
130.428
130.447
130.467
130.486
130.504
130.525
130.543
130.562
130.581
130.6
130.618
130.635
130.655
130.675
130.693
130.711
130.73
130.748
130.767
130.787
130.804
130.825
130.843
130.863
130.88
130.897
130.917
130.935
130.955
130.975
130.995
131.013
131.031
131.051
131.071
131.09
131.107
131.124
131.142
131.161
131.18
131.197
131.216
131.234
131.253
131.272
131.288
131.306
131.323
131.342
131.36
131.379
131.401
131.421
131.439
131.458
131.475
131.493
131.512
131.531
131.551
131.569
131.588
131.607
131.624
131.643
131.66
131.679
131.696
131.712
131.731
131.749
131.765
131.785
131.803
131.82
131.838
131.856
131.876
131.893
131.912
131.931
131.95
131.967
131.984
132
132.017
132.034
132.051
132.069
132.087
132.104
132.124
132.142
132.161
132.18
132.197
132.216
132.234
132.253
132.272
132.292
132.309
132.33
132.347
132.365
132.382
132.402
132.42
132.441
132.46
132.48
132.498
132.516
132.536
132.554
132.572
132.592
132.61
132.628
132.648
132.666
132.687
132.703
132.719
132.737
132.756
132.774
132.794
132.814
132.833
132.85
132.868
132.884
132.9
132.919
132.938
132.957
132.975
132.991
133.011
133.028
133.046
133.063
133.08
133.099
133.118
133.137
133.154
133.173
133.19
133.211
133.229
133.248
133.267
133.286
133.303
133.322
133.341
133.361
133.38
133.398
133.416
133.434
133.453
133.472
133.491
133.51
133.528
133.545
133.562
133.578
133.597
133.615
133.635
133.654
133.671
133.69
133.706
133.725
133.743
133.761
133.779
133.797
133.814
133.832
133.849
133.867
133.886
133.904
133.922
133.94
133.958
133.974
133.992
134.012
134.03
134.046
134.064
134.08
134.097
134.114
134.134
134.152
134.169
134.189
134.206
134.223
134.242
134.26
134.277
134.296
134.315
134.335
134.353
134.37
134.388
134.408
134.425
134.442
134.459
134.476
134.494
134.511
134.531
134.549
134.567
134.587
134.606
134.622
134.641
134.659
134.678
134.696
134.713
134.73
134.749
134.767
134.785
134.803
134.82
134.836
134.854
134.875
134.892
134.913
134.929
134.945
134.964
134.983
135.001
135.017
135.034
135.05
135.068
135.087
135.104
135.123
135.141
135.159
135.176
135.194
135.21
135.23
135.249
135.265
135.283
135.3
135.318
135.336
135.352
135.37
135.388
135.404
135.422
135.439
135.457
135.474
135.492
135.51
135.526
135.544
135.562
135.578
135.598
135.616
135.635
135.652
135.67
135.687
135.704
135.721
135.74
135.757
135.775
135.794
135.813
135.831
135.851
135.869
135.89
135.906
135.924
135.943
135.962
135.98
135.998
136.017
136.034
136.05
136.067
136.084
136.101
136.119
136.139
136.157
136.175
136.192
136.21
136.227
136.245
136.26
136.277
136.294
136.31
136.327
136.346
136.362
136.38
136.397
136.415
136.434
136.451
136.467
136.484
136.502
136.52
136.538
136.554
136.571
136.587
136.607
136.623
136.639
136.657
136.676
136.694
136.713
136.731
136.747
136.765
136.784
136.802
136.821
136.837
136.854
136.87
136.887
136.904
136.919
136.936
136.954
136.97
136.987
137.004
137.023
137.039
137.057
137.073
137.09
137.107
137.126
137.142
137.158
137.175
137.193
137.211
137.229
137.245
137.262
137.28
137.296
137.314
137.333
137.35
137.368
137.386
137.405
137.423
137.441
137.459
137.476
137.495
137.512
137.53
137.547
137.563
137.581
137.601
137.619
137.635
137.654
137.673
137.691
137.709
137.727
137.747
137.763
137.78
137.797
137.816
137.833
137.852
137.87
137.888
137.905
137.923
137.942
137.959
137.976
137.995
138.013
138.031
138.048
138.065
138.084
138.101
138.12
138.139
138.155
138.174
138.191
138.21
138.229
138.246
138.264
138.282
138.301
138.319
138.339
138.357
138.373
138.393
138.408
138.428
138.447
138.466
138.483
138.502
138.521
138.539
138.556
138.572
138.591
138.609
138.628
138.645
138.662
138.68
138.699
138.716
138.732
138.749
138.766
138.785
138.804
138.823
138.84
138.86
138.877
138.896
138.913
138.932
138.95
138.97
138.988
139.005
139.024
139.041
139.061
139.079
139.098
139.118
139.135
139.153
139.173
139.191
139.212
139.228
139.246
139.265
139.285
139.302
139.321
139.338
139.356
139.373
139.39
139.41
139.428
139.445
139.463
139.483
139.502
139.52
139.538
139.556
139.574
139.593
139.61
139.629
139.648
139.667
139.685
139.703
139.722
139.738
139.758
139.775
139.795
139.813
139.832
139.851
139.869
139.887
139.906
139.924
139.942
139.959
139.978
139.997
140.014
140.031
140.05
140.068
140.087
140.106
140.125
140.144
140.163
140.182
140.202
140.22
140.238
140.256
140.275
140.295
140.315
140.334
140.351
140.372
140.389
140.411
140.43
140.45
140.468
140.488
140.506
140.524
140.545
140.565
140.585
140.603
140.623
140.642
140.661
140.68
140.699
140.717
140.737
140.755
140.776
140.795
140.814
140.833
140.852
140.871
140.891
140.911
140.93
140.95
140.969
140.986
141.007
141.026
141.046
141.064
141.085
141.106
141.124
141.142
141.161
141.181
141.199
141.22
141.24
141.258
141.278
141.296
141.314
141.334
141.354
141.371
141.391
141.413
141.431
141.451
141.471
141.49
141.508
141.529
141.547
141.568
141.587
141.607
141.627
141.648
141.669
141.689
141.708
141.729
141.749
141.769
141.79
141.81
141.83
141.849
141.869
141.888
141.906
141.926
141.946
141.967
141.986
142.007
142.027
142.047
142.068
142.089
142.109
142.127
142.145
142.169
142.189
142.207
142.226
142.243
142.264
142.284
142.303
142.323
142.344
142.361
142.381
142.4
142.419
142.442
142.463
142.484
142.501
142.523
142.542
142.559
142.577
142.597
142.618
142.636
142.654
142.673
142.693
142.711
142.73
142.749
142.768
142.789
142.81
142.828
142.846
142.866
142.883
142.902
142.922
142.944
142.962
142.981
143.001
143.02
143.041
143.064
143.083
143.101
143.124
143.141
143.16
143.179
143.201
143.22
143.24
143.259
143.277
143.296
143.316
143.336
143.355
143.375
143.393
143.414
143.431
143.448
143.467
143.485
143.505
143.524
143.547
143.568
143.589
143.609
143.63
143.649
143.668
143.69
143.709
143.728
143.744
143.763
143.785
143.804
143.821
143.839
143.858
143.878
143.894
143.915
143.935
143.956
143.975
143.995
144.015
144.035
144.056
144.075
144.094
144.113
144.134
144.152
144.171
144.193
144.213
144.232
144.251
144.271
144.291
144.307
144.327
144.346
144.367
144.387
144.407
144.424
144.442
144.463
144.482
144.5
144.519
144.539
144.558
144.581
144.601
144.621
144.64
144.658
144.677
144.695
144.714
144.734
144.754
144.774
144.794
144.814
144.832
144.853
144.872
144.892
144.912
144.93
144.95
144.969
144.991
145.01
145.027
145.046
145.068
145.088
145.108
145.127
145.148
145.168
145.186
145.207
145.226
145.246
145.266
145.284
145.303
145.326
145.345
145.364
145.384
145.403
145.422
145.445
145.467
145.488
145.508
145.527
145.544
145.565
145.586
145.604
145.625
145.644
145.663
145.685
145.704
145.722
145.743
145.762
145.783
145.802
145.822
145.841
145.859
145.88
145.897
145.918
145.939
145.957
145.976
145.995
146.013
146.033
146.051
146.07
146.089
146.109
146.129
146.148
146.167
146.186
146.205
146.225
146.246
146.264
146.283
146.301
146.32
146.338
146.357
146.376
146.395
146.413
146.431
146.45
146.472
146.489
146.508
146.527
146.547
146.564
146.58
146.6
146.618
146.637
146.656
146.675
146.694
146.713
146.732
146.751
146.77
146.786
146.806
146.823
146.843
146.862
146.879
146.898
146.916
146.934
146.953
146.972
146.991
147.009
147.028
147.045
147.066
147.085
147.104
147.121
147.139
147.157
147.175
147.193
147.21
147.228
147.246
147.263
147.28
147.299
147.318
147.336
147.356
147.374
147.393
147.411
147.429
147.448
147.467
147.484
147.502
147.52
147.54
147.56
147.579
147.598
147.616
147.633
147.65
147.669
147.686
147.702
147.72
147.737
147.756
147.773
147.794
147.812
147.832
147.851
147.87
147.887
147.905
147.921
147.94
147.96
147.978
147.996
148.013
148.031
148.048
148.064
148.08
148.097
148.116
148.133
148.152
148.17
148.188
148.206
148.223
148.241
148.258
148.276
148.293
148.311
148.327
148.343
148.36
148.378
148.395
148.411
148.43
148.446
148.464
148.48
148.497
148.514
148.532
148.55
148.567
148.583
148.599
148.617
148.633
148.649
148.667
148.685
148.702
148.719
148.736
148.753
148.771
148.788
148.804
148.821
148.839
148.856
148.874
148.892
148.91
148.926
148.942
148.958
148.975
148.991
149.009
149.026
149.044
149.061
149.08
149.097
149.115
149.132
149.148
149.167
149.186
149.204
149.22
149.238
149.255
149.272
149.29
149.306
149.322
149.338
149.355
149.372
149.388
149.405
149.421
149.437
149.456
149.473
149.488
149.506
149.521
149.538
149.556
149.574
149.592
149.609
149.629
149.647
149.666
149.682
149.7
149.717
149.736
149.751
149.769
149.785
149.803
149.821
149.839
149.854
149.872
149.889
149.906
149.923
149.94
149.956
149.973
149.988
150.005
150.021
150.039
150.057
150.074
150.092
150.11
150.127
150.144
150.159
150.176
150.192
150.211
150.227
150.244
150.261
150.277
150.294
150.312
150.329
150.344
150.363
150.379
150.395
150.412
150.429
150.446
150.462
150.479
150.497
150.514
150.534
150.55
150.566
150.583
150.6
150.619
150.638
150.654
150.67
150.686
150.702
150.721
150.737
150.754
150.772
150.79
150.807
150.824
150.84
150.857
150.873
150.891
150.907
150.923
150.939
150.956
150.975
150.992
151.009
151.027
151.045
151.061
151.079
151.096
151.114
151.131
151.149
151.164
151.182
151.198
151.214
151.23
151.248
151.266
151.281
151.298
151.316
151.335
151.354
151.37
151.387
151.403
151.42
151.436
151.454
151.469
151.486
151.502
151.519
151.535
151.554
151.571
151.588
151.604
151.62
151.636
151.655
151.673
151.692
151.709
151.726
151.745
151.76
151.775
151.791
151.808
151.827
151.844
151.861
151.877
151.897
151.915
151.931
151.949
151.964
151.98
151.996
152.014
152.031
152.049
152.068
152.083
152.101
152.118
152.134
152.153
152.171
152.189
152.206
152.225
152.242
152.261
152.28
152.296
152.314
152.332
152.35
152.366
152.383
152.4
152.418
152.434
152.45
152.469
152.485
152.502
152.519
152.536
152.556
152.574
152.592
152.609
152.626
152.644
152.66
152.676
152.696
152.714
152.734
152.751
152.768
152.784
152.802
152.819
152.836
