2
2.5
2.83333
3.08333
3.28333
3.45
3.73571
3.87857
4.00357
5.64143
7.37692
8.55012
9.86799
10.312
11.4695
12.3524
13.0919
13.6743
14.1551
14.4894
14.8118
15.0913
15.3685
15.6203
15.8613
16.1008
16.3305
16.5369
16.7192
16.9067
17.0815
17.235
17.3926
17.5369
17.6739
17.7984
17.9283
18.0624
18.1764
18.3019
18.426
18.555
18.6657
18.7744
18.8877
19.007
19.1118
19.2112
19.2988
19.3949
19.4882
19.5857
19.6797
19.7685
19.8649
19.9478
20.0434
20.1357
20.224
20.3085
20.402
20.4823
20.561
20.6337
20.7176
20.795
20.8619
20.9401
21.0168
21.0967
21.1672
21.2415
21.3126
21.3876
21.4591
21.5289
21.5969
21.6655
21.7288
21.7951
21.8578
21.9207
21.9833
22.038
22.1029
22.1674
22.2395
22.2993
22.3691
22.4345
22.4945
22.5527
22.6142
22.6798
22.7446
22.8033
22.8624
22.9168
22.9775
23.0388
23.0951
23.153
23.2071
23.2624
23.3172
23.3817
23.4421
23.4985
23.5502
23.6063
23.6651
23.7169
23.7707
23.8277
23.892
23.9541
24.0085
24.0601
24.1163
24.168
24.2187
24.2752
24.3368
24.3895
24.4393
24.4878
24.544
24.6027
24.6499
24.6993
24.7463
24.7844
24.833
24.8826
24.9268
24.9717
25.0222
25.0729
25.1171
25.166
25.2104
25.2593
25.3052
25.3515
25.4021
25.4506
25.4935
25.5405
25.5848
25.6296
25.6752
25.7225
25.7648
25.8081
25.8503
25.8948
25.9395
25.9795
26.0214
26.0625
26.1096
26.1487
26.1919
26.2322
26.2734
26.3127
26.3529
26.3957
26.4354
26.4735
26.5111
26.553
26.5903
26.6238
26.6627
26.7
26.7378
26.7769
26.818
26.8555
26.8941
26.9324
26.9685
27.0026
27.043
27.0742
27.1066
27.1384
27.1744
27.2157
27.2494
27.2866
27.3207
27.3536
27.3873
27.4236
27.4549
27.492
27.5259
27.5575
27.5926
27.6237
27.657
27.6876
27.7202
27.7509
27.7855
27.8181
27.8517
27.8851
27.9154
27.9488
27.9795
28.0107
28.0423
28.0759
28.1081
28.1414
28.1737
28.2036
28.2369
28.2701
28.2998
28.3325
28.3612
28.3934
28.4231
28.457
28.4844
28.5154
28.5461
28.5778
28.6069
28.6379
28.6716
28.7002
28.7291
28.7604
28.7922
28.8213
28.85
28.8791
28.9075
28.9377
28.9647
28.9921
29.0195
29.0465
29.0724
29.0981
29.1257
29.1544
29.1799
29.2052
29.2327
29.2595
29.2864
29.3119
29.3381
29.3635
29.3904
29.4191
29.4485
29.4738
29.5
29.5272
29.553
29.5781
29.6039
29.6264
29.6529
29.6782
29.704
29.7289
29.7546
29.7782
29.8069
29.833
29.8569
29.8809
29.9066
29.9311
29.9545
29.9799
30.0055
30.0286
30.0558
30.0804
30.1008
30.1243
30.1498
30.1709
30.1959
30.2187
30.2426
30.2678
30.2905
30.315
30.3392
30.3587
30.3808
30.4051
30.427
30.451
30.4711
30.4929
30.513
30.5341
30.5585
30.5814
30.6024
30.6225
30.644
30.6692
30.692
30.7131
30.7349
30.7575
30.7772
30.7972
30.8189
30.8384
30.8579
30.8783
30.8987
30.9175
30.938
30.9575
30.9763
30.9971
31.0163
31.0364
31.0569
31.0776
31.0971
31.1181
31.1403
31.1634
31.1847
31.2021
31.2239
31.2433
31.2623
31.2825
31.3045
31.322
31.3429
31.365
31.3847
31.4044
31.4222
31.4439
31.4631
31.4811
31.499
31.5165
31.5348
31.5535
31.572
31.5894
31.6083
31.6258
31.6441
31.6643
31.6829
31.6988
31.7182
31.7364
31.7542
31.7713
31.7898
31.8065
31.8267
31.8454
31.8637
31.88
31.8968
31.917
31.9348
31.9516
31.9684
31.9838
32.0014
32.0195
32.0375
32.0543
32.0689
32.0876
32.1042
32.1218
32.1389
32.1564
32.1733
32.1888
32.2026
32.2193
32.237
32.2535
32.2703
32.2884
32.3059
32.3218
32.3386
32.3545
32.3733
32.3913
32.407
32.4247
32.4415
32.4583
32.4735
32.49
32.5052
32.5213
32.5373
32.5527
32.5696
32.5863
32.6033
32.6209
32.6363
32.6509
32.6657
32.6828
32.6997
32.715
32.7298
32.745
32.762
32.7763
32.7912
32.8061
32.8202
32.8341
32.8505
32.8649
32.8809
32.8969
32.9129
32.9271
32.9422
32.9565
32.9695
32.9846
32.9971
33.0116
33.0254
33.0398
33.0547
33.0677
33.0828
33.099
33.1122
33.1272
33.1425
33.1559
33.1708
33.1857
33.1986
33.2139
33.2288
33.2436
33.2572
33.274
33.2872
33.2992
33.3122
33.3251
33.3388
33.3526
33.3659
33.3803
33.3942
33.4062
33.4175
33.4311
33.4444
33.4583
33.4718
33.4861
33.4984
33.5127
33.525
33.5387
33.5505
33.563
33.5757
33.5885
33.6012
33.6157
33.6291
33.6406
33.6524
33.6651
33.6789
33.6906
33.7026
33.7168
33.7304
33.7431
33.7553
33.7677
33.7797
33.7919
33.8057
33.8192
33.8319
33.8439
33.8556
33.8691
33.8817
33.8945
33.9073
33.9199
33.9326
33.9459
33.9568
33.971
33.9838
33.9955
34.0077
34.0201
34.0307
34.0433
34.0577
34.0696
34.0819
34.0964
34.109
34.1222
34.1345
34.1482
34.1596
34.1716
34.1852
34.1976
34.2118
34.2225
34.2348
34.2476
34.2623
34.2737
34.2861
34.299
34.3108
34.3224
34.3337
34.3469
34.3595
34.3705
34.3835
34.3949
34.4068
34.4194
34.4316
34.4437
34.4578
34.4692
34.4813
34.4927
34.5057
34.5175
34.5291
34.5413
34.5525
34.5646
34.5773
34.5879
34.6002
34.6108
34.6226
34.634
34.6448
34.6561
34.6673
34.6804
34.6919
34.7023
34.7148
34.7261
34.7386
34.7495
34.7611
34.7735
34.7846
34.7955
34.8066
34.8179
34.8271
34.838
34.8483
34.86
34.8716
34.8834
34.8946
34.9062
34.9185
34.9309
34.9414
34.9514
34.9627
34.9735
34.9844
34.9958
35.0058
35.0164
35.0272
35.0378
35.0489
35.0593
35.0696
35.0806
35.0908
35.1017
35.1115
35.1216
35.1311
35.1432
35.1538
35.1654
35.175
35.1858
35.1965
35.2065
35.2177
35.2284
35.2387
35.2488
35.2607
35.2711
35.2812
35.291
35.3023
35.3134
35.325
35.3351
35.3454
35.3558
35.3662
35.3764
35.3857
35.3951
35.4049
35.4153
35.4266
35.4368
35.4465
35.4564
35.4672
35.4776
35.4879
35.4988
35.5086
35.5197
35.5292
35.5395
35.5489
35.5598
35.5687
35.5794
35.5879
35.5974
35.6075
35.6169
35.6255
35.6358
35.646
35.656
35.6659
35.6758
35.6856
35.6963
35.7067
35.7162
35.7261
35.735
35.7454
35.7543
35.7643
35.7737
35.7832
35.7926
35.8031
35.8133
35.8233
35.8324
35.842
35.8508
35.8598
35.8711
35.8793
35.8902
35.9011
35.9095
35.9188
35.9284
35.9373
35.9473
35.9564
35.9655
35.9749
35.9846
35.9942
36.0031
36.012
36.0221
36.0327
36.0422
36.0522
36.0616
36.0716
36.0803
36.0906
36.0986
36.1084
36.1181
36.128
36.1376
36.1471
36.1571
36.1669
36.1759
36.1848
36.1947
36.2053
36.2144
36.2237
36.2315
36.2412
36.2512
36.2611
36.2703
36.2807
36.2902
36.2988
36.3069
36.3152
36.3246
36.3344
36.3442
36.3531
36.3622
36.371
36.3803
36.3883
36.397
36.4053
36.4139
36.4219
36.4301
36.4396
36.4477
36.455
36.4655
36.4742
36.4825
36.4915
36.501
36.5089
36.5178
36.5252
36.5341
36.5424
36.5514
36.559
36.5668
36.5753
36.5841
36.593
36.6021
36.6113
36.6195
36.6281
36.6372
36.6453
36.6533
36.6616
36.6701
36.6792
36.689
36.6991
36.7077
36.7159
36.7233
36.7329
36.7406
36.7498
36.7584
36.7673
36.7762
36.7846
36.7933
36.8014
36.8115
36.8194
36.8272
36.8355
36.8437
36.8529
36.8606
36.8703
36.879
36.8878
36.8975
36.9062
36.914
36.9225
36.9323
36.9408
36.9482
36.9566
36.965
36.973
36.9821
36.9904
36.9977
37.0054
37.013
37.0224
37.0316
37.04
37.0485
37.0566
37.0656
37.0743
37.0823
37.0897
37.0984
37.1065
37.1156
37.124
37.1324
37.1404
37.1496
37.1583
37.1662
37.1746
37.1826
37.1902
37.1986
37.207
37.2146
37.2228
37.2309
37.2388
37.2463
37.2545
37.2616
37.2693
37.2766
37.2848
37.2921
37.3009
37.3096
37.3168
37.3255
37.3331
37.3417
37.3488
37.3567
37.3656
37.3741
37.382
37.3903
37.3977
37.4057
37.4149
37.4232
37.4319
37.4391
37.4473
37.4565
37.4641
37.4718
37.48
37.4888
37.4968
37.5055
37.5142
37.5227
37.5302
37.5377
37.5453
37.5534
37.5615
37.5693
37.5766
37.5846
37.5929
37.6013
37.6095
37.618
37.625
37.6328
37.6415
37.6493
37.6563
37.6636
37.6712
37.6797
37.688
37.6959
37.7046
37.7118
37.7189
37.7271
37.735
37.7422
37.7508
37.7589
37.7668
37.7739
37.7821
37.7903
37.7971
37.8041
37.8126
37.8208
37.828
37.8355
37.8429
37.8508
37.8589
37.8667
37.874
37.8812
37.8888
37.8965
37.9043
37.9123
37.9211
37.9286
37.9356
37.9429
37.9507
37.9594
37.968
37.9757
37.9826
37.9894
37.9964
38.0034
38.0102
38.0172
38.0253
38.0329
38.0405
38.0479
38.0554
38.0628
38.0703
38.078
38.0847
38.0931
38.1008
38.1081
38.1165
38.1238
38.1316
38.1378
38.1458
38.1543
38.1624
38.1698
38.1763
38.1842
38.1913
38.1977
38.2053
38.2119
38.2195
38.227
38.2344
38.2418
38.2494
38.2574
38.2644
38.2716
38.2787
38.2862
38.2934
38.3014
38.3091
38.3156
38.3235
38.3308
38.3384
38.3451
38.3525
38.3599
38.367
38.3737
38.3801
38.387
38.3943
38.4012
38.4091
38.4162
38.424
38.4311
38.4382
38.4458
38.4532
38.4605
38.4673
38.4752
38.4831
38.4905
38.498
38.5044
38.5119
38.519
38.5263
38.5335
38.5404
38.5473
38.5544
38.5614
38.5683
38.5752
38.5821
38.5889
38.5966
38.6045
38.6109
38.6175
38.625
38.6318
38.6398
38.6467
38.6532
38.6601
38.6673
38.6746
38.6821
38.6889
38.696
38.7028
38.7094
38.7169
38.7232
38.7303
38.7393
38.7461
38.7532
38.7603
38.7675
38.7741
38.7806
38.7883
38.7952
38.8022
38.8093
38.817
38.8237
38.8302
38.8375
38.8446
38.8511
38.8586
38.866
38.8732
38.8802
38.8873
38.8944
38.9015
38.9085
38.9158
38.9229
38.9288
38.9359
38.9419
38.9484
38.9557
38.9627
38.9706
38.9769
38.9835
38.9914
38.9983
39.0048
39.0117
39.0191
39.0265
39.0342
39.0413
39.0477
39.0553
39.0617
39.0682
39.0754
39.0814
39.0872
39.0941
39.1009
39.1073
39.1139
39.121
39.1274
39.1331
39.1391
39.1459
39.1527
39.1599
39.1665
39.1732
39.1801
39.1865
39.193
39.2
39.2055
39.2126
39.2193
39.226
39.2328
39.2392
39.246
39.2528
39.2604
39.2675
39.2735
39.2812
39.2884
39.2953
39.3009
39.3077
39.314
39.3207
39.3277
39.3338
39.3407
39.3478
39.3548
39.3615
39.3685
39.3752
39.3816
39.3876
39.3936
39.3989
39.4057
39.4124
39.4192
39.4261
39.4326
39.4392
39.4465
39.453
39.4604
39.4672
39.4736
39.4805
39.4873
39.4937
39.5002
39.5073
39.514
39.5209
39.5273
39.5346
39.5411
39.5483
39.555
39.5615
39.5673
39.5731
39.5798
39.5861
39.5919
39.5989
39.605
39.6112
39.6176
39.6242
39.6308
39.6365
39.6423
39.6483
39.6548
39.6612
39.6667
39.6729
39.679
39.686
39.6922
39.6981
39.7039
39.7107
39.7172
39.7237
39.7305
39.7362
39.7428
39.7493
39.7556
39.7613
39.7681
39.7744
39.7808
39.7873
39.7931
39.7992
39.8056
39.8112
39.8175
39.824
39.8309
39.8384
39.8445
39.851
39.8577
39.8643
39.871
39.8765
39.8823
39.8885
39.895
39.9013
39.9085
39.915
39.9211
39.9277
39.9342
39.9403
39.9467
39.9537
39.9596
39.966
39.9723
39.9789
39.9851
39.991
39.9972
40.0034
40.0093
40.0151
40.0209
40.0277
40.0333
40.0395
40.0462
40.0524
40.0585
40.0644
40.0706
40.0767
40.0824
40.0876
40.094
40.1008
40.1064
40.1131
40.1198
40.1256
40.1315
40.1377
40.1434
40.1506
40.1567
40.1629
40.1691
40.175
40.1809
40.1869
40.1929
40.1986
40.2042
40.2105
40.2172
40.2233
40.2287
40.2343
40.2404
40.2463
40.2516
40.2577
40.2633
40.2684
40.2743
40.2808
40.2877
40.2937
40.2998
40.3058
40.3125
40.318
40.325
40.3305
40.3357
40.3418
40.3481
40.355
40.3609
40.3665
40.3724
40.3788
40.3846
40.3906
40.3965
40.4028
40.4092
40.4157
40.4227
40.4294
40.4352
40.4417
40.4483
40.455
40.4609
40.4675
40.4736
40.4798
40.487
40.4934
40.4997
40.506
40.5122
40.5186
40.5245
40.5295
40.5361
40.5417
40.548
40.5545
40.5596
40.5653
40.5712
40.5778
40.5829
40.5881
40.594
40.5993
40.6055
40.6111
40.6166
40.6221
40.628
40.6337
40.6395
40.6453
40.6512
40.657
40.6625
40.6688
40.6743
40.6803
40.6859
40.6921
40.6979
40.7036
40.7105
40.7164
40.7221
40.7284
40.7348
40.7401
40.7449
40.7503
40.7556
40.7614
40.767
40.7721
40.7782
40.7835
40.7892
40.7951
40.8009
40.8067
40.8117
40.8176
40.8232
40.8299
40.8353
40.8417
40.847
40.8524
40.8581
40.8645
40.8709
40.8771
40.8829
40.8884
40.8941
40.8995
40.9053
40.9113
40.9168
40.9232
40.9288
40.9347
40.9405
40.946
40.9521
40.9582
40.964
40.9697
40.9747
40.9804
40.9856
40.9908
40.9962
41.0018
41.0082
41.0142
41.02
41.0259
41.0315
41.0386
41.0436
41.0492
41.0547
41.0602
41.0657
41.0713
41.077
41.0827
41.0888
41.0946
41.1007
41.1071
41.113
41.1182
41.1235
41.129
41.1344
41.1398
41.1454
41.1509
41.1572
41.1628
41.1682
41.1738
41.1795
41.1845
41.1897
41.1949
41.2006
41.2068
41.2124
41.2184
41.2253
41.2311
41.2374
41.2427
41.2484
41.2539
41.2591
41.2644
41.2697
41.2754
41.2809
41.2874
41.2926
41.2974
41.3029
41.3081
41.3137
41.3187
41.3241
41.3297
41.335
41.3408
41.3464
41.352
41.3572
41.3625
41.3682
41.3734
41.3795
41.3851
41.391
41.3974
41.4023
41.4075
41.4144
41.4206
41.4264
41.4316
41.437
41.4432
41.4484
41.4539
41.4594
41.465
41.4705
41.4759
41.4811
41.4863
41.4914
41.4971
41.5025
41.5076
41.5135
41.5186
41.5239
41.5297
41.5346
41.5408
41.5468
41.553
41.5589
41.564
41.5697
41.5751
41.5807
41.5865
41.5919
41.5976
41.603
41.608
41.6132
41.6186
41.6247
41.63
41.6354
41.64
41.646
41.6512
41.6562
41.6615
41.6665
41.6717
41.6769
41.6827
41.6885
41.6937
41.6987
41.7037
41.7088
41.7138
41.7191
41.724
41.7289
41.7346
41.7396
41.7448
41.7498
41.7556
41.7605
41.7659
41.7705
41.7765
41.782
41.7874
41.7928
41.7987
41.804
41.8094
41.8147
41.8199
41.825
41.8304
41.8356
41.8412
41.8469
41.8516
41.8568
41.8617
41.8679
41.8729
41.8777
41.8832
41.8885
41.8938
41.8992
41.9051
41.9107
41.9153
41.921
41.9264
41.9319
41.937
41.9416
41.947
41.9522
41.9571
41.9621
41.9677
41.9725
41.9775
41.983
41.988
41.9937
41.9989
42.0041
42.0096
42.015
42.0203
42.0265
42.0318
42.0374
42.0426
42.0477
42.0528
42.0583
42.0634
42.0685
42.0735
42.079
42.0842
42.0889
42.0934
42.0991
42.1044
42.1097
42.1146
42.1192
42.1247
42.1299
42.1348
42.1396
42.1444
42.149
42.1547
42.1589
42.164
42.1681
42.173
42.1783
42.1831
42.1887
42.1936
42.1989
42.2038
42.2084
42.2138
42.2198
42.2249
42.2299
42.2354
42.2406
42.245
42.2504
42.2558
42.2611
42.2662
42.2718
42.2767
42.282
42.2873
42.2929
42.2978
42.3028
42.3088
42.314
42.3197
42.3255
42.3311
42.3359
42.3406
42.3461
42.3513
42.3567
42.3617
42.3661
42.3719
42.377
42.3822
42.3869
42.3917
42.3966
42.4013
42.4062
42.4117
42.4165
42.4215
42.4264
42.4314
42.4368
42.4414
42.4466
42.4518
42.4573
42.4623
42.4674
42.4721
42.4769
42.4821
42.4871
42.4917
42.4974
42.5018
42.5061
42.5109
42.516
42.5213
42.5263
42.5308
42.5357
42.5403
42.5449
42.5497
42.5545
42.5592
42.5642
42.5692
42.5743
42.5789
42.5833
42.5883
42.5934
42.5984
42.6027
42.6075
42.6123
42.6177
42.6229
42.628
42.6328
42.6372
42.6419
42.6467
42.6522
42.6571
42.6619
42.6672
42.6718
42.6767
42.6814
42.6858
42.6905
42.6952
42.7001
42.7046
42.7094
42.7148
42.7196
42.7244
42.7291
42.7337
42.7388
42.7435
42.7487
42.7537
42.7586
42.7637
42.7689
42.774
42.7789
42.7839
42.789
42.7935
42.7983
42.8031
42.8076
42.8123
42.818
42.823
42.8279
42.8334
42.8378
42.8423
42.8467
42.8513
42.8559
42.8612
42.866
42.8713
42.876
42.881
42.8861
42.8915
42.8958
42.9
42.9054
42.9104
42.9154
42.9198
42.9242
42.9291
42.9344
42.9388
42.9434
42.9483
42.9537
42.9587
42.9636
42.9684
42.9728
42.9777
42.9825
42.9877
42.9929
42.9982
43.0027
43.0078
43.0125
43.0172
43.0223
43.0269
43.0314
43.0361
43.0406
43.0464
43.0509
43.0554
43.0602
43.0648
43.0696
43.074
43.0786
43.0835
43.0888
43.0931
43.0988
43.1031
43.1078
43.113
43.1173
43.1214
43.1267
43.1307
43.1355
43.1396
43.1442
43.1496
43.1552
43.1601
43.1647
43.1689
43.1737
43.1789
43.1836
43.1878
43.1919
43.1968
43.201
43.2054
43.2096
43.2147
43.2189
43.2237
43.2284
43.2332
43.2377
43.2421
43.2469
43.2517
43.2563
43.2606
43.2649
43.2695
43.2745
43.2788
43.2843
43.2892
43.294
43.2991
43.3039
43.3088
43.3134
43.318
43.3222
43.3271
43.3316
43.3353
43.3398
43.3442
43.3482
43.3527
43.3571
43.3615
43.3664
43.3713
43.3757
43.3804
43.385
43.3894
43.3941
43.3984
43.4024
43.4071
43.4115
43.4163
43.421
43.4256
43.4307
43.4358
43.4403
43.4452
43.45
43.4541
43.4586
43.4627
43.4672
43.4717
43.4762
43.4805
43.4846
43.49
43.4939
43.4978
43.5019
43.5064
43.5114
43.516
43.5212
43.5257
43.5308
43.5352
43.54
43.5454
43.55
43.5547
43.5597
43.5644
43.5685
43.5727
43.577
43.5816
43.5862
43.591
43.5957
43.6002
43.6052
43.6098
43.6146
43.6192
43.6236
43.6281
43.6327
43.6371
43.642
43.6466
43.6515
43.6562
43.6611
43.6654
43.6701
43.675
43.6802
43.6852
43.6896
43.6941
43.699
43.7038
43.7089
43.7132
43.7178
43.7228
43.7275
43.7317
43.7359
43.7405
43.7453
43.7499
43.7542
43.7586
43.7636
43.7684
43.7726
43.7776
43.7823
43.7867
43.7912
43.7955
43.8003
43.8049
43.8093
43.8142
43.8185
43.823
43.8271
43.8315
43.836
43.8409
43.8453
43.8496
43.8539
43.8594
43.8644
43.8685
43.8733
43.878
43.8829
43.8879
43.8919
43.8965
43.9007
43.9048
43.9093
43.9137
43.9177
43.9224
43.9268
43.9311
43.936
43.9404
43.9457
43.9501
43.9541
43.9589
43.9629
43.9673
43.9713
43.9759
43.9798
43.9845
43.9887
43.993
43.9975
44.0019
44.006
44.0107
44.0149
44.0197
44.024
44.0285
44.033
44.0375
44.0426
44.047
44.0507
44.0549
44.0598
44.0645
44.0688
44.0731
44.0776
44.0824
44.087
44.0914
44.0953
44.0996
44.1039
44.1085
44.1131
44.117
44.1213
44.126
44.1302
44.134
44.1381
44.1427
44.147
44.1515
44.156
44.1607
44.1652
44.1694
44.1736
44.1781
44.1823
44.1861
44.1907
44.1955
44.1998
44.2044
44.2091
44.2139
44.2187
44.2233
44.2277
44.2318
44.2369
44.2409
44.2458
44.2496
44.2534
44.258
44.2622
44.2666
44.2716
44.2761
44.2809
44.2856
44.2904
44.2953
44.2996
44.3038
44.3087
44.3127
44.3165
44.3209
44.3257
44.3296
44.3345
44.3387
44.3433
44.348
44.3525
44.3575
44.3613
44.3653
44.3696
44.3743
44.3787
44.3824
44.3871
44.3917
44.3965
44.4006
44.4044
44.4086
44.4128
44.4173
44.4219
44.4262
44.4305
44.4345
44.4395
44.4439
44.4483
44.4527
44.4565
44.461
44.466
44.4707
44.4751
44.4789
44.484
44.4883
44.493
44.4976
44.5022
44.507
44.5112
44.5158
44.5204
44.5254
44.5294
44.5336
44.5378
44.5419
44.5465
44.5508
44.5554
44.5598
44.5637
44.568
44.5726
44.5769
44.5816
44.5862
44.5903
44.5944
44.5986
44.6029
44.6069
44.6111
44.6153
44.6197
44.6243
44.6292
44.6333
44.6387
44.6431
44.6474
44.6514
44.6562
44.6605
44.665
44.6701
44.6741
44.6789
44.6832
44.6877
44.6915
44.6961
44.7007
44.7049
44.709
44.7129
44.7172
44.7213
44.7251
44.7298
44.7345
44.7388
44.7425
44.747
44.7507
44.7548
44.7591
44.7642
44.7688
44.7732
44.7776
44.7818
44.7863
44.7901
44.7945
44.7993
44.8037
44.8082
44.8126
44.8169
44.8215
44.8261
44.831
44.8352
44.8397
44.8439
44.8477
44.8526
44.8562
44.8603
44.8642
44.8684
44.873
44.8773
44.8815
44.8857
44.8896
44.8943
44.8986
44.9026
44.9069
44.9112
44.9154
44.9194
44.9236
44.9278
44.9322
44.936
44.9403
44.9444
44.9485
44.9528
44.9569
44.9613
44.9657
44.9699
44.974
44.9782
44.9819
44.9864
44.9909
44.9959
44.9994
45.0032
45.0076
45.0117
45.0156
45.0201
45.0242
45.0283
45.0324
45.0363
45.0405
45.0449
45.0491
45.0532
45.0578
45.0621
45.0668
45.0714
45.0762
45.0806
45.0853
45.0897
45.0938
45.0973
45.1016
45.1057
45.1095
45.1136
45.1178
45.1215
45.1255
45.1295
45.1336
45.1373
45.1416
45.146
45.15
45.1543
45.1587
45.1625
45.1671
45.1713
45.1755
45.1797
45.1842
45.1882
45.1926
45.1965
45.2005
45.2049
45.2087
45.2123
45.2171
45.2215
45.2256
45.2295
45.234
45.2381
45.2428
45.2467
45.2512
45.2553
45.2596
45.2637
45.2678
45.2716
45.2764
45.2803
45.2842
45.2885
45.293
45.2975
45.3018
45.3055
45.3094
45.3134
45.3182
45.3228
45.3266
45.3307
45.335
45.3392
45.344
45.348
45.352
45.356
45.3606
45.3647
45.3686
45.3734
45.3777
45.3819
45.3862
45.3905
45.3949
45.3993
45.4036
45.4084
45.4123
45.4163
45.4208
45.4248
45.4292
45.4334
45.4378
45.442
45.4458
45.4503
45.4545
45.4593
45.464
45.4683
45.4723
45.4763
45.4803
45.4853
45.4896
45.4939
45.4979
45.5021
45.5071
45.5116
45.5153
45.5193
45.5231
45.5274
45.5314
45.5357
45.5401
45.5445
45.5485
45.5526
45.5569
45.5612
45.5651
45.5694
45.5741
45.5781
45.5821
45.586
45.5902
45.594
45.5979
45.6019
45.6059
45.6101
45.6141
45.6182
45.622
45.6261
45.63
45.6341
45.6387
45.6426
45.6469
45.6512
45.6554
45.66
45.6639
45.6678
45.672
45.6759
45.6799
45.6841
45.6889
45.6933
45.6977
45.7016
45.7058
45.7099
45.7145
45.718
45.7223
45.7267
45.7309
45.735
45.7393
45.744
45.7486
45.7524
45.7562
45.7608
45.7653
45.7694
45.7731
45.7769
45.781
45.7852
45.7888
45.7932
45.7974
45.8018
45.8064
45.8105
45.8151
45.8195
45.8236
45.8278
45.8321
45.8362
45.8408
45.8456
45.8497
45.8536
45.8577
45.8616
45.8657
45.8697
45.8741
45.8783
45.8828
45.8872
45.8915
45.8954
45.8998
45.904
45.9084
45.9128
45.9168
45.9208
45.9248
45.9287
45.9325
45.9366
45.9411
45.9453
45.9496
45.9538
45.9583
45.9623
45.9667
45.9709
45.975
45.979
45.9831
45.9868
45.9914
45.9962
46.0004
46.0048
46.0088
46.013
46.0171
46.0214
46.0251
46.0289
46.0329
46.0372
46.0408
46.0451
46.0489
46.0526
46.0566
46.0608
46.0648
46.0688
46.0729
46.0768
46.0809
46.0848
46.0893
46.0935
46.0979
46.1021
46.106
46.1106
46.1146
46.1188
46.1226
46.1269
46.131
46.135
46.1388
46.1426
46.147
46.1514
46.1553
46.1588
46.1627
46.1672
46.1712
46.1753
46.1798
46.1832
46.1874
46.1912
46.1957
46.1996
46.2034
46.2072
46.2117
46.2158
46.22
46.2242
46.2285
46.2324
46.2366
46.2404
46.2443
46.2483
46.2525
46.2567
46.2605
46.2644
46.2685
46.2728
46.2772
46.2813
46.2854
46.2895
46.2933
46.2973
46.3009
46.3048
46.3094
46.3133
46.3173
46.3217
46.3253
46.3299
46.3338
46.3375
46.3419
46.3462
46.3498
46.3531
46.3573
46.3612
46.3651
46.3692
46.3733
46.3776
46.3814
46.3854
46.39
46.3938
46.3977
46.4017
46.4058
46.4095
46.414
46.4179
46.4219
46.4259
46.4296
46.4336
46.4381
46.4418
46.4464
46.4506
46.4551
46.4592
46.4635
46.4674
46.4715
46.4755
46.4797
46.4837
46.4876
46.4916
46.4953
46.4992
46.5036
46.5082
46.5129
46.5166
46.5202
46.5239
46.5281
46.5318
46.5359
46.5397
46.5435
46.5472
46.5519
46.5555
46.5591
46.563
46.567
46.5712
46.5754
46.5794
46.5834
46.5873
46.5913
46.5954
46.5997
46.6037
46.6075
46.6111
46.6154
46.6194
46.6237
46.6275
46.6316
46.6355
46.6396
46.6433
46.6474
46.6513
46.6557
46.6596
46.6636
46.6673
46.671
46.6749
46.679
46.6831
46.6869
46.6911
46.6951
46.699
46.7031
46.7073
46.7115
46.716
46.7203
46.724
46.7279
46.7322
46.7361
46.7403
46.7443
46.7483
46.7523
46.7562
46.7602
46.764
46.7674
46.7711
46.7752
46.7787
46.7824
46.7862
46.7908
46.7943
46.798
46.802
46.806
46.81
46.8143
46.8185
46.8222
46.8267
46.8309
46.8348
46.8391
46.8435
46.8479
46.8515
46.8557
46.8596
46.8634
46.8675
46.8714
46.8755
46.8799
46.8843
46.8884
46.8925
46.8965
46.901
46.905
46.9089
46.9136
46.9176
46.9214
46.9251
46.9291
46.9331
46.9373
46.9411
46.9447
46.9489
46.9529
46.9568
46.9609
46.965
46.9684
46.9725
46.9769
46.9812
46.9852
46.9892
46.9929
46.9971
47.0008
47.0045
47.0087
47.0127
47.0161
47.02
47.0241
47.0278
47.0317
47.0359
47.0403
47.0441
47.048
47.0523
47.0568
47.0608
47.0648
47.0687
47.0726
47.0762
47.0806
47.0848
47.089
47.0931
47.0972
47.1007
47.1047
47.1085
47.1124
47.1163
47.1203
47.1241
47.1276
47.1312
47.1351
47.1393
47.1437
47.1479
47.152
47.1563
47.1602
47.1641
47.169
47.1736
47.1774
47.1813
47.1849
47.1886
47.193
47.1971
47.2009
47.2045
47.2086
47.2125
47.2163
47.2203
47.224
47.2284
47.2323
47.2366
47.2407
47.2445
47.2485
47.2524
47.2562
47.2605
47.2645
47.2687
47.2726
47.277
47.281
47.285
47.2889
47.2933
47.2976
47.3018
47.3062
47.3099
47.3132
47.3163
47.3207
47.3243
47.3284
47.3327
47.3367
47.3408
47.3453
47.3494
47.3533
47.3574
47.3616
47.3661
47.3698
47.3739
47.378
47.3818
47.3861
47.3896
47.3933
47.3979
47.402
47.4063
47.4103
47.4144
47.419
47.4231
47.4276
47.4312
47.4351
47.4386
47.4428
47.4467
47.4507
47.4544
47.4585
47.4628
47.4666
47.4705
47.4748
47.4783
47.4823
47.4867
47.4908
47.4948
47.499
47.5034
47.5074
47.5111
47.5148
47.519
47.5233
47.5278
47.5321
47.5361
47.5405
47.5443
47.548
47.5523
47.5561
47.56
47.5638
47.5677
47.5713
47.5749
47.5787
47.583
47.5872
47.591
47.595
47.5988
47.6028
47.6069
47.6109
47.6157
47.6197
47.6232
47.6275
47.6313
47.6352
47.64
47.6442
47.6486
47.6525
47.6564
47.6608
47.6642
47.6688
47.6731
47.6773
47.6813
47.685
47.6889
47.6928
47.697
47.7005
47.7043
47.7081
47.712
47.7165
47.7209
47.7252
47.7287
47.7327
47.7368
47.7407
47.7448
47.7485
47.7526
47.7574
47.7612
47.7648
47.769
47.7729
47.7767
47.7809
47.7855
47.7899
47.794
47.7977
47.8016
47.8058
47.8096
47.8139
47.8182
47.8223
47.8258
47.83
47.8339
47.8381
47.8419
47.846
47.8502
47.8539
47.8576
47.8615
47.8653
47.8691
47.8731
47.8773
47.8812
47.8854
47.8897
47.8942
47.8979
47.9019
47.906
47.9101
47.914
47.9181
47.9219
47.9261
47.9303
47.9342
47.9383
47.9421
47.9456
47.9495
47.953
47.9573
47.9613
47.9653
47.9693
47.973
47.9772
47.9813
47.9858
47.9899
47.9938
47.9978
48.0015
48.0052
48.0096
48.0139
48.0176
48.0218
48.0258
48.0295
48.0337
48.0376
48.042
48.046
48.0501
48.0545
48.0587
48.0628
48.0667
48.0705
48.0747
48.0787
48.0826
48.087
48.0913
48.0953
48.0994
48.1037
48.1078
48.1117
48.1155
48.1201
48.1242
48.1288
48.1327
48.1365
48.1405
48.1442
48.1485
48.1528
48.1566
48.1607
48.1652
48.1693
48.1728
48.177
48.1814
48.1854
48.19
48.1939
48.1982
48.2023
48.2065
48.2111
48.2153
48.2193
48.224
48.2286
48.2326
48.2365
48.2405
48.2447
48.2486
48.2531
48.2572
48.261
48.2654
48.269
48.2729
48.2768
48.2807
48.2845
48.2888
48.2925
48.2969
48.3005
48.3049
48.3088
48.3126
48.3167
48.3207
48.3249
48.3286
48.3333
48.3373
48.3414
48.3461
48.3497
48.3537
48.3582
48.3627
48.3666
48.3713
48.3751
48.3791
48.3834
48.3873
48.3914
48.3953
48.3993
48.4035
48.4071
48.4107
48.4149
48.4189
48.4225
48.4263
48.4302
48.4342
48.4384
48.4426
48.4468
48.4508
48.455
48.4595
48.4634
48.4673
48.4718
48.4755
48.4797
48.4839
48.4883
48.4922
48.4962
48.5003
48.5045
48.5086
48.5126
48.517
48.5211
48.5252
48.5292
48.5334
48.5376
48.5413
48.5448
48.549
48.5529
48.557
48.5614
48.5655
48.569
48.5731
48.5773
48.5813
48.5852
48.589
48.5935
48.5972
48.6015
48.6056
48.6095
48.6131
48.6176
48.6216
48.6256
48.6299
48.6337
48.6376
48.6415
48.6457
48.65
48.654
48.6577
48.6618
48.666
48.6698
48.6743
48.6787
48.6828
48.6869
48.6912
48.6952
48.6993
48.7032
48.7073
48.7112
48.7151
48.7194
48.7231
48.7274
48.7315
48.7355
48.7397
48.7442
48.7483
48.7525
48.7562
48.7601
48.7638
48.7681
48.7723
48.7762
48.78
48.7839
48.7878
48.7918
48.7955
48.7998
48.8041
48.8084
48.8122
48.8165
48.8208
48.8247
48.8285
48.8329
48.8371
48.8411
48.8448
48.8492
48.8537
48.8582
48.8627
48.8667
48.8713
48.8757
48.8801
48.8841
48.8884
48.8928
48.8971
48.9013
48.9053
48.9095
48.9136
48.9176
48.921
48.9253
48.9291
48.9333
48.9371
48.9411
48.945
48.9494
48.9537
48.9579
48.9622
48.9666
48.9705
48.9743
48.9783
48.9824
48.9861
48.9901
48.9948
48.9988
49.003
49.0069
49.0114
49.0158
49.0194
49.023
49.0272
49.0314
49.035
49.039
49.043
49.0476
49.0522
49.0562
49.06
49.0644
49.068
49.072
49.0759
49.0807
49.0845
49.0885
49.0925
49.0966
49.1008
49.105
49.1093
49.1137
49.1178
49.1219
49.1258
49.1301
49.1337
49.1384
49.1423
49.1463
49.1503
49.1545
49.1584
49.1627
49.1668
49.1711
49.1752
49.1793
49.1835
49.187
49.191
49.195
49.1993
49.2033
49.2071
49.2107
49.2149
49.2189
49.2228
49.2265
49.2309
49.2352
49.2393
49.2436
49.2482
49.2526
49.2568
49.2612
49.2653
49.2695
49.2732
49.2774
49.2816
49.2856
49.2897
49.2936
49.2976
49.3018
49.3055
49.3102
49.3149
49.3187
49.3227
49.3267
49.3306
49.3349
49.3387
49.343
49.3471
49.3512
49.3555
49.3599
49.3643
49.3683
49.3722
49.3768
49.3813
49.3852
49.3886
49.3923
49.3968
49.4011
49.4057
49.4093
49.4134
49.4172
49.421
49.4254
49.4296
49.434
49.4385
49.4427
49.4475
49.451
49.4548
49.4591
49.4633
49.4673
49.4715
49.4758
49.4797
49.4835
49.4882
49.4922
49.4967
49.5014
49.5051
49.5098
49.5145
49.5192
49.5234
49.5276
49.5323
49.5362
49.5403
49.5444
49.5486
49.5527
49.5565
49.5606
49.565
49.5691
49.5733
49.5769
49.5809
49.5855
49.5898
49.5946
49.5989
49.6035
49.6077
49.6121
49.6161
49.6204
49.6249
49.6287
49.6324
49.6365
49.6411
49.6452
49.6496
49.6533
49.6578
49.662
49.6657
49.6698
49.6745
49.6785
49.6829
49.6865
49.6916
49.6953
49.6997
49.7042
49.7081
49.7118
49.716
49.7204
49.7244
49.7286
49.7326
49.7373
49.7414
49.7463
49.7506
49.7549
49.7591
49.7631
49.7672
49.7716
49.7756
49.7798
49.7844
49.7885
49.7926
49.7971
49.8012
49.8052
49.8093
49.8131
49.8168
49.8215
49.8252
49.8296
49.8337
49.8382
49.8418
49.8462
49.8507
49.8551
49.8591
49.8638
49.8679
49.8722
49.8765
49.8812
49.8853
49.8898
49.8943
49.8985
49.9028
49.9072
49.9117
49.9156
49.9197
49.9244
49.9284
49.9326
49.937
49.9415
49.946
49.9511
49.9557
49.9602
49.9645
49.9687
49.9736
49.9776
49.9818
49.9865
49.9905
49.995
49.9989
50.0033
50.0076
50.0122
50.0162
50.0203
50.0247
50.0296
50.0336
50.0375
50.0418
50.0456
50.0499
50.0542
50.0584
50.0625
50.0667
50.0711
50.0752
50.0794
50.0838
50.0878
50.0924
50.0964
50.101
50.1056
50.1097
50.1139
50.1182
50.1221
50.1267
50.1304
50.1343
50.1382
50.1423
50.1462
50.1506
50.1549
50.1595
50.1638
50.1676
50.1726
50.1767
50.181
50.1853
50.19
50.1947
50.1995
50.204
50.2088
50.2137
50.2182
50.2226
50.2267
50.231
50.2354
50.2402
50.2452
50.2494
50.2542
50.2586
50.2632
50.2679
50.2726
50.2767
50.281
50.2857
50.2904
50.2944
50.2991
50.3032
50.3081
50.312
50.3166
50.3211
50.3254
50.3294
50.3337
50.3382
50.342
50.3464
50.3513
50.3559
50.3604
50.3645
50.3685
50.3723
50.3765
50.3809
50.3848
50.3892
50.3937
50.3981
50.4025
50.4069
50.4117
50.416
50.421
50.4256
50.43
50.4341
50.4381
50.4428
50.4472
50.452
50.4564
50.4605
50.4648
50.4696
50.4741
50.4784
50.4825
50.4867
50.4908
50.495
50.4992
50.5032
50.5074
50.5121
50.5167
50.5212
50.5253
50.5301
50.5342
50.5386
50.5434
50.5481
50.5521
50.556
50.5601
50.5649
50.5696
50.5736
50.5779
50.582
50.5862
50.5908
50.5955
50.6
50.6042
50.6084
50.6124
50.6166
50.621
50.6256
50.6299
50.6342
50.6384
50.6428
50.6473
50.6511
50.6559
50.6607
50.6648
50.6687
50.6731
50.6772
50.682
50.6861
50.6909
50.6953
50.6993
50.7035
50.7087
50.7133
50.7181
50.7224
50.727
50.7318
50.737
50.7417
50.7465
50.7514
50.7554
50.76
50.7642
50.7683
50.7735
50.7779
50.7828
50.788
50.7929
50.7975
50.8021
50.8064
50.8107
50.8154
50.82
50.8251
50.8299
50.8343
50.8393
50.844
50.8485
50.8525
50.857
50.8614
50.8661
50.8704
50.8746
50.8794
50.8845
50.8889
50.8927
50.8975
50.9018
50.9059
50.9106
50.9153
50.9204
50.9255
50.9298
50.9347
50.9395
50.9436
50.9487
50.9534
50.9584
50.9627
50.9673
50.9722
50.977
50.9819
50.9863
50.9913
50.9959
51.0001
51.0043
51.0085
51.0133
51.0181
51.0224
51.0277
51.0323
51.037
51.0416
51.046
51.0507
51.0553
51.0603
51.0655
51.0699
51.0744
51.0794
51.0843
51.0892
51.0939
51.0983
51.103
51.1073
51.1121
51.1169
51.1211
51.1253
51.1295
51.1343
51.139
51.1443
51.1488
51.1535
51.1587
51.1638
51.1683
51.1729
51.1779
51.1828
51.1874
51.1922
51.1969
51.2016
51.2064
51.2115
51.2162
51.2214
51.2266
51.2316
51.2367
51.2418
51.2462
51.2508
51.2554
51.2604
51.2652
51.2699
51.2748
51.2799
51.2848
51.2897
51.2947
51.2995
51.304
51.3086
51.3135
51.3185
51.3236
51.3282
51.3329
51.3378
51.3428
51.3475
51.3523
51.3565
51.3615
51.3669
51.3717
51.3763
51.3807
51.3858
51.3906
51.3953
51.3999
51.4049
51.41
51.4147
51.4197
51.4244
51.4292
51.4345
51.4396
51.4446
51.4499
51.4545
51.4588
51.4633
51.4677
51.4726
51.4771
51.4816
51.4866
51.4915
51.4963
51.5013
51.5064
51.5111
51.516
51.5204
51.5252
51.5295
51.5348
51.54
51.5441
51.5492
51.5542
51.5591
51.5638
51.5697
51.5744
51.5794
51.5841
51.5888
51.5938
51.5992
51.6046
51.6102
51.6154
51.6203
51.625
51.6294
51.6344
51.639
51.6436
51.6485
51.6534
51.6587
51.6634
51.6683
51.674
51.6784
51.6835
51.6885
51.6935
51.6992
51.7045
51.7094
51.7134
51.7183
51.7234
51.7283
51.7334
51.7384
51.7432
51.7481
51.7533
51.7584
51.7637
51.7681
51.7727
51.7773
51.7822
51.787
51.7921
51.7966
51.8016
51.807
51.8114
51.8165
51.8215
51.8263
51.8313
51.8366
51.8417
51.8463
51.8513
51.8559
51.8608
51.8655
51.8699
51.875
51.88
51.8846
51.8898
51.8947
51.8992
51.9047
51.9101
51.9149
51.9203
51.9257
51.9311
51.9354
51.94
51.945
51.9504
51.956
51.9606
51.9654
51.9701
51.9755
51.9804
51.9851
51.9902
51.9952
52.0005
52.0052
52.0099
52.0154
52.0201
52.0257
52.0312
52.0367
52.0414
52.0466
52.0522
52.0572
52.062
52.0666
52.0719
52.0767
52.0818
52.0874
52.0925
52.0972
52.1019
52.1069
52.1117
52.1173
52.1218
52.127
52.1321
52.1369
52.142
52.1468
52.152
52.1569
52.1625
52.1673
52.1724
52.1779
52.1833
52.1887
52.1933
52.1986
52.2039
52.2092
52.2147
52.2199
52.2247
52.2298
52.2352
52.2406
52.2457
52.251
52.256
52.2616
52.2667
52.2718
52.2767
52.2821
52.2874
52.2923
52.2975
52.3032
52.3079
52.3124
52.3179
52.3234
52.3289
52.3339
52.3393
52.3441
52.3494
52.3542
52.3595
52.3642
52.3699
52.3753
52.3806
52.3857
52.3906
52.3958
52.4022
52.4071
52.4119
52.4183
52.4243
52.4289
52.4342
52.4394
52.4451
52.4501
52.455
52.4605
52.4657
52.4708
52.4758
52.481
52.4863
52.4911
52.4976
52.5027
52.5086
52.5142
52.5191
52.5239
52.5295
52.5347
52.5398
52.5457
52.5507
52.5562
52.5614
52.5664
52.5714
52.577
52.5825
52.5881
52.5936
52.599
52.6038
52.6089
52.6146
52.62
52.6248
52.6295
52.6341
52.6394
52.6444
52.6497
52.6556
52.6615
52.6666
52.6721
52.6779
52.6833
52.6888
52.6934
52.6987
52.7038
52.7089
52.7145
52.7203
52.7259
52.7319
52.7371
52.7428
52.7483
52.7538
52.7596
52.7653
52.7718
52.7771
52.7824
52.7882
52.7944
52.7999
52.8058
52.8114
52.817
52.8225
52.8278
52.834
52.8397
52.8452
52.8504
52.8553
52.8613
52.8666
52.8722
52.8776
52.8831
52.8886
52.8932
52.8998
52.9057
52.9116
52.9172
52.9231
52.9291
52.9343
52.9402
52.9461
52.9518
52.9574
52.9627
52.9679
52.9729
52.979
52.9856
52.9913
52.9964
53.0022
53.0079
53.0135
53.0191
53.0255
53.0315
53.0375
53.0427
53.0488
53.055
53.0608
53.0666
53.0729
53.0781
53.0843
53.0898
53.0948
53.1005
53.1069
53.1123
53.1166
53.1227
53.1284
53.1341
53.1404
53.1459
53.152
53.1577
53.1625
53.1686
53.1747
53.1809
53.1874
53.1938
53.1992
53.205
53.2109
53.2168
53.2224
53.2288
53.2346
53.2405
53.2466
53.2529
53.2583
53.2648
53.2708
53.2763
53.2827
53.2886
53.294
53.3001
53.3067
53.3131
53.3192
53.3253
53.331
53.3368
53.3423
53.3485
53.3539
53.3602
53.3657
53.3715
53.3781
53.384
53.3903
53.3969
53.4031
53.4094
53.4149
53.4203
53.4261
53.4317
53.4378
53.4436
53.4492
53.4554
53.4611
53.4665
53.4723
53.4785
53.4845
53.4903
53.496
53.502
53.508
53.5135
53.5194
53.5255
53.532
53.5377
53.5444
53.5499
53.5563
53.5622
53.5683
53.5742
53.5806
53.5869
53.5926
53.5985
53.6048
53.6112
53.6179
53.6238
53.6297
53.6357
53.6407
53.647
53.6525
53.6587
53.6644
53.6706
53.677
53.6828
53.6898
53.6955
53.7015
53.7078
53.7144
53.7208
53.7261
53.7319
53.7383
53.7444
53.7513
53.7574
53.7629
53.7689
53.7755
53.7816
53.7879
53.7939
53.8005
53.8062
53.8126
53.8188
53.8245
53.831
53.837
53.8433
53.8492
53.8561
53.8625
53.8685
53.8753
53.8818
53.888
53.8942
53.9006
53.9075
53.9138
53.9197
53.927
53.9337
53.9406
53.9471
53.9533
53.9597
53.9666
53.9731
53.98
53.9859
53.9918
53.998
54.005
54.0113
54.0178
54.0243
54.0303
54.0369
54.0432
54.0496
54.0558
54.062
54.0692
54.0759
54.0826
54.0895
54.0957
54.1019
54.1087
54.1157
54.1229
54.1297
54.137
54.1435
54.1501
54.1566
54.1635
54.1702
54.1762
54.1833
54.1904
54.1966
54.2035
54.2098
54.216
54.2219
54.2281
54.2348
54.241
54.2473
54.2536
54.2599
54.2668
54.2741
54.2811
54.2874
54.2936
54.2996
54.3066
54.3131
54.3204
54.3263
54.333
54.3399
54.3467
54.3538
54.3605
54.3671
54.3745
54.3809
54.3872
54.3947
54.4012
54.4072
54.4138
54.4197
54.4264
54.4332
54.4398
54.4466
54.4543
54.4611
54.4685
54.4764
54.4833
54.4903
54.4976
54.5048
54.5118
54.5186
54.5261
54.5329
54.5402
54.5471
54.5541
54.561
54.5674
54.5742
54.5805
54.5872
54.5943
54.6017
54.6088
54.6152
54.6221
54.6295
54.6363
54.6435
54.6501
54.6575
54.6637
54.6714
54.6789
54.6867
54.694
54.7011
54.7092
54.7162
54.7236
54.7309
54.7382
54.7451
54.7521
54.759
54.7665
54.7738
54.7805
54.7871
54.7939
54.8018
54.8099
54.8168
54.8245
54.8313
54.8392
54.8462
54.8531
54.8599
54.8675
54.8748
54.8824
54.8898
54.8968
54.9041
54.9112
54.9188
54.9258
54.9328
54.9405
54.9481
54.9568
54.9646
54.9718
54.9798
54.9862
54.9937
55.0011
55.0085
55.016
55.0231
55.0304
55.0372
55.0449
55.0517
55.0601
55.0686
55.0754
55.0833
55.0908
55.0981
55.1061
55.1137
55.1215
55.1291
55.1365
55.1439
55.1517
55.1592
55.1661
55.1739
55.1818
55.1895
55.1981
55.2052
55.2128
55.2207
55.2282
55.2363
55.2445
55.2521
55.2592
55.2668
55.2742
55.282
55.2897
55.2979
55.3057
55.3141
55.3225
55.3296
55.3365
55.3442
55.3517
55.3602
55.3677
55.3746
55.383
55.3908
55.3989
55.4065
55.4137
55.4224
55.4306
55.4381
55.4464
55.4553
55.4635
55.4727
55.4804
55.4884
55.4972
55.5062
55.5145
55.5224
55.531
55.5405
55.5484
55.5552
55.5627
55.5707
55.5798
55.5867
55.5951
55.6029
55.6106
55.6193
55.6272
55.6348
55.6436
55.6519
55.6597
55.6695
55.678
55.6872
55.6951
55.7033
55.7115
55.72
55.7281
55.7365
55.7448
55.7534
55.7619
55.7701
55.779
55.7871
55.7949
55.8028
55.8115
55.8193
55.8278
55.8364
55.8431
55.8512
55.8595
55.8687
55.8765
55.886
55.895
55.9034
55.9114
55.9212
55.9293
55.938
55.9475
55.9561
55.9643
55.9721
55.9808
55.9889
55.9962
56.0043
56.0122
56.0214
56.0298
56.0402
56.0492
56.0595
56.069
56.0785
56.0871
56.0965
56.1064
56.1153
56.1238
56.1316
56.1423
56.1498
56.1587
56.1692
56.1779
56.1875
56.1965
56.206
56.2164
56.2254
56.2347
56.2447
56.255
56.265
56.2755
56.2844
56.2938
56.304
56.3121
56.3213
56.3311
56.3408
56.3497
56.3589
56.3678
56.3767
56.3854
56.3961
56.4055
56.4147
56.4237
56.4337
56.443
56.4515
56.4611
56.4698
56.4799
56.4898
56.4986
56.5084
56.5172
56.5276
56.5367
56.5464
56.5555
56.5655
56.5758
56.5858
56.5964
56.6061
56.617
56.6278
56.6391
56.6492
56.66
56.6697
56.6802
56.6889
56.6994
56.7085
56.7193
56.7292
56.7414
56.7517
56.7618
56.7724
56.783
56.7923
56.8032
56.8148
56.8244
56.8346
56.8441
56.8539
56.8644
56.8748
56.8854
56.8961
56.9076
56.918
56.9276
56.9389
56.9506
56.9614
56.9714
56.9812
56.991
57.0007
57.0118
57.0218
57.0335
57.0453
57.0575
57.0678
57.0776
57.0879
57.0996
57.1105
57.1222
57.1325
57.1444
57.1553
57.166
57.1766
57.1879
57.1983
57.2083
57.22
57.2297
57.2412
57.2528
57.2647
57.2757
57.2859
57.2982
57.3091
57.3201
57.3321
57.3442
57.3546
57.3649
57.3779
57.3893
57.4017
57.4142
57.4265
57.4378
57.4478
57.4588
57.4692
57.4799
57.4926
57.5034
57.5144
57.5258
57.5382
57.5513
57.5624
57.574
57.5868
57.598
57.6099
57.6226
57.634
57.6468
57.6594
57.6716
57.6825
57.6952
57.7085
57.7206
57.7327
57.7464
57.7589
57.7711
57.7838
57.7958
57.8067
57.8191
57.8321
57.8437
57.8551
57.8684
57.8815
57.894
57.9054
57.9181
57.9296
57.9412
57.9548
57.9671
57.9794
57.9908
58.0032
58.0159
58.0287
58.0412
58.0555
58.0686
58.0816
58.0961
58.1094
58.1228
58.136
58.1483
58.163
58.1763
58.1894
58.203
58.216
58.2292
58.2414
58.2546
58.2675
58.2824
58.297
58.3109
58.3247
58.3392
58.3526
58.3678
58.3827
58.3974
58.4104
58.4258
58.4394
58.4538
58.4701
58.4847
58.498
58.5127
58.527
58.5405
58.555
58.5694
58.5834
58.5975
58.6112
58.6289
58.6433
58.6589
58.6741
58.6888
58.7045
58.7197
58.7341
58.7487
58.7649
58.7796
58.7955
58.8111
58.8269
58.8413
58.8574
58.8725
58.8882
58.9056
58.9212
58.9368
58.9528
58.9686
58.9836
58.9989
59.0153
59.0299
59.0458
59.063
59.0788
59.0958
59.1117
59.128
59.1452
59.1618
59.1761
59.1947
59.2095
59.2245
59.2397
59.2561
59.2735
59.2898
59.3073
59.3271
59.3451
59.3618
59.3782
59.397
59.4154
59.4345
59.4544
59.4735
59.4902
59.5078
59.5248
59.5417
59.5592
59.5814
59.6006
59.6183
59.6382
59.6571
59.6747
59.6959
59.7132
59.7321
59.7515
59.7712
59.7929
59.8141
59.8345
59.858
59.878
59.9009
59.9247
59.9477
59.9697
59.9901
60.0122
60.0347
60.0534
60.0725
60.0936
60.1156
60.1396
60.161
60.1822
60.2041
60.2243
60.2471
60.271
60.295
60.319
60.3419
60.3611
60.385
60.4055
60.4285
60.4493
60.4728
60.4977
60.5205
60.5409
60.5651
60.5902
60.6139
60.6382
60.6605
60.6828
60.7086
60.7303
60.7548
60.7803
60.8041
60.8273
60.8519
60.8798
60.9057
60.9299
60.9575
60.981
61.0059
61.0331
61.0553
61.085
61.1123
61.1406
61.1656
61.1943
61.217
61.2425
61.2676
61.2986
61.3254
61.3538
61.3841
61.415
61.4387
61.468
61.5051
61.5332
61.5624
61.5924
61.62
61.6489
61.6763
61.7079
61.7422
61.7734
61.8033
61.833
61.8629
61.897
61.9264
61.9599
61.9953
62.0287
62.0609
62.094
62.129
62.1629
62.1967
62.2269
62.2591
62.3006
62.3344
62.371
62.4061
62.447
62.4834
62.5238
62.5666
62.6045
62.6407
62.6802
62.7153
62.7504
62.7899
62.8316
62.8764
62.9179
62.9543
62.9969
63.0357
63.0739
63.1146
63.153
63.1948
63.2341
63.2747
63.3205
63.3565
63.4005
63.4369
63.4775
63.5214
63.5681
63.6123
63.6633
63.7073
63.7487
63.7926
63.8361
63.8802
63.92
63.9663
64.0182
64.0649
64.1149
64.1604
64.2064
64.2591
64.3049
64.3606
64.406
64.4571
64.5071
64.5586
64.6094
64.6621
64.7216
64.7735
64.8227
64.8772
64.9357
64.9923
65.0487
65.1094
65.1717
65.2245
65.2902
65.3529
65.4153
65.4824
65.539
65.6048
65.6674
65.7369
65.8044
65.8832
65.9516
66.0299
66.108
66.1805
66.2572
66.3469
66.4282
66.5233
66.606
66.699
66.7875
66.882
66.9659
67.0616
67.1662
67.2544
67.3577
67.4718
67.5979
67.7194
67.8405
67.9643
68.1212
68.2695
68.4215
68.6092
68.7798
69.0023
69.2072
69.4382
69.7282
70.0367
70.3845
70.8311
71.4746
72.6124
78.497
