2
2.5
2.83333
3.16667
3.23333
3.73333
3.82857
3.87619
3.89107
4.97504
5.83385
6.88258
8.21074
8.69633
9.79038
10.8682
11.6547
12.2958
12.8444
13.2649
13.6302
13.9754
14.3061
14.6113
14.9312
15.1848
15.4492
15.6648
15.8919
16.1315
16.3417
16.5203
16.7145
16.903
17.0571
17.207
17.3556
17.4942
17.6457
17.785
17.9097
18.0292
18.1545
18.2761
18.4005
18.525
18.6301
18.73
18.8524
18.9635
19.0748
19.1757
19.2664
19.3605
19.4594
19.5474
19.6313
19.7324
19.8219
19.9047
19.983
20.0631
20.1483
20.2375
20.3185
20.4033
20.4818
20.5729
20.6491
20.7207
20.7914
20.8646
20.9422
21.0128
21.0876
21.1568
21.2121
21.2818
21.3448
21.4182
21.487
21.544
21.6019
21.6628
21.7207
21.776
21.8353
21.8948
21.9574
22.0193
22.0736
22.1289
22.1906
22.2453
22.3011
22.3492
22.4025
22.4547
22.5083
22.5568
22.6085
22.6637
22.7182
22.7707
22.8192
22.8712
22.9161
22.9613
23.0092
23.0602
23.1083
23.1554
23.1984
23.2438
23.2918
23.3379
23.3855
23.433
23.4771
23.5199
23.5682
23.6072
23.6479
23.6887
23.7326
23.7716
23.8137
23.8498
23.892
23.9382
23.9759
24.0127
24.0512
24.0884
24.1282
24.1662
24.1999
24.2394
24.276
24.3174
24.3551
24.393
24.4332
24.4703
24.5115
24.5454
24.5815
24.6152
24.649
24.6833
24.7184
24.7536
24.7931
24.8259
24.8601
24.8962
24.927
24.9598
24.9938
25.0257
25.0571
25.0885
25.1233
25.1549
25.1875
25.2154
25.2477
25.2749
25.3054
25.3361
25.3676
25.3974
25.4299
25.4569
25.4833
25.5152
25.546
25.577
25.6071
25.6381
25.6685
25.6954
25.726
25.7548
25.7816
25.8075
25.8361
25.8597
25.8884
25.9166
25.9441
25.9713
25.999
26.0271
26.054
26.0802
26.1039
26.1284
26.1594
26.1882
26.2163
26.2439
26.2737
26.2984
26.3205
26.3415
26.3658
26.3943
26.4199
26.4452
26.47
26.4989
26.5228
26.547
26.5696
26.5977
26.6223
26.6468
26.6717
26.6945
26.7186
26.742
26.7676
26.7924
26.8123
26.8344
26.8575
26.8831
26.9092
26.9328
26.9547
26.976
26.998
27.02
27.0407
27.0591
27.0826
27.1065
27.1306
27.1526
27.175
27.1972
27.2214
27.246
27.2689
27.2898
27.3121
27.3311
27.3546
27.3767
27.3965
27.4174
27.4378
27.4589
27.4775
27.4984
27.5178
27.5349
27.5554
27.5754
27.5989
27.6208
27.6415
27.6614
27.6822
27.7039
27.7238
27.7439
27.7647
27.784
27.8062
27.8237
27.8441
27.8624
27.8822
27.9026
27.9216
27.9401
27.9584
27.9785
27.9981
28.0168
28.0349
28.0545
28.0725
28.0892
28.1068
28.1242
28.1439
28.1617
28.179
28.1948
28.2135
28.2297
28.2483
28.2632
28.2831
28.3018
28.3188
28.3363
28.3515
28.3685
28.3859
28.4016
28.4195
28.4377
28.4553
28.4735
28.4915
28.5094
28.5257
28.5405
28.559
28.5745
28.5901
28.6064
28.6212
28.6375
28.654
28.669
28.684
28.7015
28.7173
28.734
28.7493
28.7659
28.7808
28.7963
28.8113
28.8271
28.8425
28.8573
28.872
28.8867
28.9028
28.9181
28.9334
28.9486
28.964
28.9799
28.9946
29.0093
29.0255
29.0415
29.0565
29.0705
29.0867
29.102
29.1151
29.1289
29.1451
29.162
29.1746
29.1896
29.2044
29.2193
29.2343
29.2478
29.26
29.2747
29.289
29.305
29.3191
29.3338
29.348
29.3637
29.378
29.3938
29.4064
29.4199
29.4367
29.4511
29.4657
29.4791
29.4934
29.5081
29.5213
29.5348
29.5498
29.5636
29.5775
29.5911
29.6057
29.6195
29.6345
29.649
29.6633
29.6773
29.6915
29.7062
29.72
29.7346
29.7495
29.7631
29.7755
29.7895
29.8014
29.8134
29.8275
29.84
29.8552
29.8683
29.8824
29.8961
29.9094
29.9218
29.9347
29.9469
29.9593
29.9714
29.985
29.9974
30.0112
30.0233
30.0368
30.0496
30.0625
30.0732
30.0873
30.1006
30.1127
30.1251
30.1401
30.1514
30.1648
30.1753
30.1866
30.1998
30.212
30.2247
30.2373
30.2488
30.2623
30.2743
30.2875
30.2989
30.3114
30.3237
30.3378
30.3503
30.3632
30.375
30.3866
30.3998
30.4129
30.426
30.4388
30.4511
30.4635
30.4766
30.4886
30.5013
30.5131
30.5249
30.5362
30.5491
30.5622
30.5746
30.5868
30.5989
30.6098
30.6215
30.6328
30.6448
30.6581
30.6702
30.6807
30.6931
30.707
30.7192
30.7307
30.7424
30.7539
30.7652
30.7779
30.789
30.8
30.8115
30.8235
30.8354
30.8455
30.8568
30.8682
30.8786
30.8885
30.9002
30.9128
30.9252
30.9361
30.9466
30.9582
30.9681
30.9793
30.9899
31.0003
31.0127
31.0227
31.0353
31.0453
31.0548
31.0663
31.0778
31.0889
31.0985
31.1097
31.1201
31.1316
31.1432
31.1549
31.1671
31.1786
31.1891
31.1997
31.2111
31.2222
31.2343
31.2453
31.2559
31.2673
31.2796
31.2897
31.2999
31.3122
31.3233
31.3337
31.345
31.3551
31.3662
31.3769
31.3873
31.3973
31.4071
31.4173
31.4287
31.4391
31.4497
31.4595
31.471
31.4815
31.4917
31.5018
31.5114
31.523
31.5337
31.5436
31.5534
31.5648
31.5754
31.5873
31.5981
31.6086
31.6193
31.6306
31.641
31.6505
31.6602
31.6713
31.6823
31.6913
31.7011
31.7101
31.7198
31.7309
31.7418
31.7518
31.7627
31.7744
31.7844
31.7939
31.8043
31.8132
31.823
31.8329
31.8427
31.8517
31.8622
31.8723
31.8828
31.8931
31.9039
31.9157
31.9258
31.9375
31.9473
31.9587
31.969
31.9785
31.989
32.0004
32.0101
32.02
32.0295
32.0394
32.0483
32.0586
32.0686
32.0771
32.0874
32.0965
32.1053
32.1143
32.125
32.1343
32.1446
32.1537
32.1633
32.1722
32.1822
32.191
32.2001
32.2115
32.2206
32.2308
32.239
32.2482
32.2561
32.2652
32.2741
32.2834
32.2931
32.3035
32.3139
32.324
32.3332
32.3429
32.3528
32.3621
32.3709
32.3806
32.3899
32.3993
32.408
32.4171
32.4266
32.4373
32.4471
32.4574
32.4675
32.4766
32.4864
32.495
32.5048
32.5145
32.5248
32.534
32.5436
32.5547
32.5639
32.5731
32.5823
32.5916
32.6013
32.6114
32.6216
32.6311
32.6406
32.6509
32.6607
32.6695
32.6782
32.6862
32.6948
32.7049
32.7142
32.7234
32.732
32.7407
32.7499
32.7584
32.7677
32.7773
32.7874
32.7955
32.8054
32.8147
32.8229
32.8327
32.841
32.8506
32.8604
32.8692
32.8784
32.8868
32.8966
32.904
32.913
32.9217
32.9319
32.941
32.9503
32.9591
32.9682
32.9778
32.9872
32.9964
33.0043
33.0122
33.021
33.0302
33.0383
33.0468
33.0554
33.065
33.0747
33.0841
33.093
33.1012
33.1107
33.1208
33.1299
33.1386
33.1475
33.1567
33.1656
33.1751
33.1844
33.1932
33.2024
33.2109
33.2201
33.229
33.2375
33.246
33.2554
33.2642
33.2728
33.2821
33.291
33.2996
33.3073
33.3162
33.3252
33.3335
33.3419
33.3509
33.3594
33.3676
33.3754
33.3829
33.3906
33.3975
33.4073
33.4154
33.424
33.4325
33.4407
33.4505
33.4608
33.4698
33.4777
33.486
33.4947
33.5025
33.5105
33.5187
33.5269
33.5364
33.5452
33.5545
33.5624
33.5706
33.5789
33.5875
33.5959
33.6038
33.6123
33.6207
33.6292
33.6372
33.6448
33.6538
33.6624
33.6709
33.6791
33.6878
33.6975
33.7067
33.7152
33.7238
33.7317
33.7392
33.7471
33.7561
33.7642
33.7721
33.7803
33.7883
33.7976
33.8054
33.8135
33.8222
33.8294
33.8378
33.846
33.8535
33.8613
33.8701
33.8779
33.8863
33.8947
33.903
33.912
33.9201
33.9283
33.9369
33.9455
33.9528
33.9609
33.9683
33.9773
33.9847
33.9934
34.002
34.0109
34.0177
34.0254
34.0331
34.0421
34.0502
34.0584
34.0671
34.0745
34.0833
34.0909
34.0984
34.1061
34.1156
34.1234
34.1316
34.1385
34.1462
34.1535
34.1616
34.1701
34.1771
34.1855
34.1934
34.2011
34.2084
34.216
34.2237
34.2313
34.2389
34.2468
34.2532
34.2614
34.2705
34.2789
34.2864
34.2945
34.3025
34.312
34.3198
34.3282
34.3362
34.344
34.3513
34.358
34.3651
34.3738
34.3812
34.3889
34.3965
34.4045
34.4124
34.4192
34.427
34.4345
34.443
34.451
34.4585
34.4657
34.4732
34.4805
34.4883
34.4969
34.5043
34.5116
34.5201
34.5269
34.5337
34.5408
34.5487
34.5563
34.5638
34.5712
34.5792
34.5851
34.5922
34.6
34.6074
34.6145
34.6224
34.6293
34.6367
34.644
34.6508
34.6599
34.6667
34.6742
34.6817
34.6893
34.6963
34.7051
34.7126
34.7208
34.7275
34.7362
34.7437
34.7518
34.7592
34.7675
34.7757
34.7835
34.7915
34.7993
34.8072
34.815
34.823
34.8307
34.8386
34.8465
34.8551
34.8623
34.8699
34.878
34.8852
34.8923
34.8992
34.9076
34.9141
34.921
34.9286
34.9356
34.9434
34.9522
34.959
34.9666
34.9748
34.9815
34.9889
34.9961
35.0048
35.0115
35.0185
35.0256
35.0332
35.0406
35.0473
35.0538
35.0607
35.0675
35.0747
35.0824
35.0886
35.0965
35.1032
35.1113
35.1188
35.1265
35.134
35.1398
35.1471
35.1542
35.1612
35.168
35.1759
35.1825
35.1897
35.1969
35.2045
35.2114
35.2178
35.2251
35.2328
35.241
35.2484
35.2553
35.2629
35.2697
35.2769
35.2835
35.2902
35.2978
35.3052
35.312
35.3196
35.3267
35.3331
35.3393
35.3471
35.3533
35.3601
35.3662
35.3734
35.3802
35.387
35.3946
35.4019
35.4091
35.4161
35.4227
35.4293
35.4366
35.4433
35.4505
35.4581
35.4647
35.4717
35.4794
35.4868
35.4933
35.4996
35.5062
35.5128
35.5187
35.5256
35.5327
35.539
35.5467
35.5538
35.5605
35.5668
35.5737
35.581
35.5873
35.5942
35.6008
35.6074
35.6136
35.6204
35.6271
35.6333
35.6401
35.647
35.6533
35.6593
35.6654
35.6728
35.6792
35.686
35.6925
35.7001
35.7064
35.7131
35.7192
35.7265
35.7336
35.7413
35.7487
35.7558
35.7621
35.7685
35.7754
35.7821
35.789
35.7955
35.8026
35.8096
35.8163
35.8219
35.829
35.8351
35.8421
35.8489
35.8552
35.8617
35.8683
35.8745
35.8808
35.8873
35.8935
35.9005
35.9074
35.9143
35.9211
35.9275
35.9332
35.9401
35.9469
35.9534
35.9598
35.9664
35.9732
35.9799
35.9862
35.9934
36.0006
36.0077
36.0143
36.0208
36.0274
36.0343
36.041
36.0471
36.0537
36.06
36.067
36.0734
36.0795
36.087
36.094
36.0999
36.1063
36.1133
36.1204
36.1262
36.1324
36.1386
36.1453
36.1522
36.1583
36.1653
36.1721
36.1784
36.1858
36.1919
36.1988
36.2056
36.2122
36.2186
36.2251
36.2319
36.2381
36.2435
36.2499
36.2569
36.2642
36.2709
36.2773
36.284
36.2904
36.2966
36.3022
36.3086
36.316
36.3219
36.3282
36.3346
36.3413
36.3474
36.3533
36.3591
36.366
36.3728
36.379
36.3846
36.3912
36.3974
36.4029
36.409
36.4145
36.4217
36.427
36.4338
36.44
36.4461
36.452
36.4587
36.4647
36.4709
36.4768
36.483
36.4892
36.4962
36.5018
36.5077
36.5137
36.5193
36.5259
36.5319
36.5377
36.5448
36.5515
36.5576
36.5632
36.5697
36.5761
36.5821
36.5882
36.5947
36.6019
36.608
36.6143
36.6201
36.6258
36.6324
36.6398
36.6464
36.6529
36.6595
36.6661
36.6717
36.6778
36.6834
36.6899
36.6967
36.703
36.7086
36.7149
36.7208
36.7269
36.7335
36.7396
36.7461
36.7521
36.758
36.764
36.7699
36.7757
36.7822
36.7886
36.7944
36.8
36.8062
36.8121
36.8179
36.8234
36.8289
36.8348
36.8407
36.847
36.853
36.8601
36.8664
36.8726
36.8792
36.8854
36.8916
36.8984
36.9047
36.9117
36.9178
36.9241
36.9302
36.9356
36.9421
36.9485
36.9551
36.9612
36.9673
36.9731
36.9794
36.9854
36.9917
36.9972
37.0031
37.0092
37.0151
37.0212
37.0273
37.0336
37.0398
37.0459
37.0514
37.0575
37.064
37.0699
37.0761
37.082
37.0879
37.0941
37.1004
37.1068
37.1127
37.1186
37.1243
37.1301
37.1359
37.1419
37.148
37.1545
37.1605
37.1662
37.1717
37.1779
37.1839
37.1899
37.1966
37.2032
37.2093
37.2149
37.2205
37.2263
37.2317
37.2378
37.2444
37.2509
37.2565
37.2632
37.27
37.2758
37.2816
37.2874
37.2934
37.2995
37.3052
37.3102
37.3161
37.3219
37.3278
37.3335
37.3391
37.3453
37.3509
37.3564
37.3619
37.368
37.3741
37.3795
37.3857
37.3909
37.397
37.403
37.4094
37.4158
37.4215
37.4269
37.4326
37.4381
37.4444
37.4496
37.4555
37.4612
37.4672
37.4735
37.4798
37.4863
37.4925
37.4979
37.5041
37.5099
37.5156
37.5221
37.5271
37.5334
37.5395
37.5457
37.5516
37.5579
37.5633
37.57
37.5762
37.5818
37.5868
37.5932
37.5986
37.6045
37.6106
37.6169
37.6219
37.6278
37.633
37.639
37.6442
37.6501
37.6552
37.6606
37.6661
37.6723
37.6777
37.6834
37.6893
37.6944
37.7001
37.706
37.7113
37.7172
37.7231
37.7285
37.7341
37.7391
37.7444
37.7504
37.7565
37.7633
37.769
37.7757
37.7812
37.7868
37.793
37.7994
37.8056
37.8115
37.8171
37.823
37.8285
37.8343
37.8402
37.8458
37.8518
37.8571
37.8627
37.8678
37.873
37.8787
37.8852
37.8905
37.8958
37.901
37.9058
37.9116
37.9177
37.9228
37.9284
37.9336
37.9393
37.9446
37.9504
37.9562
37.9619
37.9678
37.9735
37.979
37.9842
37.9904
37.9959
38.001
38.0068
38.0123
38.0177
38.0232
38.0282
38.034
38.0394
38.0447
38.0507
38.0564
38.0622
38.0672
38.0726
38.0777
38.0833
38.0885
38.0937
38.0986
38.1043
38.1097
38.1151
38.1209
38.1267
38.1326
38.1376
38.1431
38.1487
38.1545
38.1596
38.1655
38.1703
38.1759
38.1817
38.1881
38.1939
38.1992
38.2042
38.2094
38.215
38.2205
38.2264
38.2317
38.2372
38.2428
38.2482
38.2535
38.2589
38.264
38.2696
38.2752
38.2806
38.2867
38.2931
38.2988
38.3052
38.3105
38.3165
38.3215
38.3271
38.3323
38.3382
38.3432
38.3489
38.3544
38.3599
38.3653
38.3705
38.3767
38.3816
38.3874
38.3929
38.3987
38.4042
38.4103
38.4157
38.421
38.4265
38.4319
38.4374
38.4427
38.4482
38.4532
38.4581
38.4627
38.4673
38.4726
38.478
38.4835
38.488
38.4932
38.499
38.5042
38.5098
38.515
38.5195
38.5257
38.531
38.5364
38.5416
38.5469
38.5522
38.5575
38.5632
38.5678
38.5732
38.5794
38.5853
38.5899
38.5954
38.6004
38.6057
38.6111
38.6163
38.6215
38.6265
38.633
38.6381
38.6436
38.6488
38.6545
38.6598
38.6651
38.6703
38.6751
38.6799
38.6849
38.6905
38.696
38.7019
38.707
38.7121
38.7178
38.723
38.7281
38.7336
38.7391
38.7449
38.7502
38.7561
38.7614
38.767
38.7721
38.7772
38.7825
38.7876
38.7927
38.7975
38.8024
38.8079
38.8135
38.8185
38.8234
38.8289
38.8338
38.8384
38.8437
38.8491
38.8547
38.8601
38.8654
38.8704
38.8755
38.8808
38.8863
38.8916
38.8967
38.902
38.9071
38.9124
38.918
38.9233
38.929
38.9343
38.9394
38.9442
38.9496
38.9547
38.9601
38.9652
38.9706
38.9763
38.9818
38.9876
38.993
38.998
39.0032
39.0085
39.0141
39.0196
39.0249
39.03
39.035
39.0405
39.0457
39.051
39.0558
39.0613
39.0668
39.0724
39.0772
39.083
39.0885
39.0935
39.0981
39.1031
39.108
39.1131
39.1176
39.1228
39.1282
39.1336
39.1389
39.1439
39.1495
39.1543
39.1596
39.1648
39.1702
39.1751
39.1797
39.1848
39.1899
39.1951
39.2004
39.2058
39.2105
39.2153
39.2203
39.2253
39.2308
39.2354
39.2404
39.2456
39.2507
39.256
39.262
39.2672
39.2722
39.2768
39.2826
39.2879
39.2932
39.2987
39.3045
39.3096
39.3146
39.32
39.3246
39.3293
39.3348
39.3408
39.3463
39.3514
39.3567
39.3629
39.3679
39.3729
39.3784
39.3837
39.3887
39.3939
39.3987
39.4037
39.4091
39.4143
39.4195
39.4246
39.4299
39.435
39.4405
39.4458
39.4514
39.4569
39.4623
39.468
39.4729
39.478
39.4833
39.4883
39.4939
39.4992
39.505
39.5105
39.5157
39.5213
39.526
39.5305
39.5361
39.5413
39.5467
39.5516
39.5572
39.5623
39.5671
39.5726
39.5783
39.5831
39.5881
39.5928
39.5978
39.6025
39.6075
39.6117
39.617
39.6226
39.6278
39.6327
39.6379
39.6432
39.648
39.6529
39.6577
39.6633
39.6681
39.6735
39.6787
39.684
39.6892
39.6942
39.6989
39.7039
39.709
39.7139
39.7184
39.7234
39.7281
39.7336
39.7385
39.7434
39.7485
39.7537
39.759
39.7642
39.7691
39.7741
39.7792
39.784
39.7891
39.7942
39.799
39.8048
39.8094
39.8143
39.8197
39.8243
39.8291
39.8339
39.8391
39.8433
39.8486
39.8538
39.859
39.8644
39.8694
39.8753
39.8811
39.8855
39.8904
39.8959
39.9011
39.9067
39.9118
39.9164
39.9217
39.9267
39.9315
39.9359
39.9409
39.9456
39.9511
39.9562
39.9612
39.9659
39.9709
39.9756
39.9807
39.9853
39.9902
39.9953
40.0005
40.0052
40.01
40.0155
40.0203
40.0253
40.0307
40.0354
40.0404
40.0453
40.0503
40.055
40.0598
40.0651
40.0696
40.0745
40.0796
40.084
40.0886
40.0939
40.0984
40.1032
40.1086
40.1136
40.1188
40.1237
40.1288
40.1335
40.1383
40.1432
40.1476
40.1524
40.1569
40.162
40.1665
40.1721
40.1771
40.1822
40.1873
40.1917
40.1968
40.2015
40.2061
40.211
40.2157
40.2208
40.2256
40.2304
40.2352
40.2399
40.2454
40.2505
40.2557
40.2608
40.2662
40.2711
40.2757
40.2805
40.2853
40.2901
40.2951
40.3006
40.3052
40.31
40.3148
40.3201
40.3246
40.3296
40.3347
40.3395
40.3441
40.3486
40.3527
40.3573
40.3626
40.3676
40.3727
40.3777
40.3828
40.388
40.3923
40.3971
40.4021
40.4069
40.4121
40.4168
40.4215
40.4268
40.4314
40.4359
40.4406
40.4455
40.4506
40.4552
40.4602
40.4651
40.4699
40.4751
40.4798
40.4844
40.4889
40.4934
40.4983
40.5034
40.508
40.5128
40.5178
40.5226
40.5277
40.5331
40.538
40.5426
40.5467
40.5515
40.5566
40.5616
40.5668
40.5721
40.5769
40.5824
40.5872
40.5922
40.5966
40.6015
40.606
40.6111
40.6158
40.6208
40.6258
40.6305
40.6358
40.6409
40.6463
40.6515
40.6569
40.6615
40.6662
40.6705
40.6756
40.6805
40.6853
40.6908
40.6955
40.7001
40.7052
40.7098
40.7151
40.7197
40.7246
40.73
40.7345
40.739
40.744
40.7493
40.7548
40.7599
40.7647
40.7698
40.7743
40.7795
40.7845
40.7897
40.7945
40.7995
40.8045
40.81
40.8152
40.8199
40.8248
40.8301
40.8347
40.8399
40.8446
40.8496
40.8546
40.859
40.8635
40.8689
40.8731
40.8776
40.8829
40.8876
40.8925
40.8975
40.902
40.907
40.9121
40.9173
40.922
40.9267
40.9319
40.9367
40.9411
40.9458
40.951
40.9555
40.9601
40.9646
40.9696
40.9745
40.9789
40.9836
40.988
40.9926
40.9969
41.002
41.0069
41.0119
41.0169
41.0219
41.0265
41.0307
41.035
41.0398
41.0441
41.0493
41.0534
41.0584
41.0633
41.0677
41.0724
41.0769
41.0816
41.0862
41.0905
41.0953
41.1
41.105
41.1103
41.1143
41.1195
41.124
41.1287
41.1338
41.1386
41.143
41.1474
41.1523
41.157
41.162
41.1667
41.1718
41.1764
41.182
41.1873
41.1923
41.1969
41.2019
41.2072
41.2118
41.216
41.221
41.2256
41.2302
41.2352
41.2395
41.2436
41.248
41.2529
41.2573
41.2617
41.267
41.2718
41.2763
41.2808
41.2859
41.2908
41.2953
41.3
41.3055
41.3103
41.3157
41.3207
41.3263
41.3316
41.3371
41.3414
41.3459
41.3512
41.3562
41.3604
41.3653
41.37
41.375
41.3796
41.3842
41.3885
41.3929
41.3974
41.4024
41.4075
41.4124
41.417
41.4219
41.4272
41.4318
41.4372
41.4422
41.4472
41.452
41.4563
41.4611
41.4657
41.4703
41.4752
41.48
41.4849
41.4895
41.4942
41.4982
41.5028
41.5071
41.5115
41.5163
41.5207
41.5255
41.53
41.5349
41.5399
41.5448
41.5496
41.5539
41.5585
41.5631
41.5679
41.5734
41.5779
41.5825
41.5874
41.5922
41.597
41.6015
41.6064
41.6109
41.6157
41.6203
41.6243
41.629
41.6332
41.6376
41.6421
41.6476
41.6532
41.6583
41.6631
41.6678
41.6722
41.6768
41.6822
41.6867
41.6915
41.6963
41.7011
41.7054
41.7106
41.7157
41.7208
41.7254
41.7302
41.7349
41.7401
41.7447
41.7495
41.7541
41.7587
41.763
41.768
41.772
41.777
41.7827
41.7872
41.7915
41.796
41.8013
41.8054
41.81
41.8146
41.8192
41.8238
41.8288
41.8341
41.8389
41.8434
41.8481
41.8527
41.8572
41.8615
41.8657
41.87
41.8744
41.8799
41.8844
41.8883
41.8935
41.898
41.9025
41.9075
41.9124
41.9173
41.9214
41.926
41.9303
41.9346
41.9388
41.9435
41.948
41.9528
41.9572
41.9614
41.9663
41.971
41.9759
41.9807
41.9854
41.9904
41.9955
42.0006
42.0051
42.0099
42.0147
42.0188
42.0233
42.0289
42.0334
42.038
42.0428
42.0473
42.0521
42.0566
42.0612
42.0659
42.0701
42.0743
42.0789
42.0832
42.0882
42.0924
42.0975
42.1022
42.1074
42.1129
42.1171
42.1221
42.1266
42.1315
42.1365
42.141
42.1456
42.15
42.1543
42.1582
42.163
42.1677
42.1721
42.1766
42.1811
42.1859
42.1909
42.1953
42.1999
42.2046
42.2093
42.214
42.2185
42.2234
42.2273
42.2312
42.2358
42.2409
42.2457
42.2501
42.2549
42.2592
42.2639
42.2684
42.2735
42.2783
42.2834
42.288
42.2932
42.2981
42.3028
42.3077
42.3122
42.3167
42.3217
42.3264
42.3306
42.3351
42.34
42.3443
42.3482
42.3519
42.3567
42.3617
42.3664
42.3705
42.3753
42.3808
42.3848
42.3897
42.394
42.3993
42.4042
42.4091
42.4136
42.4177
42.4227
42.4272
42.4318
42.4369
42.4411
42.4454
42.4506
42.4551
42.4598
42.4643
42.4689
42.4729
42.4776
42.4819
42.486
42.4902
42.4949
42.4998
42.5048
42.509
42.5142
42.5191
42.5238
42.5282
42.5325
42.5365
42.5412
42.5459
42.5505
42.5552
42.5596
42.5638
42.5683
42.5731
42.5778
42.5817
42.5855
42.5905
42.5947
42.5993
42.6041
42.6082
42.6127
42.6175
42.622
42.6262
42.6306
42.6354
42.6402
42.6447
42.6493
42.6544
42.6586
42.6634
42.6679
42.6723
42.6764
42.6813
42.6857
42.6901
42.695
42.6992
42.7033
42.7081
42.7128
42.7169
42.7214
42.7258
42.7306
42.7349
42.7395
42.7441
42.7489
42.7531
42.7573
42.7621
42.7667
42.7717
42.776
42.7809
42.786
42.7906
42.7955
42.8004
42.8047
42.8093
42.8135
42.8181
42.8227
42.8269
42.8313
42.836
42.8413
42.8455
42.8499
42.8548
42.8592
42.8642
42.8684
42.8726
42.877
42.8812
42.8857
42.89
42.8952
42.8995
42.9038
42.908
42.913
42.9173
42.9221
42.9268
42.9313
42.9355
42.9404
42.9452
42.9501
42.9545
42.9589
42.9636
42.9682
42.9727
42.9775
42.9817
42.9868
42.9912
42.9953
42.9996
43.0043
43.0093
43.0139
43.0183
43.0231
43.0275
43.0322
43.0366
43.0413
43.0459
43.0495
43.0543
43.0596
43.0643
43.0691
43.073
43.077
43.0816
43.0864
43.0907
43.0952
43.0991
43.1045
43.1089
43.1134
43.1177
43.1227
43.1272
43.1316
43.1358
43.141
43.1457
43.1502
43.1547
43.1597
43.1647
43.169
43.1739
43.1786
43.1834
43.1879
43.1924
43.1969
43.2015
43.2063
43.2106
43.2153
43.2201
43.225
43.2294
43.2337
43.2385
43.2427
43.2476
43.2522
43.2565
43.2608
43.2655
43.2695
43.2741
43.279
43.2839
43.2882
43.2929
43.2975
43.3027
43.3071
43.3117
43.3157
43.3203
43.3247
43.33
43.3342
43.3391
43.3438
43.349
43.3534
43.3583
43.3624
43.3669
43.3717
43.3766
43.3809
43.3855
43.3896
43.3939
43.3986
43.4029
43.407
43.4115
43.4166
43.4212
43.4262
43.4313
43.4356
43.4403
43.4443
43.4487
43.453
43.4575
43.4615
43.4659
43.4699
43.4751
43.4798
43.4844
43.4883
43.4922
43.4971
43.5011
43.5052
43.5097
43.5139
43.5184
43.5223
43.527
43.5308
43.5353
43.5398
43.5451
43.5499
43.5545
43.5589
43.5632
43.5669
43.5712
43.5759
43.5799
43.5849
43.5894
43.594
43.5982
43.6028
43.6071
43.6117
43.6157
43.6203
43.6252
43.6301
43.6344
43.6394
43.6438
43.6484
43.653
43.6571
43.6622
43.6668
43.6716
43.6757
43.6806
43.6851
43.69
43.6943
43.6986
43.7029
43.7072
43.7118
43.7159
43.7204
43.7247
43.7294
43.734
43.7381
43.7433
43.7474
43.7517
43.7558
43.7603
43.7645
43.769
43.7737
43.7781
43.7826
43.7872
43.7918
43.7963
43.8012
43.8063
43.8105
43.815
43.8188
43.8231
43.8276
43.8321
43.8367
43.8417
43.8462
43.8505
43.8553
43.86
43.8641
43.8686
43.8728
43.8776
43.8825
43.8868
43.8911
43.8955
43.9001
43.9043
43.9088
43.9134
43.9182
43.9222
43.9268
43.9314
43.9358
43.9404
43.9446
43.949
43.9534
43.9585
43.9631
43.9675
43.9719
43.9764
43.9811
43.9856
43.9899
43.9943
43.9992
44.0043
44.0089
44.0132
44.0179
44.0225
44.0277
44.0326
44.0366
44.0413
44.0454
44.0499
44.054
44.0584
44.0628
44.067
44.0711
44.0751
44.0797
44.0847
44.0895
44.0943
44.0986
44.1032
44.1076
44.1121
44.117
44.1214
44.1256
44.1306
44.1349
44.1391
44.1434
44.1474
44.1516
44.1559
44.1605
44.1656
44.1702
44.1742
44.1791
44.1833
44.188
44.1927
44.1971
44.2018
44.2061
44.2109
44.216
44.2203
44.2247
44.2289
44.2334
44.2374
44.2422
44.2472
44.2521
44.2568
44.2611
44.2654
44.2695
44.2739
44.2785
44.2832
44.2876
44.2916
44.2959
44.2999
44.3045
44.3093
44.3138
44.3186
44.3232
44.3281
44.3326
44.3373
44.3419
44.3459
44.3503
44.3544
44.3584
44.3626
44.3673
44.3719
44.3767
44.3813
44.3857
44.3901
44.3945
44.3992
44.4033
44.408
44.4122
44.4166
44.4205
44.425
44.4293
44.4335
44.4378
44.4416
44.4459
44.4508
44.4556
44.4598
44.4641
44.4688
44.4737
44.4782
44.4834
44.4879
44.4926
44.4965
44.5012
44.506
44.5105
44.5144
44.5183
44.5229
44.5269
44.5317
44.5361
44.5403
44.5446
44.5494
44.5538
44.5581
44.5622
44.5666
44.5714
44.5763
44.5806
44.5854
44.59
44.5948
44.5995
44.6039
44.6082
44.6134
44.6174
44.6221
44.6268
44.6312
44.6361
44.6406
44.6449
44.6494
44.6539
44.6588
44.6635
44.6679
44.6722
44.6772
44.6813
44.6858
44.6906
44.6953
44.6993
44.7037
44.7079
44.7123
44.7168
44.7211
44.7251
44.7295
44.7338
44.7378
44.7426
44.747
44.7515
44.7559
44.7601
44.7646
44.7691
44.7738
44.7781
44.7822
44.7867
44.7912
44.7958
44.8009
44.8053
44.8095
44.8137
44.8187
44.8233
44.8282
44.8325
44.8373
44.842
44.8467
44.8509
44.8554
44.8597
44.8645
44.8692
44.8739
44.8779
44.8824
44.8872
44.8911
44.8955
44.8999
44.9052
44.9101
44.9148
44.919
44.9237
44.9285
44.9333
44.9378
44.9423
44.9469
44.9515
44.9555
44.9598
44.9646
44.9688
44.9733
44.9777
44.9819
44.986
44.991
44.9959
45.0005
45.0047
45.0088
45.0129
45.0179
45.0222
45.0262
45.0309
45.0355
45.0402
45.0447
45.0492
45.0534
45.0579
45.0626
45.0675
45.0716
45.0762
45.0803
45.0847
45.0886
45.0932
45.0975
45.1019
45.1061
45.1111
45.1155
45.1202
45.1248
45.1291
45.1334
45.138
45.1425
45.1467
45.1511
45.1552
45.1602
45.165
45.1691
45.1734
45.1777
45.1827
45.187
45.1917
45.1961
45.2
45.205
45.2088
45.2129
45.2176
45.222
45.2264
45.2304
45.2343
45.239
45.2433
45.2477
45.2521
45.2568
45.2616
45.266
45.2705
45.2749
45.2797
45.2846
45.2893
45.2942
45.2995
45.304
45.3077
45.3126
45.3176
45.3223
45.3267
45.3316
45.3362
45.341
45.3455
45.3497
45.3543
45.3589
45.3631
45.3672
45.3722
45.3772
45.3821
45.3868
45.3916
45.3961
45.4002
45.4045
45.409
45.4133
45.4175
45.422
45.4265
45.4306
45.435
45.4395
45.4442
45.4489
45.4537
45.4583
45.4634
45.468
45.4733
45.4782
45.483
45.4876
45.4923
45.4969
45.5015
45.5058
45.5106
45.5156
45.5201
45.5243
45.5284
45.5329
45.537
45.5417
45.5462
45.5509
45.5553
45.5599
45.5645
45.5687
45.5732
45.5784
45.583
45.5877
45.5922
45.5966
45.6011
45.6059
45.6106
45.6153
45.6199
45.6246
45.6292
45.6336
45.6383
45.6425
45.6477
45.6519
45.6562
45.6609
45.6654
45.6697
45.6741
45.6783
45.6827
45.6881
45.6928
45.6973
45.7014
45.7072
45.7115
45.7153
45.72
45.7246
45.7302
45.7346
45.7393
45.7438
45.7487
45.7531
45.7574
45.7617
45.7667
45.7717
45.7762
45.781
45.7849
45.7901
45.7944
45.7988
45.8035
45.8084
45.813
45.818
45.8223
45.827
45.8318
45.8365
45.8412
45.8454
45.8502
45.8551
45.8599
45.8646
45.8693
45.8739
45.8783
45.883
45.8874
45.8914
45.8961
45.9004
45.905
45.9102
45.9148
45.9193
45.924
45.9289
45.9333
45.9381
45.9431
45.9473
45.9521
45.9568
45.9612
45.966
45.9706
45.975
45.9799
45.9845
45.9888
45.9934
45.9976
46.0023
46.0066
46.0112
46.0163
46.0212
46.0261
46.0306
46.0345
46.0389
46.0436
46.0484
46.0527
46.0577
46.062
46.0663
46.0707
46.0754
46.0799
46.0844
46.088
46.0925
46.097
46.1015
46.1057
46.1105
46.1146
46.1192
46.1239
46.1287
46.1338
46.1381
46.1426
46.1469
46.1512
46.1561
46.1613
46.1655
46.1702
46.1744
46.1791
46.1837
46.1879
46.1925
46.1969
46.2014
46.2063
46.2104
46.2146
46.2195
46.2243
46.2288
46.2327
46.2373
46.242
46.2466
46.2511
46.2552
46.2596
46.2644
46.2689
46.2732
46.278
46.2823
46.2871
46.2914
46.2962
46.301
46.3054
46.31
46.3149
46.3197
46.3245
46.3285
46.3328
46.338
46.3426
46.3466
46.3517
46.3559
46.3605
46.3649
46.3693
46.374
46.3786
46.3834
46.3882
46.3925
46.3978
46.403
46.4077
46.4125
46.4168
46.4215
46.4262
46.4305
46.4349
46.4399
46.4448
46.4494
46.4543
46.4592
46.4636
46.4681
46.4734
46.4784
46.4829
46.4874
46.4918
46.4955
46.5005
46.5047
46.5096
46.5138
46.5181
46.5222
46.5273
46.5316
46.5367
46.541
46.5456
46.55
46.5551
46.5597
46.5637
46.5686
46.5731
46.5774
46.5819
46.5869
46.5917
46.5964
46.6007
46.6051
46.6099
46.6141
46.6193
46.6239
46.6285
46.6333
46.6384
46.6426
46.648
46.6525
46.6568
46.6609
46.6652
46.6702
46.6747
46.6795
46.6844
46.6886
46.693
46.6979
46.7027
46.707
46.7122
46.7169
46.7214
46.7259
46.7306
46.7357
46.7401
46.7443
46.7484
46.753
46.7571
46.7623
46.7668
46.7715
46.7764
46.7814
46.7865
46.7911
46.7956
46.8003
46.8049
46.8091
46.8138
46.8188
46.8232
46.8284
46.833
46.8376
46.8424
46.8473
46.8518
46.8568
46.8618
46.8665
46.8716
46.8759
46.8807
46.8859
46.8908
46.8953
46.8996
46.9041
46.9085
46.913
46.9182
46.9221
46.9269
46.9318
46.9364
46.9415
46.9463
46.9511
46.9555
46.9597
46.9643
46.9686
46.9729
46.9774
46.9817
46.9866
46.9918
46.996
47.0001
47.0046
47.0096
47.0146
47.0196
47.0247
47.0301
47.0346
47.0398
47.0443
47.0487
47.0535
47.0585
47.0634
47.068
47.0731
47.0776
47.0827
47.0874
47.092
47.0969
47.1016
47.1071
47.1121
47.1169
47.1213
47.1264
47.1313
47.1363
47.1413
47.1462
47.1509
47.1555
47.1604
47.1654
47.1701
47.1745
47.1793
47.1845
47.1895
47.1944
47.1988
47.2039
47.2083
47.2135
47.218
47.2232
47.2278
47.2325
47.2379
47.2428
47.2469
47.2522
47.2566
47.2616
47.2663
47.2714
47.2768
47.2817
47.286
47.2906
47.2955
47.3005
47.3052
47.31
47.3144
47.3189
47.3236
47.3291
47.3343
47.339
47.3442
47.3483
47.3533
47.3582
47.3623
47.3677
47.3729
47.3776
47.3827
47.3867
47.3917
47.3966
47.4019
47.4074
47.4122
47.4166
47.4214
47.4265
47.4308
47.4352
47.4396
47.4444
47.4496
47.4545
47.4597
47.4643
47.4691
47.4744
47.4798
47.4848
47.49
47.4941
47.4985
47.5035
47.5083
47.5132
47.5186
47.5236
47.5285
47.534
47.5389
47.5439
47.5492
47.5533
47.5579
47.5629
47.5675
47.5725
47.5771
47.5821
47.5869
47.592
47.5968
47.6022
47.6068
47.6119
47.6165
47.6216
47.6265
47.6312
47.6356
47.64
47.6451
47.6504
47.6558
47.6606
47.6648
47.6694
47.6743
47.6789
47.6838
47.6885
47.693
47.6974
47.7025
47.7075
47.7125
47.7171
47.7218
47.7266
47.7315
47.7363
47.7413
47.7465
47.7514
47.7558
47.7599
47.7648
47.7696
47.7747
47.7804
47.7854
47.7903
47.795
47.7991
47.8035
47.8084
47.8131
47.8179
47.8224
47.8275
47.8329
47.8386
47.8434
47.8487
47.8537
47.8582
47.863
47.8683
47.873
47.8777
47.8821
47.8867
47.8918
47.8965
47.9011
47.9057
47.9107
47.9156
47.9205
47.9256
47.9303
47.9354
47.94
47.9448
47.9498
47.9552
47.9601
47.9646
47.9694
47.9746
47.9793
47.9839
47.9891
47.9934
47.9988
48.0043
48.0096
48.0144
48.0191
48.0243
48.0291
48.0337
48.0382
48.043
48.0483
48.0534
48.0581
48.0635
48.0683
48.0732
48.0779
48.0826
48.087
48.0918
48.0964
48.1017
48.1069
48.1121
48.1165
48.1218
48.1269
48.1319
48.1371
48.1427
48.1476
48.1525
48.1573
48.1619
48.1674
48.1718
48.1767
48.1819
48.1866
48.1917
48.1975
48.2028
48.208
48.213
48.218
48.2231
48.2284
48.2343
48.2392
48.2448
48.2494
48.2542
48.2589
48.2637
48.2688
48.2739
48.2793
48.2843
48.2901
48.2957
48.3016
48.3067
48.3121
48.3168
48.3222
48.3272
48.3323
48.3376
48.3426
48.3473
48.3522
48.357
48.3621
48.3675
48.3724
48.3783
48.3837
48.3894
48.3947
48.3995
48.4052
48.4105
48.4155
48.4212
48.4262
48.4317
48.4376
48.4424
48.4479
48.4536
48.4592
48.4642
48.4695
48.4749
48.4802
48.4851
48.4901
48.4948
48.5003
48.505
48.5105
48.5155
48.5208
48.5257
48.5304
48.5359
48.5406
48.5458
48.5505
48.555
48.5601
48.5656
48.5702
48.5756
48.5804
48.586
48.5912
48.5964
48.6017
48.6065
48.6117
48.6169
48.622
48.627
48.6319
48.6368
48.6419
48.647
48.6524
48.6581
48.6627
48.6677
48.673
48.678
48.6831
48.6884
48.6948
48.7001
48.7052
48.7098
48.7152
48.7204
48.7254
48.7305
48.7355
48.7406
48.745
48.75
48.7551
48.7602
48.7658
48.7713
48.7761
48.7812
48.7861
48.7916
48.7973
48.8022
48.8072
48.8122
48.8173
48.8222
48.8261
48.8316
48.837
48.8429
48.8484
48.8534
48.8587
48.8647
48.8702
48.8756
48.8806
48.8858
48.8912
48.8969
48.902
48.9069
48.912
48.9171
48.9221
48.9271
48.9319
48.9373
48.9417
48.9469
48.9527
48.9587
48.9636
48.9689
48.9743
48.9796
48.984
48.9894
48.9939
48.9989
49.0038
49.0087
49.0142
49.0194
49.0247
49.0303
49.0354
49.0413
49.0461
49.0515
49.0567
49.0625
49.0683
49.0738
49.079
49.0842
49.0894
49.0947
49.1002
49.1054
49.111
49.1165
49.1217
49.1276
49.1323
49.1377
49.1437
49.1492
49.1545
49.1596
49.1653
49.1708
49.1756
49.181
49.1862
49.1913
49.1969
49.2026
49.2083
49.2134
49.2192
49.2249
49.2305
49.2362
49.242
49.2477
49.2531
49.259
49.265
49.2707
49.276
49.2811
49.2864
49.2913
49.2961
49.3017
49.3071
49.3121
49.3179
49.3227
49.328
49.3339
49.3401
49.3465
49.3524
49.3577
49.364
49.3693
49.3747
49.3805
49.3863
49.3919
49.3968
49.4023
49.408
49.4146
49.4199
49.425
49.4309
49.4364
49.4418
49.4469
49.4518
49.4578
49.4635
49.4697
49.4743
49.4796
49.4849
49.4905
49.4957
49.5018
49.5082
49.514
49.5193
49.5252
49.5312
49.5366
49.5416
49.5472
49.5532
49.558
49.5633
49.5684
49.5742
49.5796
49.5843
49.5897
49.5955
49.6011
49.6069
49.6126
49.6181
49.6234
49.6286
49.6344
49.6399
49.6451
49.6505
49.6555
49.6606
49.6663
49.6723
49.6778
49.683
49.6887
49.6946
49.7
49.7048
49.7106
49.7157
49.7207
49.7258
49.7316
49.7367
49.7431
49.7487
49.7545
49.7603
49.7652
49.7711
49.776
49.7814
49.7872
49.7928
49.7983
49.8043
49.8102
49.8162
49.8217
49.8273
49.8337
49.8394
49.8444
49.8499
49.855
49.8597
49.8654
49.8707
49.8761
49.8817
49.8874
49.8935
49.8987
49.9044
49.9106
49.9169
49.9231
49.9286
49.9346
49.9408
49.9469
49.9524
49.9578
49.9636
49.9696
49.9756
49.9817
49.9871
49.9933
49.9988
50.0058
50.0106
50.0171
50.0224
50.0283
50.0343
50.0404
50.0464
50.0522
50.0577
50.0632
50.0686
50.0749
50.0801
50.0854
50.0908
50.0971
50.1027
50.1091
50.1144
50.1202
50.1262
50.1323
50.1378
50.1438
50.1498
50.1549
50.1609
50.1662
50.1723
50.1779
50.1834
50.1882
50.1936
50.1994
50.2051
50.2115
50.2172
50.2226
50.2286
50.2337
50.2394
50.2448
50.2504
50.2564
50.2621
50.268
50.2733
50.2792
50.2854
50.2916
50.2967
50.3026
50.3089
50.315
50.3203
50.3254
50.3316
50.3371
50.3435
50.3493
50.3559
50.3618
50.3682
50.374
50.3803
50.3866
50.393
50.3979
50.4044
50.4098
50.4155
50.4211
50.4274
50.4328
50.439
50.4448
50.4505
50.456
50.4623
50.4683
50.4739
50.4796
50.485
50.4908
50.4961
50.5019
50.5079
50.514
50.5194
50.5254
50.5314
50.5374
50.5432
50.549
50.5552
50.5612
50.567
50.5727
50.5784
50.5854
50.5914
50.5974
50.6037
50.6091
50.6145
50.6202
50.6262
50.6326
50.638
50.6432
50.649
50.6548
50.6606
50.6671
50.673
50.6794
50.6854
50.6909
50.6965
50.7024
50.7088
50.7154
50.7219
50.7283
50.7344
50.7405
50.7466
50.7528
50.7587
50.7652
50.7719
50.7781
50.7843
50.7903
50.7964
50.8026
50.8085
50.8152
50.8215
50.8277
50.8345
50.8406
50.8463
50.8522
50.8578
50.8644
50.8701
50.8763
50.8823
50.8886
50.8952
50.9011
50.9077
50.9135
50.9203
50.9271
50.9331
50.9392
50.9459
50.9517
50.959
50.9647
50.9705
50.9768
50.9826
50.9894
50.9948
51.001
51.0068
51.013
51.0202
51.0262
51.0328
51.0388
51.0448
51.0505
51.0566
51.0628
51.0692
51.0749
51.0807
51.0866
51.0933
51.0991
51.1053
51.1108
51.1167
51.1239
51.13
51.1364
51.1424
51.1489
51.1548
51.1608
51.1667
51.1733
51.1793
51.1864
51.1923
51.198
51.2039
51.2101
51.2169
51.2221
51.2285
51.2342
51.2404
51.2458
51.2516
51.2577
51.2641
51.2695
51.2762
51.2822
51.2887
51.2945
51.3013
51.3074
51.3132
51.3196
51.3261
51.3321
51.3388
51.3455
51.3518
51.3587
51.3651
51.3709
51.378
51.3839
51.3899
51.3966
51.4034
51.4105
51.4169
51.4238
51.4307
51.4374
51.4442
51.4517
51.4584
51.464
51.4709
51.4782
51.4844
51.4909
51.4969
51.5031
51.5098
51.5168
51.5233
51.5302
51.5365
51.5426
51.5493
51.5554
51.5629
51.5691
51.5755
51.582
51.5891
51.5954
51.6019
51.6085
51.6158
51.623
51.6292
51.6358
51.6419
51.6494
51.6558
51.6622
51.6685
51.6754
51.6819
51.6892
51.6956
51.7016
51.7087
51.7146
51.7206
51.7277
51.7344
51.7414
51.749
51.7561
51.7629
51.7696
51.7759
51.7826
51.7893
51.7962
51.804
51.8108
51.8171
51.8239
51.8305
51.8365
51.844
51.8512
51.8581
51.8648
51.8717
51.8781
51.8855
51.8922
51.8985
51.9051
51.9121
51.9196
51.9275
51.9349
51.9411
51.9482
51.9545
51.9611
51.9674
51.9735
51.9799
51.9873
51.9939
52.0007
52.0078
52.0148
52.0217
52.0292
52.0369
52.0439
52.0499
52.0566
52.0637
52.0706
52.0785
52.0858
52.0928
52.1
52.1063
52.1144
52.1216
52.1279
52.1355
52.1421
52.1481
52.1558
52.1627
52.1685
52.1755
52.1821
52.1896
52.1965
52.2042
52.2106
52.2183
52.2252
52.2322
52.2398
52.2463
52.2526
52.2597
52.2671
52.274
52.2815
52.2898
52.2978
52.3052
52.3116
52.3183
52.3263
52.334
52.3414
52.3486
52.3568
52.3639
52.3712
52.3786
52.3863
52.3925
52.4
52.4075
52.4147
52.4214
52.428
52.4355
52.4431
52.4505
52.4578
52.4639
52.4717
52.479
52.4864
52.4941
52.5023
52.5102
52.5172
52.5239
52.5313
52.539
52.5453
52.5522
52.5595
52.5667
52.5731
52.5804
52.5871
52.5949
52.6017
52.6097
52.6168
52.6244
52.6314
52.6396
52.6473
52.6549
52.6624
52.6704
52.6776
52.6848
52.6922
52.6999
52.7071
52.7149
52.723
52.7301
52.7371
52.744
52.7518
52.759
52.7664
52.7742
52.7819
52.79
52.7972
52.8048
52.8129
52.8199
52.8281
52.8355
52.8431
52.8511
52.8594
52.8673
52.8752
52.8843
52.8912
52.8988
52.9066
52.9154
52.9234
52.9311
52.9392
52.9486
52.9562
52.9636
52.9712
52.9788
52.9861
52.9936
53.002
53.01
53.019
53.0264
53.0339
53.0427
53.0512
53.0582
53.0655
53.074
53.0815
53.0906
53.0982
53.1074
53.1165
53.1247
53.1323
53.1404
53.1486
53.1568
53.1648
53.173
53.1814
53.1888
53.1964
53.2043
53.2111
53.2191
53.2288
53.2376
53.2465
53.2557
53.2636
53.2723
53.2799
53.2883
53.2962
53.305
53.3133
53.3215
53.3303
53.3395
53.3486
53.3567
53.3648
53.3723
53.3809
53.3894
53.3975
53.4069
53.4148
53.4233
53.4317
53.4399
53.4492
53.4577
53.4671
53.4764
53.4863
53.4955
53.5043
53.5118
53.5197
53.5277
53.5361
53.5449
53.5536
53.5627
53.5714
53.5797
53.5883
53.5964
53.6044
53.6137
53.6217
53.63
53.6382
53.6464
53.6555
53.6637
53.6725
53.6801
53.6894
53.697
53.7053
53.7141
53.725
53.7342
53.743
53.7526
53.7626
53.7724
53.7815
53.7907
53.7998
53.8084
53.8169
53.8251
53.8343
53.8433
53.8518
53.8611
53.8703
53.879
53.8871
53.8969
53.906
53.9134
53.9218
53.9309
53.9406
53.9504
53.9597
53.9694
53.9782
53.9887
53.9964
54.0057
54.0147
54.0244
54.0337
54.0429
54.0534
54.0625
54.0722
54.0812
54.0902
54.1
54.109
54.1186
54.1281
54.1376
54.1475
54.1573
54.1668
54.1762
54.1858
54.1961
54.2052
54.2144
54.224
54.2338
54.2432
54.2529
54.2622
54.2714
54.2807
54.2909
54.3005
54.3106
54.3204
54.3298
54.3386
54.3486
54.3584
54.3689
54.3792
54.3902
54.4006
54.4104
54.42
54.4303
54.4405
54.4505
54.4599
54.4682
54.4783
54.4891
54.4987
54.5092
54.519
54.5282
54.5386
54.5478
54.5576
54.5684
54.5797
54.5908
54.6014
54.6109
54.6218
54.6331
54.6439
54.6534
54.6656
54.6761
54.6848
54.6949
54.7047
54.7142
54.7236
54.7336
54.7438
54.754
54.7636
54.7738
54.7842
54.7953
54.8055
54.816
54.826
54.8365
54.8464
54.8569
54.8671
54.8787
54.8903
54.9011
54.9103
54.9213
54.9322
54.9423
54.952
54.962
54.9729
54.9845
54.995
55.0053
55.0161
55.0273
55.0371
55.0477
55.0577
55.0702
55.0814
55.0918
55.1022
55.1135
55.1232
55.1329
55.1437
55.156
55.1661
55.1774
55.1886
55.1996
55.2115
55.2211
55.2332
55.2442
55.2547
55.2657
55.2777
55.288
55.2992
55.3096
55.3217
55.3328
55.3454
55.3565
55.3673
55.3784
55.3881
55.4003
55.4111
55.4228
55.4348
55.4467
55.4584
55.4714
55.4827
55.4933
55.506
55.5183
55.5301
55.5417
55.5532
55.5637
55.577
55.5881
55.5988
55.6112
55.6231
55.6349
55.6475
55.6585
55.6717
55.6849
55.6962
55.709
55.7227
55.7352
55.7495
55.7617
55.7745
55.7882
55.7999
55.8119
55.8243
55.8358
55.8483
55.8629
55.8763
55.8885
55.902
55.9137
55.9259
55.9387
55.9509
55.9632
55.9755
55.9885
56.0016
56.0146
56.0274
56.0401
56.0519
56.0662
56.0795
56.0933
56.1059
56.1194
56.1313
56.1455
56.16
56.1731
56.1859
56.1983
56.2123
56.2268
56.2404
56.2552
56.2696
56.2821
56.2961
56.311
56.3247
56.3383
56.3522
56.3678
56.3833
56.3965
56.4093
56.4241
56.4395
56.4526
56.4672
56.48
56.4928
56.5054
56.5203
56.5348
56.5507
56.5649
56.5798
56.5925
56.6059
56.6215
56.6355
56.6519
56.6652
56.6799
56.6938
56.7083
56.7224
56.7372
56.752
56.7656
56.7794
56.7957
56.8103
56.8269
56.8423
56.858
56.8731
56.8896
56.9045
56.9194
56.9375
56.9535
56.9692
56.9857
57.0013
57.0169
57.0318
57.0467
57.0623
57.0779
57.0946
57.111
57.1272
57.1432
57.1601
57.1748
57.1901
57.2058
57.2226
57.2395
57.2584
57.2769
57.294
57.3111
57.3284
57.3437
57.3597
57.3767
57.3938
57.4113
57.4304
57.4493
57.4658
57.484
57.5007
57.5186
57.5353
57.5546
57.5721
57.5885
57.6067
57.6236
57.6428
57.6623
57.6806
57.6994
57.7191
57.7377
57.7542
57.775
57.7937
57.814
57.8341
57.8542
57.8723
57.8926
57.912
57.9312
57.9506
57.9689
57.9877
58.0089
58.0313
58.051
58.0697
58.0871
58.1081
58.1289
58.1481
58.1677
58.1878
58.2084
58.2293
58.2514
58.2732
58.2945
58.3135
58.336
58.3576
58.379
58.3974
58.4191
58.4425
58.4649
58.4872
58.5084
58.5264
58.5474
58.5691
58.5917
58.6123
58.6347
58.6562
58.6782
58.7008
58.7245
58.7481
58.7689
58.7926
58.816
58.8432
58.866
58.8919
58.917
58.941
58.9627
58.9867
59.0137
59.0398
59.0633
59.0902
59.1163
59.1393
59.1651
59.1903
59.2186
59.2454
59.2707
59.2968
59.3247
59.3496
59.374
59.4026
59.4318
59.4575
59.4845
59.5142
59.5435
59.5754
59.6028
59.6295
59.6582
59.6866
59.7173
59.7456
59.7714
59.8014
59.8307
59.8632
59.8924
59.9217
59.9507
59.9804
60.0126
60.0449
60.079
60.1078
60.1362
60.167
60.1972
60.2241
60.2549
60.2893
60.3217
60.3614
60.3934
60.4263
60.4547
60.4858
60.5159
60.5461
60.5813
60.616
60.6455
60.6783
60.7132
60.7475
60.7837
60.817
60.8492
60.8874
60.9243
60.9598
60.9979
61.0312
61.0642
61.1051
61.1434
61.1854
61.2256
61.2619
61.2989
61.3402
61.3818
61.4171
61.4515
61.4937
61.5321
61.5707
61.6131
61.6498
61.6851
61.7272
61.7685
61.8099
61.8587
61.8971
61.9351
61.9782
62.0202
62.0635
62.1033
62.1467
62.1899
62.233
62.2816
62.3274
62.3686
62.4127
62.4641
62.517
62.5691
62.619
62.6663
62.7188
62.7665
62.8198
62.8745
62.9243
62.9813
63.0319
63.0861
63.1399
63.1937
63.2478
63.3
63.3548
63.4079
63.4565
63.5128
63.5678
63.6313
63.6948
63.7544
63.8166
63.8759
63.943
64.0038
64.0696
64.1372
64.2122
64.2847
64.3496
64.427
64.5034
64.5773
64.65
64.7278
64.8168
64.898
64.9821
65.056
65.144
65.2384
65.3218
65.4078
65.5043
65.6017
65.6881
65.7916
65.8976
65.9802
66.096
66.2019
66.3209
66.4379
66.5453
66.6575
66.77
66.8863
67.016
67.1511
67.2782
67.4327
67.5916
67.7608
67.9173
68.0868
68.2788
68.4478
68.6452
68.8732
69.1007
69.3529
69.6528
69.9216
70.2983
70.8373
71.6239
72.9925
76.1926
81.4593
