2
2.5
3.16667
3.5
3.56667
3.9
4.025
4.06667
4.275
5.52446
6.84178
8.5891
10.2179
10.7121
11.8738
12.9022
13.5318
14.006
14.437
14.8214
15.1575
15.4587
15.7324
15.9929
16.2279
16.4681
16.6821
16.8826
17.0825
17.263
17.4288
17.5957
17.7547
17.9111
18.0901
18.2352
18.3767
18.5293
18.6714
18.7984
18.9298
19.0611
19.1748
19.3075
19.4263
19.5362
19.6504
19.7644
19.8725
19.9821
20.0775
20.1726
20.2859
20.3871
20.4801
20.5796
20.6667
20.7445
20.8269
20.9181
21.0162
21.0903
21.1833
21.2613
21.336
21.4159
21.4823
21.5539
21.6312
21.7048
21.7735
21.8437
21.9114
21.9727
22.0302
22.0942
22.1554
22.2171
22.2822
22.3444
22.4105
22.4651
22.528
22.5857
22.6422
22.6962
22.7609
22.8217
22.8765
22.9372
22.9941
23.0483
23.1006
23.1496
23.1987
23.2515
23.2992
23.3476
23.401
23.455
23.5062
23.5548
23.6035
23.6469
23.6914
23.737
23.7875
23.8312
23.881
23.9236
23.9647
24.0116
24.0481
24.0924
24.1365
24.1746
24.2221
24.2631
24.3062
24.3474
24.3913
24.4378
24.4834
24.5207
24.5559
24.5981
24.6377
24.6771
24.7137
24.7539
24.7948
24.8393
24.8758
24.9168
24.9549
24.9949
25.0315
25.0694
25.1026
25.1432
25.1783
25.2138
25.2462
25.283
25.3133
25.3474
25.3817
25.413
25.4507
25.4875
25.5241
25.5655
25.6021
25.6328
25.6664
25.6987
25.7342
25.7736
25.8074
25.8459
25.8771
25.9079
25.9424
25.974
26.0061
26.0404
26.0728
26.1047
26.1342
26.1628
26.1951
26.2269
26.2608
26.2888
26.3214
26.3526
26.3842
26.4105
26.4433
26.4731
26.504
26.5303
26.5559
26.5838
26.6117
26.6424
26.6694
26.6986
26.7281
26.7579
26.7885
26.8165
26.8467
26.8757
26.9016
26.9283
26.955
26.9811
27.0101
27.0395
27.0655
27.0908
27.1161
27.1458
27.1719
27.1958
27.2239
27.2477
27.2747
27.2984
27.3269
27.3533
27.3775
27.4027
27.4279
27.4543
27.4816
27.5073
27.5345
27.5614
27.5876
27.6136
27.6343
27.6594
27.6826
27.7074
27.7317
27.7583
27.7871
27.8092
27.8354
27.8599
27.882
27.9049
27.9291
27.9536
27.9766
27.9997
28.025
28.05
28.0737
28.0983
28.1198
28.1452
28.1704
28.1921
28.2131
28.2351
28.2581
28.2834
28.3061
28.3288
28.3534
28.3743
28.3985
28.4207
28.4396
28.4634
28.4856
28.5052
28.5264
28.5497
28.5712
28.59
28.6149
28.637
28.6594
28.6805
28.7019
28.7231
28.7432
28.762
28.7821
28.8021
28.8235
28.844
28.8655
28.8863
28.9054
28.9257
28.9453
28.9651
28.9842
29.003
29.0234
29.0421
29.0622
29.0811
29.1011
29.1203
29.1415
29.1629
29.1827
29.2018
29.222
29.2388
29.2581
29.2767
29.2978
29.3143
29.3327
29.3489
29.3664
29.3856
29.4031
29.4227
29.4396
29.4593
29.4788
29.4987
29.5162
29.5338
29.5538
29.5734
29.5904
29.6069
29.6229
29.6414
29.6592
29.6767
29.6951
29.7148
29.7328
29.7508
29.7683
29.7849
29.8043
29.8217
29.8394
29.8571
29.8743
29.8928
29.9095
29.9268
29.9456
29.9661
29.9824
29.9995
30.0162
30.0332
30.0512
30.0703
30.0874
30.1025
30.1191
30.1338
30.1517
30.1692
30.1849
30.2018
30.2192
30.2356
30.2532
30.2713
30.2878
30.3035
30.3196
30.3383
30.3545
30.3706
30.3854
30.403
30.4206
30.4385
30.4543
30.4699
30.4875
30.5025
30.5193
30.535
30.5527
30.5698
30.5849
30.6007
30.6151
30.6308
30.6457
30.6594
30.6767
30.6931
30.7078
30.724
30.7391
30.7555
30.7722
30.7858
30.7995
30.8139
30.8272
30.843
30.8578
30.8725
30.8876
30.904
30.919
30.9337
30.9505
30.9675
30.9839
30.9979
31.0122
31.0279
31.0424
31.0566
31.0701
31.0859
31.1022
31.1188
31.1344
31.1489
31.1643
31.1768
31.1918
31.2059
31.2188
31.2343
31.2481
31.2614
31.276
31.2896
31.3031
31.3169
31.3314
31.3445
31.3587
31.3716
31.3866
31.4
31.4142
31.4287
31.4422
31.4567
31.4717
31.4861
31.5001
31.5134
31.5293
31.5447
31.557
31.5709
31.5849
31.5998
31.6164
31.6298
31.6449
31.6582
31.6724
31.6857
31.6974
31.7105
31.7223
31.7363
31.7493
31.7637
31.7776
31.7918
31.805
31.8183
31.832
31.8441
31.8574
31.8709
31.8841
31.8966
31.9075
31.921
31.9343
31.9482
31.9618
31.977
31.9891
32.0014
32.0146
32.0269
32.0386
32.0518
32.0652
32.0782
32.0912
32.1041
32.1168
32.1295
32.1427
32.1564
32.1682
32.1831
32.1954
32.2093
32.2199
32.2321
32.2444
32.2563
32.2691
32.2821
32.2958
32.3073
32.3189
32.3312
32.3435
32.3563
32.3693
32.3823
32.3946
32.4074
32.4193
32.4308
32.4427
32.4553
32.4674
32.4793
32.49
32.5028
32.5145
32.5254
32.5388
32.5502
32.5646
32.5755
32.5876
32.5985
32.6106
32.621
32.634
32.6452
32.6568
32.6694
32.679
32.6908
32.7028
32.7158
32.7271
32.7392
32.7506
32.7623
32.7726
32.7845
32.7947
32.8061
32.8189
32.8315
32.8436
32.8549
32.8682
32.8796
32.8921
32.9007
32.9116
32.9221
32.9332
32.9451
32.9563
32.9673
32.978
32.9884
32.9996
33.0116
33.0246
33.0356
33.0472
33.0581
33.0694
33.0806
33.0939
33.1076
33.1173
33.1272
33.1385
33.1502
33.1614
33.1721
33.1831
33.1939
33.2062
33.2174
33.2295
33.2403
33.2507
33.2627
33.2734
33.2857
33.2975
33.3091
33.3196
33.3323
33.3426
33.3534
33.3649
33.3747
33.3848
33.3949
33.4074
33.4183
33.429
33.4405
33.4511
33.4618
33.4724
33.4843
33.4952
33.5052
33.518
33.5289
33.5397
33.5498
33.5586
33.57
33.5812
33.5923
33.6029
33.6143
33.624
33.635
33.6453
33.6559
33.6669
33.6771
33.6891
33.6997
33.7095
33.7197
33.729
33.7395
33.7502
33.7596
33.7713
33.7811
33.7927
33.8029
33.8148
33.8266
33.838
33.8484
33.8578
33.8675
33.8788
33.8887
33.8995
33.91
33.9204
33.9314
33.9408
33.9493
33.9604
33.972
33.9813
33.992
34.0014
34.0138
34.0229
34.0333
34.0435
34.053
34.063
34.0744
34.0834
34.0928
34.1029
34.114
34.1227
34.1326
34.1425
34.1529
34.1639
34.1746
34.1848
34.1948
34.2042
34.214
34.2245
34.2358
34.2463
34.2561
34.2669
34.277
34.286
34.2964
34.3075
34.318
34.3282
34.3383
34.3487
34.3589
34.3684
34.3772
34.3868
34.3957
34.4059
34.4159
34.4253
34.4366
34.4458
34.4552
34.4643
34.4744
34.4847
34.4946
34.5038
34.5124
34.5227
34.5325
34.5417
34.5521
34.5605
34.5701
34.5791
34.5883
34.5979
34.6076
34.6186
34.6285
34.6382
34.6485
34.659
34.6684
34.6766
34.6859
34.6956
34.7042
34.7131
34.7215
34.7309
34.7404
34.7503
34.7605
34.7709
34.7812
34.7905
34.8008
34.809
34.8184
34.827
34.8374
34.8466
34.8551
34.8641
34.8742
34.8827
34.8926
34.9017
34.9101
34.9206
34.9295
34.9394
34.9492
34.9571
34.9659
34.9748
34.9834
34.9925
35.0019
35.0109
35.0212
35.0301
35.0387
35.0479
35.0567
35.066
35.074
35.0832
35.0929
35.1019
35.1112
35.121
35.1302
35.1394
35.1481
35.1566
35.1657
35.1756
35.1849
35.1952
35.2038
35.2134
35.223
35.232
35.2415
35.2503
35.2592
35.2686
35.2766
35.285
35.294
35.3022
35.3097
35.3191
35.3273
35.3356
35.3445
35.3526
35.3597
35.3684
35.3776
35.387
35.3962
35.4036
35.412
35.4204
35.4284
35.4372
35.4459
35.4554
35.4628
35.4733
35.4827
35.4917
35.501
35.5098
35.5187
35.5278
35.5376
35.5475
35.5557
35.5638
35.5735
35.5836
35.5915
35.5995
35.608
35.6178
35.6276
35.6354
35.6435
35.6522
35.6609
35.6702
35.6788
35.6874
35.6962
35.7047
35.7133
35.7227
35.7313
35.74
35.7489
35.7569
35.766
35.7755
35.7831
35.7904
35.7997
35.8086
35.8163
35.8245
35.8336
35.8433
35.8515
35.8587
35.8661
35.8748
35.8831
35.8942
35.9017
35.9108
35.9186
35.9273
35.9357
35.9439
35.9511
35.9606
35.9682
35.9763
35.9853
35.9929
35.9999
36.0084
36.0178
36.0271
36.0346
36.0429
36.0517
36.0606
36.0686
36.0783
36.0863
36.0942
36.1031
36.1114
36.1203
36.1281
36.1364
36.1453
36.1542
36.1625
36.1707
36.1791
36.1874
36.1956
36.204
36.2135
36.2216
36.2295
36.2382
36.2465
36.2542
36.2628
36.2717
36.2799
36.2882
36.2966
36.304
36.3122
36.3209
36.33
36.3384
36.3472
36.3551
36.3629
36.3716
36.3794
36.3865
36.3945
36.4028
36.4111
36.4199
36.4273
36.4346
36.4427
36.4514
36.4604
36.4678
36.4753
36.4838
36.4914
36.4992
36.5068
36.5151
36.5237
36.5322
36.5396
36.548
36.5554
36.5631
36.571
36.5789
36.5859
36.5935
36.6027
36.6091
36.6178
36.6254
36.6332
36.6409
36.649
36.6574
36.6657
36.6743
36.6821
36.6901
36.6985
36.7068
36.7148
36.723
36.7312
36.7393
36.7474
36.7553
36.7636
36.7726
36.7809
36.7885
36.7963
36.8039
36.8106
36.818
36.8252
36.8339
36.8414
36.8492
36.8561
36.8635
36.8703
36.8777
36.8859
36.8939
36.9018
36.9097
36.9176
36.9255
36.9329
36.9404
36.9471
36.9547
36.962
36.9702
36.9777
36.9847
36.9922
37.0001
37.0083
37.0167
37.0243
37.0303
37.0377
37.0462
37.0542
37.0621
37.0704
37.0778
37.0856
37.0932
37.1009
37.108
37.1153
37.1228
37.1296
37.1368
37.1441
37.1519
37.158
37.1644
37.1718
37.1794
37.1883
37.1953
37.203
37.2098
37.2167
37.2233
37.2306
37.2385
37.2455
37.2528
37.2605
37.2676
37.2756
37.283
37.2901
37.2975
37.3052
37.3131
37.3204
37.3274
37.3344
37.342
37.3492
37.3558
37.362
37.3686
37.3761
37.3831
37.3901
37.3983
37.4052
37.4124
37.42
37.4274
37.4353
37.4422
37.4494
37.4568
37.464
37.4718
37.4799
37.4872
37.4956
37.5019
37.5089
37.5163
37.5235
37.5307
37.5378
37.5444
37.552
37.5586
37.5657
37.5734
37.5799
37.5872
37.5945
37.601
37.6084
37.6151
37.6231
37.631
37.6377
37.646
37.6528
37.6595
37.6664
37.6728
37.6806
37.6871
37.6939
37.701
37.708
37.715
37.7221
37.728
37.736
37.7425
37.7497
37.7561
37.7634
37.7705
37.7774
37.7841
37.7917
37.7985
37.8057
37.8128
37.8197
37.8272
37.8326
37.8399
37.8467
37.8533
37.8603
37.8673
37.8741
37.8809
37.8877
37.895
37.9014
37.908
37.9144
37.9215
37.9275
37.9339
37.9408
37.9475
37.9552
37.9615
37.9687
37.9752
37.9826
37.9888
37.9958
38.0033
38.0106
38.0169
38.0236
38.03
38.0362
38.0424
38.0496
38.0563
38.0628
38.07
38.0764
38.0833
38.0899
38.0961
38.1023
38.1094
38.1166
38.1241
38.1316
38.1381
38.1455
38.1522
38.1594
38.1665
38.1735
38.1801
38.186
38.1927
38.1997
38.207
38.2138
38.2202
38.227
38.2338
38.2399
38.2463
38.2535
38.2613
38.2673
38.2741
38.2817
38.2889
38.2949
38.3015
38.3075
38.314
38.3215
38.3285
38.3346
38.3419
38.349
38.3549
38.362
38.3691
38.3754
38.3819
38.388
38.3952
38.4017
38.408
38.4142
38.4209
38.4269
38.4331
38.4401
38.4467
38.4531
38.4603
38.4668
38.4732
38.4801
38.4872
38.4935
38.4995
38.5064
38.5126
38.5185
38.5241
38.5318
38.5393
38.5466
38.5535
38.5598
38.566
38.572
38.5785
38.5853
38.5914
38.5984
38.6052
38.6116
38.6184
38.6249
38.6313
38.6381
38.6441
38.6506
38.6569
38.6635
38.6695
38.6751
38.6813
38.6883
38.6947
38.7019
38.7071
38.7139
38.7209
38.7276
38.7341
38.7403
38.7465
38.7536
38.7597
38.7659
38.7724
38.7801
38.7862
38.7927
38.7988
38.8058
38.8123
38.819
38.8252
38.8317
38.8382
38.8451
38.8512
38.8572
38.8634
38.8698
38.8768
38.8835
38.8901
38.8963
38.9031
38.9092
38.9152
38.9219
38.9279
38.9346
38.9405
38.9463
38.9522
38.9587
38.9652
38.9713
38.978
38.9847
38.9909
38.9973
39.0035
39.01
39.0162
39.022
39.0284
39.0349
39.0412
39.0472
39.0537
39.0599
39.0659
39.0715
39.0785
39.0848
39.0914
39.0971
39.1031
39.1087
39.1151
39.1214
39.1275
39.1346
39.142
39.1481
39.1547
39.1611
39.167
39.1728
39.1789
39.1854
39.1912
39.197
39.2033
39.2092
39.2157
39.2217
39.2277
39.2337
39.24
39.2458
39.2518
39.258
39.2644
39.2699
39.2761
39.2821
39.2878
39.293
39.2985
39.3054
39.3111
39.3176
39.3238
39.3299
39.3363
39.3419
39.3473
39.3536
39.3595
39.3654
39.3717
39.3776
39.3834
39.39
39.3961
39.4023
39.4081
39.4146
39.4201
39.4264
39.4322
39.4386
39.4444
39.4503
39.4566
39.4631
39.4696
39.4758
39.4818
39.4886
39.4943
39.5004
39.5061
39.5118
39.5177
39.5238
39.5297
39.5358
39.542
39.5473
39.5528
39.5594
39.5661
39.5721
39.5779
39.5834
39.5895
39.5959
39.6013
39.6076
39.613
39.6196
39.6251
39.63
39.636
39.6426
39.6478
39.6535
39.6597
39.6659
39.6717
39.6773
39.6838
39.6901
39.6956
39.701
39.7079
39.7149
39.7208
39.7269
39.7328
39.738
39.7443
39.7497
39.7563
39.762
39.7671
39.7727
39.7782
39.7835
39.7903
39.7963
39.8025
39.8082
39.8137
39.8188
39.8249
39.8308
39.8365
39.8427
39.8482
39.8544
39.8605
39.8665
39.8719
39.8775
39.8831
39.8894
39.896
39.9016
39.908
39.9142
39.9201
39.9254
39.9315
39.9372
39.9433
39.9497
39.9559
39.9616
39.9673
39.9733
39.9798
39.9855
39.9914
39.9969
40.003
40.0091
40.0151
40.0211
40.0274
40.0339
40.0399
40.046
40.0517
40.0576
40.063
40.0695
40.0751
40.0802
40.0855
40.0912
40.0972
40.103
40.1087
40.1138
40.1199
40.1251
40.1298
40.1361
40.142
40.1474
40.1524
40.1581
40.1632
40.1691
40.1749
40.1806
40.1858
40.1919
40.1977
40.2034
40.2088
40.2143
40.2192
40.2248
40.2301
40.2361
40.2419
40.2482
40.2536
40.2588
40.2644
40.2701
40.2758
40.2815
40.2877
40.2938
40.2997
40.3051
40.3106
40.3166
40.323
40.3288
40.3343
40.3395
40.3444
40.35
40.3555
40.361
40.3667
40.3722
40.3778
40.3833
40.389
40.3942
40.3992
40.405
40.4105
40.4164
40.4221
40.4278
40.433
40.4386
40.4445
40.4498
40.4556
40.4613
40.4671
40.4722
40.4778
40.4834
40.4892
40.4945
40.5002
40.5062
40.5125
40.5177
40.5239
40.5289
40.5342
40.5393
40.5449
40.5504
40.5556
40.5613
40.5675
40.5736
40.579
40.5851
40.5908
40.5967
40.601
40.6062
40.6115
40.6176
40.6232
40.6295
40.6352
40.6418
40.647
40.6525
40.6581
40.6635
40.6694
40.6752
40.6812
40.686
40.6911
40.697
40.7018
40.7072
40.7123
40.7179
40.7235
40.7287
40.7343
40.7398
40.7452
40.7509
40.7562
40.7621
40.7675
40.7728
40.7776
40.7837
40.7894
40.7938
40.799
40.8044
40.81
40.815
40.8212
40.8262
40.8314
40.8372
40.8423
40.8474
40.8528
40.8578
40.8633
40.8687
40.8741
40.8794
40.8851
40.8908
40.8963
40.9007
40.9055
40.9106
40.9158
40.9214
40.9272
40.9326
40.9378
40.9436
40.9493
40.9547
40.961
40.966
40.9716
40.9778
40.983
40.9882
40.9934
40.9983
41.004
41.0096
41.014
41.0199
41.025
41.0304
41.0354
41.0406
41.0458
41.052
41.0571
41.062
41.0678
41.0726
41.078
41.0834
41.0882
41.0937
41.0992
41.1051
41.1102
41.1151
41.1205
41.1259
41.1313
41.1368
41.1419
41.1472
41.1522
41.157
41.1619
41.1666
41.1728
41.1781
41.1833
41.1884
41.1933
41.1984
41.2032
41.2084
41.2134
41.2184
41.2234
41.2283
41.2339
41.2398
41.2455
41.2503
41.2567
41.2626
41.2678
41.2734
41.2788
41.2844
41.2904
41.2961
41.3015
41.3072
41.3123
41.3171
41.3223
41.3283
41.3335
41.3385
41.3441
41.3496
41.3552
41.3604
41.3655
41.371
41.3768
41.3827
41.389
41.3942
41.3993
41.4053
41.4102
41.4156
41.4211
41.4264
41.4319
41.4377
41.4429
41.4481
41.4534
41.4591
41.4641
41.4695
41.4745
41.4797
41.485
41.4899
41.4955
41.501
41.5059
41.5107
41.5162
41.521
41.5265
41.5318
41.5377
41.5429
41.5483
41.554
41.5596
41.5645
41.5696
41.575
41.5807
41.5861
41.5914
41.5966
41.6013
41.6058
41.6109
41.6154
41.6202
41.6254
41.6304
41.6354
41.641
41.6464
41.6518
41.6569
41.6623
41.6678
41.6732
41.6788
41.6834
41.6885
41.6929
41.6986
41.7045
41.7095
41.7152
41.7209
41.7267
41.7323
41.7375
41.7427
41.7482
41.7546
41.7596
41.7644
41.7692
41.774
41.7798
41.7848
41.7896
41.7945
41.7997
41.8048
41.8092
41.8152
41.8205
41.8261
41.8311
41.8355
41.8405
41.8458
41.8516
41.8567
41.8621
41.8677
41.8732
41.8783
41.8831
41.8887
41.8935
41.8984
41.9033
41.9085
41.9131
41.9183
41.9238
41.9289
41.934
41.9389
41.944
41.949
41.9542
41.9594
41.9647
41.9702
41.9752
41.9806
41.9851
41.9899
41.9952
42.0001
42.0051
42.0102
42.0154
42.0205
42.0256
42.0304
42.0359
42.0406
42.0459
42.0515
42.0569
42.0616
42.0665
42.0714
42.0765
42.0813
42.0866
42.0916
42.0967
42.1019
42.1068
42.1117
42.1168
42.1216
42.1265
42.131
42.1363
42.1416
42.1468
42.152
42.1567
42.162
42.1668
42.1722
42.177
42.1822
42.1876
42.1924
42.1974
42.2021
42.2069
42.213
42.2179
42.2228
42.2275
42.2319
42.2369
42.2422
42.2473
42.2517
42.2566
42.2617
42.2666
42.2714
42.2763
42.2806
42.2855
42.2904
42.2965
42.3012
42.3065
42.3113
42.3157
42.3208
42.3266
42.3311
42.3359
42.3408
42.3463
42.3511
42.3558
42.3602
42.3658
42.371
42.3763
42.3809
42.3854
42.3905
42.3955
42.4002
42.4052
42.4097
42.4153
42.4203
42.4249
42.4297
42.4342
42.4394
42.4444
42.4492
42.4547
42.46
42.4655
42.4702
42.4757
42.4806
42.4856
42.4907
42.4956
42.5008
42.5055
42.5106
42.5148
42.5199
42.5247
42.5295
42.5346
42.5397
42.5442
42.5486
42.5538
42.5582
42.563
42.5688
42.5733
42.5777
42.5827
42.5875
42.5923
42.5968
42.6017
42.6066
42.6111
42.6162
42.6207
42.6251
42.6302
42.6355
42.6404
42.6457
42.6504
42.6553
42.6601
42.6647
42.6697
42.674
42.6786
42.6827
42.6873
42.692
42.6969
42.7018
42.7065
42.7116
42.7172
42.7226
42.7275
42.732
42.7366
42.7411
42.7458
42.7505
42.7557
42.7609
42.7658
42.771
42.776
42.7802
42.7848
42.7895
42.794
42.7987
42.8035
42.8086
42.8139
42.8191
42.8236
42.8283
42.8333
42.838
42.8426
42.8478
42.8521
42.8577
42.8628
42.8677
42.872
42.8772
42.8817
42.8866
42.8915
42.8958
42.9012
42.9057
42.9105
42.9151
42.9203
42.9251
42.9301
42.9346
42.9395
42.9442
42.9496
42.9543
42.9597
42.9646
42.9689
42.9739
42.9791
42.984
42.9886
42.993
42.9976
43.0028
43.0076
43.0131
43.018
43.0235
43.0279
43.033
43.0385
43.0439
43.0487
43.0541
43.0586
43.0628
43.0673
43.0725
43.0776
43.0821
43.0869
43.0919
43.0975
43.1016
43.1068
43.1113
43.1161
43.1211
43.1265
43.1312
43.1362
43.1401
43.1447
43.1495
43.1547
43.16
43.1647
43.1694
43.1739
43.1779
43.1823
43.1874
43.1925
43.1973
43.2016
43.2065
43.2106
43.2155
43.22
43.2249
43.2291
43.2336
43.2379
43.2427
43.2476
43.2522
43.2571
43.2623
43.2682
43.2727
43.2772
43.282
43.2867
43.2912
43.2958
43.3005
43.3047
43.309
43.3141
43.3186
43.3232
43.3282
43.333
43.3373
43.3426
43.3474
43.3519
43.3566
43.3617
43.3659
43.3711
43.3762
43.3809
43.3855
43.3901
43.3952
43.4002
43.4043
43.4093
43.4147
43.4192
43.4235
43.4284
43.4337
43.4389
43.4438
43.4485
43.4537
43.4584
43.4628
43.4671
43.4722
43.4766
43.4812
43.4854
43.4901
43.4951
43.4997
43.5038
43.5094
43.5136
43.5185
43.5232
43.5279
43.5325
43.537
43.5418
43.5456
43.5503
43.5552
43.5599
43.5644
43.5684
43.5729
43.5782
43.5829
43.5874
43.592
43.5968
43.6018
43.6066
43.6113
43.6156
43.62
43.6251
43.6296
43.6342
43.6385
43.6434
43.6474
43.6516
43.6562
43.6604
43.6649
43.6695
43.6746
43.6789
43.6843
43.6894
43.6935
43.6977
43.7021
43.7066
43.7117
43.7161
43.7205
43.7249
43.7294
43.7345
43.7394
43.7439
43.7486
43.7537
43.7587
43.7635
43.7684
43.773
43.7777
43.7827
43.7881
43.7935
43.7981
43.8029
43.8071
43.8118
43.8172
43.8217
43.8265
43.8311
43.8361
43.8412
43.8461
43.8509
43.8556
43.86
43.8645
43.8691
43.874
43.8782
43.8828
43.8868
43.8911
43.8961
43.9007
43.9052
43.91
43.9149
43.9192
43.9237
43.9286
43.9332
43.9381
43.9429
43.9476
43.9523
43.957
43.9615
43.9659
43.9702
43.975
43.9798
43.9847
43.9891
43.9936
43.9985
44.0029
44.0074
44.0116
44.0165
44.0213
44.0261
44.0304
44.0356
44.0405
44.0456
44.0504
44.0553
44.0602
44.0652
44.0697
44.0742
44.0792
44.0836
44.0882
44.0926
44.097
44.1017
44.1063
44.1109
44.1152
44.1201
44.1241
44.1293
44.1345
44.1393
44.1437
44.1487
44.1528
44.1573
44.162
44.1668
44.1714
44.1761
44.1806
44.1856
44.1895
44.194
44.1986
44.203
44.2076
44.2126
44.2175
44.2227
44.227
44.2319
44.2368
44.2414
44.2461
44.2507
44.2552
44.26
44.2645
44.2685
44.2734
44.2783
44.2828
44.2876
44.2919
44.2963
44.3009
44.3055
44.3106
44.3159
44.3206
44.3249
44.3291
44.3334
44.338
44.3421
44.3466
44.3514
44.3562
44.3616
44.3659
44.3708
44.3756
44.3801
44.3849
44.3893
44.3942
44.3991
44.4042
44.4088
44.4137
44.418
44.4229
44.4278
44.4326
44.4373
44.4412
44.4457
44.4499
44.4548
44.4591
44.4631
44.4675
44.4722
44.4775
44.4821
44.4872
44.4916
44.4961
44.5004
44.5056
44.5099
44.5144
44.519
44.5231
44.5283
44.5329
44.5376
44.5425
44.5475
44.5519
44.5561
44.5605
44.5646
44.5693
44.5741
44.5785
44.5831
44.5874
44.5923
44.5971
44.602
44.6067
44.6114
44.6161
44.6202
44.6246
44.6288
44.6344
44.6391
44.6436
44.6482
44.6527
44.6572
44.6619
44.6658
44.6701
44.6742
44.6785
44.6835
44.688
44.6926
44.6971
44.7015
44.7064
44.7108
44.7154
44.7202
44.7252
44.7298
44.735
44.7396
44.7438
44.7474
44.752
44.7565
44.7609
44.7655
44.77
44.7746
44.7795
44.784
44.7884
44.7932
44.7973
44.8016
44.8055
44.8098
44.8146
44.8189
44.8232
44.8272
44.8316
44.8365
44.8408
44.8456
44.8496
44.8537
44.8582
44.8629
44.8671
44.8718
44.8762
44.8811
44.8853
44.8899
44.8944
44.8989
44.9032
44.9078
44.9122
44.9167
44.9212
44.9258
44.9302
44.935
44.9395
44.9435
44.9475
44.9518
44.9562
44.9603
44.9641
44.9689
44.9737
44.9784
44.9834
44.9879
44.992
44.9965
45.001
45.0055
45.0101
45.0149
45.0195
45.0244
45.029
45.0335
45.0379
45.0424
45.0471
45.0521
45.0568
45.0615
45.0656
45.0702
45.0748
45.0793
45.0842
45.0884
45.0924
45.0965
45.1006
45.1052
45.11
45.1143
45.1189
45.1235
45.128
45.1332
45.1385
45.1432
45.1478
45.1523
45.1562
45.1609
45.1648
45.169
45.1742
45.1785
45.1827
45.1872
45.1914
45.1962
45.2007
45.2052
45.2098
45.2142
45.2187
45.2231
45.2278
45.2323
45.2368
45.2416
45.2455
45.2501
45.2543
45.2585
45.2633
45.2679
45.2722
45.277
45.2815
45.286
45.2904
45.2948
45.299
45.3035
45.3084
45.3124
45.3164
45.3213
45.3256
45.3305
45.335
45.3394
45.3443
45.3489
45.3538
45.3575
45.3625
45.3673
45.3716
45.376
45.3806
45.3846
45.389
45.394
45.3985
45.4032
45.4083
45.4128
45.4177
45.4216
45.4254
45.43
45.435
45.4398
45.4445
45.4497
45.4545
45.4584
45.4633
45.4679
45.4717
45.4764
45.4808
45.4856
45.4899
45.4942
45.4992
45.5038
45.5081
45.513
45.5176
45.5217
45.526
45.5304
45.535
45.5403
45.5447
45.5497
45.5538
45.5583
45.5629
45.5674
45.5722
45.5764
45.5816
45.586
45.5904
45.5952
45.5997
45.6043
45.6089
45.6129
45.6172
45.6218
45.6265
45.6309
45.6355
45.6402
45.6445
45.6487
45.6528
45.6572
45.6616
45.6661
45.6709
45.6756
45.68
45.6844
45.6893
45.6936
45.6981
45.7027
45.7074
45.7118
45.7161
45.7207
45.7249
45.7289
45.7332
45.7371
45.7412
45.7452
45.7491
45.7534
45.7581
45.7627
45.767
45.7713
45.7758
45.7801
45.7846
45.7886
45.7926
45.797
45.8013
45.8058
45.8101
45.8146
45.8189
45.8228
45.8267
45.831
45.8353
45.8395
45.8439
45.848
45.852
45.8567
45.8614
45.866
45.8707
45.875
45.8793
45.8842
45.8882
45.8922
45.8972
45.9013
45.9055
45.9092
45.9137
45.9185
45.9233
45.9277
45.9321
45.9368
45.9407
45.9453
45.9494
45.9538
45.9585
45.9628
45.9673
45.9712
45.9756
45.9798
45.9843
45.9889
45.993
45.9975
46.0016
46.0058
46.0101
46.0153
46.019
46.0229
46.0275
46.0318
46.0362
46.0409
46.045
46.0494
46.0544
46.0589
46.0635
46.0677
46.0719
46.0765
46.0811
46.0848
46.0889
46.0935
46.0981
46.1022
46.1065
46.1109
46.1156
46.1202
46.1245
46.1291
46.1337
46.1381
46.1422
46.1463
46.1506
46.155
46.1597
46.1641
46.1683
46.1728
46.1769
46.1809
46.1852
46.1894
46.1946
46.1986
46.203
46.2073
46.2127
46.2172
46.2213
46.2259
46.2298
46.2339
46.2385
46.2427
46.247
46.2518
46.2564
46.2608
46.2657
46.2705
46.2744
46.2784
46.2826
46.2871
46.2916
46.2961
46.3001
46.3043
46.3095
46.3139
46.3183
46.3229
46.3273
46.3317
46.3364
46.3414
46.3459
46.3506
46.355
46.359
46.3632
46.3676
46.3722
46.3766
46.3812
46.3856
46.3902
46.3938
46.3984
46.4022
46.4064
46.4111
46.4159
46.4198
46.4241
46.4292
46.4338
46.4381
46.4422
46.4465
46.451
46.4556
46.4597
46.4638
46.4684
46.473
46.4776
46.4823
46.4864
46.4907
46.4949
46.4989
46.5033
46.5078
46.5124
46.5167
46.5209
46.5252
46.5293
46.5337
46.5383
46.5428
46.5472
46.5514
46.5555
46.5609
46.5653
46.5699
46.5745
46.5788
46.5831
46.5873
46.5914
46.5958
46.6005
46.6048
46.6092
46.6135
46.618
46.6226
46.6266
46.6313
46.6356
46.6398
46.6438
46.648
46.6522
46.6571
46.6616
46.6658
46.6701
46.6741
46.6784
46.6829
46.6874
46.6916
46.6959
46.7003
46.7048
46.7095
46.7136
46.7183
46.7226
46.7272
46.7317
46.7366
46.7409
46.7452
46.7494
46.7535
46.7581
46.7623
46.7671
46.7719
46.7763
46.7806
46.7846
46.7893
46.7942
46.7994
46.8039
46.8089
46.8132
46.8175
46.8217
46.8261
46.83
46.8345
46.8392
46.8436
46.8483
46.8531
46.8582
46.8633
46.8679
46.8721
46.877
46.8814
46.8856
46.8901
46.8939
46.8983
46.903
46.9073
46.9114
46.9154
46.9194
46.9237
46.9285
46.9326
46.9371
46.9415
46.9457
46.9507
46.9553
46.9596
46.9641
46.968
46.9722
46.9765
46.9815
46.9861
46.9904
46.9943
46.9986
47.0031
47.0072
47.0114
47.0159
47.02
47.024
47.0284
47.0328
47.0377
47.0418
47.0465
47.0514
47.0559
47.0602
47.0645
47.0687
47.0735
47.0781
47.0826
47.0867
47.0909
47.0951
47.0994
47.1036
47.1082
47.1119
47.1169
47.1214
47.1262
47.1303
47.1351
47.1401
47.1445
47.1487
47.1533
47.1583
47.1632
47.1678
47.1721
47.1768
47.1812
47.1853
47.1897
47.1935
47.1978
47.2021
47.2064
47.2111
47.2161
47.2206
47.2251
47.2292
47.2332
47.2377
47.2424
47.2466
47.2513
47.2561
47.2603
47.2643
47.2686
47.2729
47.2773
47.2815
47.2859
47.2907
47.295
47.2985
47.3028
47.3071
47.3109
47.3152
47.3193
47.3242
47.3283
47.3329
47.3376
47.3423
47.3461
47.3503
47.3549
47.3588
47.3631
47.3683
47.3732
47.3778
47.3818
47.386
47.3906
47.3954
47.3997
47.4044
47.4089
47.4131
47.4173
47.4217
47.426
47.43
47.4341
47.4384
47.4423
47.4468
47.4516
47.4562
47.4607
47.4654
47.4699
47.4746
47.479
47.4833
47.4874
47.4923
47.4973
47.502
47.5064
47.5109
47.5153
47.5194
47.5238
47.5284
47.5329
47.5378
47.542
47.5462
47.5504
47.5551
47.5596
47.5645
47.5688
47.573
47.5773
47.5818
47.5859
47.5905
47.5951
47.5994
47.6035
47.6079
47.6127
47.6174
47.6218
47.6259
47.6303
47.6351
47.6394
47.644
47.649
47.6532
47.6575
47.6617
47.6665
47.6708
47.6752
47.679
47.6838
47.6881
47.6925
47.6965
47.7009
47.7054
47.71
47.7141
47.7182
47.7223
47.7267
47.7313
47.7359
47.7405
47.7449
47.7492
47.7533
47.758
47.7626
47.7671
47.7716
47.7767
47.7807
47.7848
47.7894
47.794
47.7981
47.803
47.8072
47.812
47.8162
47.8208
47.8253
47.8296
47.8338
47.8379
47.8421
47.8464
47.8505
47.8545
47.8592
47.8634
47.8679
47.8723
47.8766
47.8812
47.8859
47.8901
47.8943
47.899
47.903
47.9076
47.9119
47.9167
47.9208
47.9257
47.9302
47.935
47.9397
47.9441
47.9488
47.9536
47.9581
47.9629
47.9675
47.9722
47.977
47.9813
47.9858
47.99
47.9942
47.9991
48.0039
48.0084
48.0131
48.0181
48.0224
48.0268
48.0315
48.0362
48.0411
48.0456
48.0497
48.0541
48.0581
48.0623
48.0663
48.0709
48.0748
48.0793
48.0836
48.0879
48.093
48.0967
48.1016
48.1059
48.1105
48.1149
48.1193
48.124
48.1288
48.1335
48.138
48.1427
48.147
48.1514
48.1563
48.1608
48.1649
48.1693
48.1737
48.1782
48.1829
48.1872
48.1915
48.1957
48.1996
48.2041
48.2084
48.213
48.2176
48.2221
48.2266
48.2311
48.2356
48.2396
48.2446
48.2489
48.2533
48.2575
48.2624
48.2666
48.2708
48.2754
48.2794
48.284
48.2883
48.2923
48.2969
48.3013
48.3058
48.3103
48.3148
48.319
48.3237
48.3279
48.3327
48.337
48.3417
48.3457
48.35
48.3551
48.3598
48.364
48.3682
48.3724
48.3772
48.3814
48.3868
48.3913
48.3955
48.4002
48.405
48.4092
48.4136
48.4189
48.4237
48.4283
48.4326
48.437
48.4417
48.4461
48.4498
48.4541
48.4584
48.4629
48.4669
48.4713
48.4757
48.48
48.4846
48.4891
48.4936
48.4979
48.5029
48.5076
48.5124
48.5167
48.5216
48.5262
48.5312
48.5359
48.5406
48.5455
48.5497
48.5546
48.559
48.564
48.568
48.5725
48.5775
48.5819
48.5863
48.5907
48.5953
48.5999
48.6051
48.6098
48.6142
48.6188
48.6232
48.6278
48.6325
48.637
48.6418
48.6466
48.6516
48.6565
48.6609
48.666
48.6707
48.6753
48.6795
48.6841
48.6892
48.6932
48.6979
48.7022
48.7063
48.7106
48.7156
48.7204
48.725
48.7295
48.7341
48.7379
48.742
48.7472
48.752
48.7567
48.7609
48.7657
48.7701
48.7749
48.7796
48.7844
48.7893
48.7937
48.7981
48.8027
48.8078
48.8121
48.8172
48.8219
48.8259
48.8303
48.8344
48.8391
48.8434
48.848
48.8526
48.8572
48.8622
48.867
48.871
48.8749
48.8794
48.8836
48.8883
48.893
48.8976
48.9019
48.9065
48.9109
48.9156
48.92
48.9247
48.9299
48.9349
48.939
48.9433
48.9477
48.9523
48.9572
48.9619
48.9666
48.9711
48.9759
48.9806
48.9854
48.9899
48.995
49.0001
49.0049
49.0089
49.0132
49.0178
49.0225
49.0269
49.0314
49.0361
49.0405
49.0452
49.0501
49.055
49.0601
49.0646
49.0695
49.0742
49.0789
49.0839
49.0884
49.0923
49.0972
49.1018
49.1061
49.111
49.1157
49.1209
49.1252
49.1301
49.1346
49.1387
49.1438
49.1482
49.1528
49.1574
49.1614
49.1659
49.1701
49.1747
49.1794
49.1838
49.1888
49.1931
49.1982
49.2028
49.2073
49.2117
49.2171
49.2214
49.226
49.2307
49.2356
49.2408
49.2451
49.2501
49.2549
49.2594
49.2643
49.2695
49.2743
49.2788
49.2832
49.2881
49.2929
49.2975
49.3029
49.3076
49.3118
49.3159
49.3206
49.3256
49.3304
49.3351
49.3398
49.3449
49.3495
49.3544
49.3593
49.3633
49.3676
49.372
49.3764
49.3813
49.3859
49.3906
49.3953
49.3998
49.4044
49.4089
49.414
49.4191
49.4241
49.4283
49.4332
49.4376
49.4422
49.4472
49.4515
49.4566
49.4615
49.4663
49.4711
49.4758
49.4806
49.4859
49.4905
49.4955
49.4998
49.5042
49.5089
49.5142
49.5194
49.524
49.5288
49.5335
49.5388
49.5434
49.5486
49.5536
49.5579
49.5625
49.5676
49.5728
49.5773
49.5818
49.586
49.5906
49.5952
49.6002
49.6047
49.6093
49.6141
49.6191
49.6239
49.6282
49.6328
49.6373
49.6415
49.6461
49.6511
49.6564
49.6614
49.6665
49.6711
49.676
49.6806
49.6856
49.6903
49.6949
49.7005
49.7052
49.71
49.7145
49.7193
49.724
49.7287
49.7331
49.7381
49.7428
49.7473
49.7522
49.7569
49.761
49.7661
49.7709
49.7754
49.78
49.7847
49.7896
49.7946
49.7998
49.8045
49.8092
49.8137
49.8183
49.8231
49.8276
49.8326
49.8374
49.8421
49.8469
49.8518
49.8564
49.8613
49.8661
49.871
49.8762
49.881
49.8856
49.8909
49.8953
49.9004
49.9049
49.9096
49.914
49.9188
49.9233
49.928
49.9335
49.9381
49.9427
49.9475
49.952
49.9564
49.9613
49.966
49.9705
49.9757
49.9809
49.9857
49.9906
49.9954
50
50.0053
50.0101
50.0149
50.02
50.0248
50.03
50.0347
50.0397
50.0451
50.0505
50.0556
50.0599
50.0652
50.0701
50.0749
50.0796
50.0846
50.0897
50.0941
50.0983
50.1034
50.1081
50.1124
50.1174
50.1223
50.1273
50.1319
50.1365
50.1413
50.1459
50.1508
50.155
50.1603
50.1655
50.1705
50.1752
50.1803
50.1855
50.1901
50.1951
50.2002
50.2055
50.2107
50.2164
50.2215
50.2259
50.2305
50.2354
50.2405
50.2452
50.2497
50.2549
50.2597
50.2641
50.2689
50.274
50.2785
50.2837
50.2882
50.2932
50.2983
50.3032
50.3078
50.3127
50.3183
50.3232
50.3282
50.3333
50.3377
50.3425
50.3473
50.3521
50.3574
50.3622
50.3672
50.3718
50.3766
50.3818
50.3868
50.3913
50.3968
50.4012
50.4063
50.411
50.4162
50.4211
50.4264
50.431
50.4355
50.4406
50.4457
50.4501
50.4549
50.4597
50.4646
50.4696
50.4744
50.4791
50.4838
50.4883
50.4935
50.4984
50.5039
50.5096
50.5143
50.5197
50.5252
50.5296
50.535
50.5398
50.5446
50.5499
50.5553
50.5607
50.5657
50.5708
50.5762
50.5808
50.586
50.5912
50.5962
50.6016
50.6062
50.6107
50.6162
50.6209
50.6259
50.6308
50.6357
50.6405
50.6455
50.6499
50.6553
50.6603
50.6649
50.6695
50.6746
50.6795
50.6849
50.6905
50.6951
50.7005
50.7051
50.7101
50.7153
50.72
50.7252
50.7309
50.7355
50.7404
50.7454
50.7507
50.7557
50.7606
50.7654
50.77
50.7751
50.7807
50.7859
50.7911
50.7966
50.8025
50.8088
50.8139
50.8185
50.8233
50.8285
50.8333
50.8388
50.8437
50.849
50.854
50.8587
50.864
50.8698
50.8753
50.8811
50.8866
50.8925
50.8978
50.9025
50.908
50.9136
50.9187
50.9233
50.9291
50.9337
50.9386
50.9435
50.949
50.9538
50.959
50.9637
50.9686
50.9748
50.9797
50.9851
50.9901
50.9951
51.0001
51.005
51.0102
51.0158
51.0214
51.0271
51.0326
51.0378
51.0428
51.0475
51.0528
51.058
51.0629
51.0675
51.0733
51.0791
51.0848
51.0898
51.0955
51.1005
51.106
51.1119
51.1176
51.1226
51.1276
51.1329
51.1382
51.1434
51.1487
51.1534
51.1583
51.1634
51.1679
51.1737
51.179
51.1844
51.1901
51.1961
51.2015
51.207
51.2124
51.2176
51.2232
51.2287
51.2337
51.2392
51.2448
51.2504
51.2558
51.2605
51.2664
51.2713
51.2769
51.2821
51.2872
51.2923
51.2976
51.3027
51.3085
51.3138
51.3194
51.3248
51.3303
51.3356
51.3412
51.3463
51.3519
51.3569
51.3626
51.3679
51.3739
51.3791
51.3844
51.3901
51.3955
51.4004
51.4049
51.4105
51.4159
51.421
51.4258
51.4318
51.4371
51.4423
51.4478
51.4532
51.4587
51.4636
51.4693
51.4749
51.4803
51.4849
51.49
51.4952
51.5007
51.506
51.5115
51.5168
51.5218
51.5269
51.532
51.537
51.5419
51.5469
51.5523
51.558
51.5634
51.5684
51.5744
51.5796
51.5844
51.5895
51.5949
51.6003
51.6057
51.6118
51.6166
51.6223
51.6281
51.6337
51.6394
51.645
51.6505
51.6562
51.6615
51.6678
51.6733
51.6783
51.6829
51.6892
51.6949
51.7003
51.7053
51.7108
51.7166
51.722
51.7279
51.7331
51.739
51.7442
51.7498
51.7556
51.7619
51.7673
51.7734
51.7794
51.7848
51.7904
51.7956
51.802
51.8075
51.8128
51.818
51.823
51.8287
51.8339
51.8394
51.8452
51.851
51.8561
51.8616
51.8673
51.873
51.8786
51.8841
51.8898
51.8954
51.9014
51.9067
51.9122
51.9178
51.9233
51.9293
51.935
51.9412
51.9469
51.9524
51.9582
51.9643
51.97
51.9756
51.9809
51.9861
51.9918
51.9972
52.0027
52.0081
52.0136
52.0192
52.0255
52.0304
52.0364
52.0414
52.0477
52.0535
52.0593
52.065
52.0715
52.077
52.0823
52.0876
52.0933
52.0982
52.104
52.1089
52.1149
52.1205
52.1267
52.1321
52.1374
52.1428
52.1482
52.1542
52.1601
52.1661
52.1716
52.1779
52.184
52.1894
52.196
52.2012
52.2065
52.2124
52.2176
52.2234
52.2298
52.2359
52.2417
52.2484
52.2541
52.2603
52.2666
52.2726
52.2776
52.2836
52.2897
52.296
52.3027
52.3093
52.3153
52.3219
52.3273
52.3338
52.3397
52.3455
52.3515
52.3572
52.3631
52.3686
52.3748
52.3815
52.3877
52.3939
52.3995
52.4058
52.4114
52.4174
52.4235
52.4294
52.4355
52.4408
52.4468
52.4537
52.4586
52.4639
52.4696
52.4752
52.4812
52.4872
52.4933
52.5001
52.5059
52.512
52.5177
52.5234
52.53
52.5359
52.5407
52.5469
52.5525
52.5586
52.5643
52.5705
52.5756
52.5814
52.5876
52.5933
52.5999
52.6062
52.6115
52.6181
52.6244
52.6308
52.6375
52.643
52.6491
52.6549
52.661
52.6671
52.6741
52.6809
52.6867
52.6922
52.699
52.7052
52.7108
52.7168
52.7231
52.7288
52.7348
52.7416
52.7476
52.754
52.76
52.7653
52.7709
52.7768
52.7826
52.7891
52.7949
52.8014
52.8079
52.8139
52.8198
52.8261
52.8321
52.8388
52.8446
52.851
52.8574
52.864
52.8709
52.8768
52.8822
52.8886
52.8957
52.9018
52.9082
52.9144
52.9212
52.928
52.9345
52.941
52.9477
52.954
52.9604
52.9668
52.9733
52.9792
52.9857
52.9921
52.9977
53.0046
53.0111
53.0182
53.0248
53.031
53.0368
53.0436
53.0494
53.0559
53.0625
53.0685
53.0738
53.0798
53.0863
53.0934
53.0999
53.1058
53.1123
53.1193
53.1256
53.132
53.1387
53.1445
53.1508
53.1569
53.1631
53.1693
53.1762
53.1833
53.1892
53.1959
53.2016
53.2077
53.2142
53.2213
53.228
53.2342
53.2412
53.2477
53.2536
53.2597
53.2657
53.2726
53.2794
53.2871
53.2947
53.3008
53.3075
53.314
53.3213
53.3274
53.3345
53.3414
53.348
53.3546
53.3611
53.3675
53.3744
53.3817
53.3887
53.3954
53.4015
53.4085
53.4154
53.4224
53.4287
53.4354
53.4412
53.448
53.4541
53.4614
53.4673
53.4735
53.4796
53.4863
53.4931
53.4988
53.5049
53.5117
53.5186
53.5262
53.5335
53.5402
53.5477
53.5543
53.5606
53.5674
53.5735
53.5797
53.5867
53.5928
53.6002
53.6078
53.6147
53.6207
53.6276
53.6351
53.6418
53.6481
53.6541
53.6606
53.6675
53.6749
53.682
53.6893
53.6961
53.7022
53.7089
53.7153
53.7221
53.7285
53.7349
53.7415
53.7488
53.7561
53.7625
53.7695
53.7757
53.7835
53.79
53.7961
53.8025
53.8101
53.8172
53.824
53.8306
53.8378
53.8449
53.8528
53.8595
53.8668
53.8731
53.8797
53.8867
53.894
53.9017
53.9093
53.9165
53.9237
53.9303
53.9375
53.9448
53.9525
53.9596
53.9674
53.9741
53.9809
53.9876
53.9948
54.0024
54.0091
54.0165
54.0243
54.0313
54.0385
54.0454
54.0533
54.0602
54.0667
54.0737
54.0811
54.0888
54.0963
54.1038
54.111
54.119
54.1258
54.1329
54.1399
54.1476
54.1548
54.1621
54.1701
54.1775
54.1851
54.1921
54.2005
54.2076
54.2149
54.2213
54.229
54.2365
54.244
54.2515
54.2585
54.2653
54.2735
54.2816
54.2881
54.2957
54.3028
54.3092
54.3171
54.3252
54.3327
54.3395
54.346
54.3536
54.3605
54.3685
54.3763
54.3841
54.3913
54.3976
54.4052
54.4123
54.4196
54.4272
54.4341
54.4415
54.4497
54.4573
54.4644
54.4729
54.482
54.4893
54.4966
54.5048
54.5123
54.5207
54.5281
54.5352
54.5434
54.5513
54.5605
54.568
54.576
54.584
54.5922
54.5993
54.6069
54.6144
54.6213
54.6294
54.6374
54.6455
54.6533
54.6605
54.6683
54.6759
54.6838
54.6911
54.6989
54.708
54.7158
54.7236
54.7325
54.7412
54.7492
54.7565
54.7653
54.7731
54.7815
54.7894
54.7969
54.8039
54.8121
54.8199
54.8271
54.8349
54.8426
54.8509
54.8591
54.8674
54.8754
54.8831
54.8907
54.8989
54.9073
54.9148
54.922
54.9292
54.9372
54.9457
54.9551
54.9642
54.9723
54.9805
54.9887
54.997
55.0057
55.0141
55.0214
55.0284
55.0369
55.0445
55.0524
55.061
55.0694
55.0774
55.0868
55.0951
55.1029
55.1126
55.1213
55.1296
55.1373
55.1459
55.1552
55.1633
55.1722
55.1809
55.1898
55.1986
55.207
55.2145
55.2236
55.2313
55.241
55.25
55.2581
55.2666
55.2742
55.2827
55.2917
55.3006
55.3093
55.3177
55.3261
55.3352
55.3433
55.3517
55.361
55.3683
55.377
55.3862
55.3957
55.4053
55.4138
55.4226
55.4306
55.4396
55.4489
55.4573
55.4655
55.4734
55.4816
55.4898
55.4992
55.5092
55.5185
55.5292
55.5375
55.5465
55.5557
55.5646
55.573
55.5816
55.5898
55.5982
55.6071
55.616
55.6246
55.6327
55.642
55.6508
55.66
55.6686
55.678
55.6863
55.6957
55.7044
55.7133
55.723
55.7316
55.7406
55.7501
55.7589
55.7683
55.7771
55.7872
55.7956
55.8046
55.8135
55.8231
55.831
55.8403
55.8499
55.8597
55.869
55.8777
55.8878
55.897
55.9074
55.916
55.925
55.9334
55.9423
55.9521
55.9607
55.9703
55.9793
55.9884
55.9977
56.007
56.0161
56.0255
56.0353
56.045
56.0563
56.0665
56.0761
56.0859
56.0947
56.1051
56.1162
56.1258
56.1374
56.1471
56.1582
56.1671
56.1771
56.1867
56.1965
56.2056
56.2146
56.2248
56.2351
56.2444
56.255
56.2653
56.2754
56.2845
56.2939
56.3043
56.3142
56.3249
56.334
56.3442
56.3537
56.3639
56.3744
56.384
56.3954
56.4056
56.416
56.4267
56.4366
56.4465
56.4578
56.4682
56.4793
56.4903
56.5003
56.5108
56.5224
56.5339
56.544
56.5544
56.5647
56.5756
56.5848
56.5954
56.6065
56.6174
56.6281
56.6383
56.6492
56.6601
56.67
56.6798
56.6909
56.7031
56.7157
56.7273
56.7373
56.749
56.7597
56.7721
56.7827
56.795
56.806
56.8165
56.8279
56.8391
56.8488
56.8595
56.8695
56.8796
56.8898
56.9015
56.9127
56.9246
56.9367
56.9481
56.9609
56.9717
56.9828
56.9947
57.0065
57.0174
57.028
57.039
57.0495
57.061
57.0724
57.0838
57.0955
57.1074
57.1175
57.1289
57.1394
57.1523
57.163
57.1731
57.184
57.1939
57.2059
57.2179
57.2303
57.2424
57.2547
57.2652
57.2761
57.2882
57.2997
57.3119
57.3243
57.3376
57.3486
57.3602
57.3716
57.3842
57.3975
57.4093
57.4216
57.4335
57.4466
57.4589
57.4705
57.4833
57.4942
57.5062
57.5183
57.5298
57.5431
57.5555
57.5671
57.5801
57.5918
57.6039
57.6168
57.6289
57.6403
57.6522
57.6639
57.6771
57.6895
57.7023
57.7145
57.7286
57.7421
57.754
57.7667
57.7784
57.7932
57.805
57.8178
57.8307
57.8451
57.8591
57.8705
57.8819
57.8934
57.9052
57.9195
57.9321
57.9445
57.9566
57.9694
57.9834
57.9956
58.0086
58.0227
58.0359
58.0484
58.0622
58.0752
58.0863
58.1003
58.1142
58.1282
58.141
58.1528
58.1658
58.1797
58.1952
58.2108
58.2246
58.2395
58.2534
58.269
58.2825
58.2963
58.3113
58.3257
58.3409
58.3569
58.3714
58.3857
58.3989
58.4113
58.425
58.4387
58.4529
58.4676
58.4826
58.4979
58.5119
58.5267
58.5409
58.5549
58.5678
58.5838
58.5981
58.613
58.6285
58.6422
58.657
58.6715
58.6864
58.7015
58.7153
58.7291
58.743
58.7559
58.7708
58.7863
58.8005
58.8162
58.8326
58.8492
58.8636
58.8818
58.8983
58.9117
58.9273
58.943
58.96
58.9747
58.991
59.0069
59.0235
59.0397
59.0558
59.0723
59.0893
59.1069
59.123
59.1397
59.156
59.1725
59.1894
59.2064
59.2228
59.2387
59.2568
59.2729
59.2914
59.3099
59.3276
59.346
59.3635
59.3788
59.3942
59.4126
59.4288
59.447
59.4642
59.4809
59.4968
59.5143
59.5314
59.5498
59.5677
59.5856
59.6029
59.6194
59.6388
59.6552
59.675
59.694
59.7129
59.7312
59.7503
59.7687
59.7871
59.8049
59.8238
59.8452
59.8653
59.8853
59.9047
59.9222
59.9418
59.9616
59.9829
60.0025
60.0214
60.0415
60.0592
60.0782
60.0992
60.1179
60.1365
60.1552
60.1769
60.1997
60.2221
60.2421
60.2631
60.283
60.3016
60.3231
60.3462
60.3666
60.3903
60.41
60.4307
60.4515
60.472
60.4954
60.5201
60.5422
60.5643
60.5903
60.6124
60.6363
60.6601
60.6854
60.7085
60.7312
60.7545
60.7784
60.8035
60.8282
60.8526
60.8754
60.9016
60.9269
60.9501
60.9766
61.0019
61.028
61.0509
61.0737
61.0959
61.1268
61.151
61.1761
61.1994
61.2253
61.2506
61.2804
61.306
61.3299
61.3531
61.3811
61.4064
61.435
61.463
61.4893
61.5163
61.5474
61.579
61.6079
61.636
61.6624
61.6938
61.7207
61.7468
61.7805
61.8105
61.8411
61.8739
61.9093
61.9424
61.9712
62.0086
62.0413
62.078
62.1064
62.142
62.1788
62.2186
62.2546
62.2893
62.323
62.3576
62.3978
62.4326
62.4716
62.5086
62.5462
62.5842
62.6231
62.6624
62.6979
62.7364
62.7748
62.8142
62.8576
62.8972
62.9385
62.9752
63.0208
63.0639
63.1056
63.1483
63.1909
63.2304
63.272
63.3206
63.3648
63.4169
63.4599
63.5074
63.5545
63.5983
63.6476
63.6937
63.7469
63.7953
63.836
63.8892
63.9366
63.9882
64.0395
64.0853
64.1426
64.199
64.2485
64.3087
64.3663
64.4232
64.4833
64.5414
64.5991
64.6661
64.7286
64.7858
64.8498
64.91
64.9732
65.0419
65.1042
65.1676
65.2295
65.2959
65.3661
65.4377
65.5148
65.5936
65.6659
65.7453
65.8256
65.9094
65.9897
66.065
66.1519
66.235
66.3223
66.4112
66.498
66.5941
66.6857
66.7826
66.8761
66.9935
67.1008
67.2024
67.3167
67.4299
67.5514
67.6818
67.8111
67.9389
68.0753
68.2102
68.3498
68.4915
68.6408
68.8037
68.9456
69.1078
69.2731
69.4498
69.624
69.8156
70.0094
70.2213
70.4386
70.655
70.8896
71.1375
71.4037
71.6807
72.0095
72.4023
72.7765
73.3436
73.9812
74.8658
80.8398
