1
3
3.5
3.83333
4.33333
4.73333
4.73333
4.87619
5.25119
5.47341
7.66956
9.19545
11.3894
14.2542
16.9086
18.5956
20.1078
21.5086
22.7673
23.7735
24.7387
25.4939
26.2939
26.9019
27.5482
28.1658
28.7159
29.1847
29.6721
30.1236
30.5444
30.95
31.3553
31.7365
32.1688
32.5403
32.8851
33.2142
33.5677
33.8562
34.2034
34.4673
34.7901
35.0995
35.4071
35.7002
35.9839
36.276
36.539
36.8328
37.0856
37.3488
37.6185
37.8586
38.1015
38.3487
38.6088
38.8324
39.0774
39.3081
39.5286
39.7498
39.959
40.1624
40.3818
40.587
40.7852
40.97
41.1526
41.3396
41.5115
41.7093
41.8665
42.0369
42.2081
42.3668
42.5184
42.6746
42.8333
42.9842
43.1491
43.3145
43.4849
43.6355
43.7939
43.9373
44.099
44.2473
44.3952
44.5465
44.6896
44.8373
44.9795
45.111
45.239
45.3792
45.5182
45.6662
45.8121
45.9721
46.1105
46.2441
46.3775
46.5255
46.6707
46.8119
46.9506
47.0822
47.2139
47.3427
47.4682
47.5912
47.7189
47.8345
47.9713
48.088
48.2074
48.3312
48.4555
48.5978
48.7091
48.8194
48.9396
49.0557
49.1882
49.3021
49.426
49.5508
49.6711
49.8012
49.9249
50.0568
50.1694
50.2855
50.4105
50.5358
50.6477
50.7588
50.8706
50.9977
51.1035
51.2224
51.3295
51.4421
51.5547
51.6656
51.7654
51.8638
51.9725
52.0902
52.1948
52.296
52.402
52.4966
52.6083
52.7146
52.8229
52.9296
53.0318
53.1543
53.2628
53.3809
53.4874
53.5903
53.6928
53.7809
53.875
53.9806
54.0761
54.172
54.2712
54.3595
54.4589
54.5557
54.6464
54.753
54.8524
54.9457
55.0412
55.1412
55.234
55.3247
55.4135
55.5132
55.606
55.6956
55.8052
55.8891
55.9806
56.0693
56.1522
56.2458
56.329
56.4283
56.5177
56.5984
56.6861
56.7724
56.8641
56.9482
57.0394
57.1285
57.2162
57.3014
57.3893
57.4809
57.5737
57.6654
57.7579
57.8392
57.9237
58.0117
58.0855
58.1611
58.243
58.3374
58.4204
58.5053
58.5983
58.686
58.7725
58.8526
58.9291
59.0182
59.1068
59.1906
59.2803
59.3656
59.4448
59.5214
59.6002
59.6783
59.7603
59.8471
59.9218
60.0066
60.0871
60.1687
60.2511
60.3305
60.4056
60.4951
60.5684
60.6469
60.7208
60.796
60.8715
60.9417
61.0131
61.0907
61.167
61.248
61.3307
61.4124
61.4943
61.5645
61.6449
61.7157
61.7969
61.8619
61.9347
62.0117
62.0759
62.1548
62.2272
62.3003
62.3719
62.444
62.5226
62.5929
62.6616
62.7253
62.7934
62.86
62.9266
62.9929
63.062
63.1293
63.1936
63.2564
63.3243
63.3907
63.4595
63.5263
63.5938
63.6608
63.7221
63.7859
63.8519
63.9164
63.9799
64.0436
64.1051
64.1672
64.2293
64.2952
64.357
64.4178
64.4725
64.5361
64.5972
64.6576
64.7201
64.7796
64.8367
64.8976
64.9494
65.0127
65.0717
65.1236
65.1781
65.2363
65.2896
65.3403
65.404
65.4596
65.516
65.5683
65.6229
65.6813
65.7301
65.7864
65.8407
65.8959
65.9476
65.9967
66.0561
66.1063
66.1586
66.2093
66.2591
66.3136
66.3708
66.4223
66.4765
66.5347
66.5834
66.6325
66.6833
66.7385
66.7955
66.8463
66.8943
66.9425
66.9934
67.0472
67.0949
67.1436
67.1951
67.2527
67.3056
67.3547
67.4034
67.4515
67.4974
67.5432
67.5923
67.6374
67.6891
67.7408
67.7927
67.8368
67.8902
67.9381
67.9844
68.0285
68.0729
68.1204
68.1684
68.2263
68.2722
68.3184
68.3722
68.4217
68.4742
68.5254
68.5777
68.6312
68.6782
68.7235
68.7728
68.8198
68.871
68.9196
68.9672
69.0193
69.0668
69.112
69.1588
69.211
69.2607
69.3048
69.3573
69.4073
69.4585
69.5085
69.5582
69.6121
69.6537
69.7055
69.755
69.8033
69.854
69.8939
69.9527
69.9987
70.0475
70.0979
70.1466
70.191
70.2404
70.2928
70.3437
70.3944
70.4445
70.4957
70.5438
70.593
70.6459
70.6959
70.7472
70.7903
70.8395
70.8874
70.9359
70.983
71.0312
71.0804
71.1272
71.1771
71.2255
71.2781
71.3247
71.3726
71.4229
71.4765
71.5213
71.5701
71.6196
71.6729
71.7228
71.771
71.8187
71.87
71.9193
71.9685
72.0217
72.0728
72.122
72.1721
72.2242
72.2717
72.3237
72.3773
72.4232
72.4674
72.5148
72.5634
72.6114
72.6607
72.7154
72.7607
72.81
72.8622
72.9129
72.9608
73.0133
73.0585
73.1104
73.1593
73.2079
73.2567
73.3022
73.3562
73.4079
73.4599
73.5068
73.5555
73.6092
73.6608
73.7124
73.7608
73.8104
73.8598
73.9096
73.9595
74.0106
74.0574
74.1087
74.1572
74.2134
74.2665
74.3161
74.3652
74.413
74.4637
74.5138
74.5658
74.6193
74.6705
74.72
74.7671
74.8167
74.8663
74.9099
74.9579
75.0074
75.0594
75.109
75.1572
75.2074
75.257
75.306
75.3556
75.4022
75.452
75.5018
75.5546
75.601
75.6473
75.6965
75.7434
75.7899
75.8339
75.887
75.939
75.9865
76.0372
76.0827
76.1369
76.1826
76.2333
76.2891
76.341
76.3874
76.437
76.486
76.5302
76.581
76.6393
76.6912
76.7416
76.7872
76.8342
76.884
76.9371
76.9877
77.0399
77.0908
77.1461
77.1984
77.2503
77.2995
77.3541
77.4111
77.4668
77.519
77.5727
77.6232
77.679
77.7287
77.7799
77.8348
77.8878
77.9374
77.9835
78.0336
78.0874
78.1392
78.1935
78.2466
78.2936
78.3379
78.384
78.438
78.4956
78.5426
78.5898
78.6488
78.7005
78.754
78.8034
78.8552
78.9043
78.9521
79.0085
79.0617
79.1105
79.1588
79.2088
79.2562
79.3083
79.3603
79.4074
79.4541
79.4992
79.5544
79.612
79.6589
79.7096
79.759
79.8126
79.8587
79.9087
79.9575
80.0087
80.0651
80.115
80.1697
80.2181
80.2661
80.3254
80.3785
80.4268
80.4732
80.526
80.5748
80.6299
80.6771
80.7342
80.7829
80.8351
80.8917
80.9442
80.9952
81.0491
81.0989
81.1501
81.199
81.2505
81.3007
81.351
81.4049
81.4584
81.5115
81.5631
81.6149
81.6676
81.7179
81.7698
81.813
81.8651
81.9195
81.9795
82.0357
82.0891
82.1424
82.1923
82.2442
82.296
82.3413
82.3918
82.4419
82.4937
82.54
82.5926
82.6447
82.7018
82.7572
82.8123
82.8641
82.9144
82.9658
83.0199
83.0728
83.1293
83.1801
83.2322
83.2865
83.3351
83.3849
83.438
83.4883
83.5407
83.5969
83.6443
83.6953
83.748
83.7983
83.8589
83.9121
83.9641
84.0143
84.0615
84.1118
84.1638
84.2134
84.2642
84.3154
84.366
84.4143
84.4649
84.5187
84.5671
84.622
84.6785
84.7309
84.7832
84.836
84.8851
84.934
84.9886
85.0446
85.095
85.145
85.1995
85.2494
85.3006
85.3531
85.4044
85.4617
85.5138
85.5667
85.6217
85.6717
85.7272
85.7782
85.8284
85.8797
85.9271
85.9774
86.0349
86.0861
86.1361
86.19
86.2441
86.2922
86.3481
86.3982
86.4501
86.5002
86.5522
86.6062
86.6604
86.7093
86.7628
86.8114
86.8651
86.9192
86.9707
87.026
87.0781
87.1266
87.1814
87.2335
87.2875
87.3414
87.396
87.442
87.4938
87.55
87.6008
87.6458
87.7
87.7578
87.8064
87.8597
87.9102
87.961
88.0146
88.0712
88.1263
88.1793
88.2256
88.2766
88.3305
88.3842
88.4375
88.4899
88.5421
88.5883
88.6395
88.6855
88.7351
88.7827
88.8319
88.8835
88.9398
88.9892
89.0358
89.0811
89.1295
89.1789
89.2315
89.2788
89.3294
89.3745
89.4213
89.473
89.5255
89.5723
89.6263
89.6762
89.7246
89.7772
89.8289
89.8765
89.9246
89.9736
90.0242
90.0754
90.1241
90.1695
90.215
90.2644
90.3136
90.3642
90.4137
90.4638
90.5138
90.5617
90.6146
90.6648
90.7134
90.7656
90.8089
90.8596
90.9073
90.9522
91.003
91.0518
91.0989
91.142
91.1862
91.2329
91.28
91.3202
91.366
91.4148
91.4662
91.5108
91.5557
91.6062
91.6528
91.6988
91.7393
91.7847
91.8348
91.8735
91.9122
91.9551
92.0025
92.0443
92.0924
92.1352
92.1804
92.2217
92.2664
92.3106
92.3517
92.3954
92.4425
92.486
92.5296
92.5694
92.6069
92.6522
92.6913
92.7324
92.7717
92.8168
92.8571
92.9013
92.9362
92.9802
93.0202
93.0613
93.1051
93.1467
93.1909
93.2268
93.2656
93.3077
93.3463
93.3826
93.4228
93.4622
93.5056
93.5478
93.5856
93.6227
93.6584
93.6979
93.7363
93.773
93.8079
93.8477
93.89
93.9292
93.9663
94.005
94.0401
94.0779
94.121
94.1575
94.1951
94.2294
94.266
94.3055
94.3415
94.3754
94.41
94.445
94.4828
94.5191
94.5581
94.5979
94.6365
94.6781
94.714
94.7507
94.7822
94.8184
94.8544
94.8897
94.9244
94.9629
94.9952
95.0334
95.0661
95.1031
95.1382
95.1761
95.2107
95.2449
95.2821
95.3113
95.3435
95.3756
95.4094
95.4428
95.4778
95.5106
95.5472
95.584
95.6204
95.6537
95.6911
95.724
95.7551
95.7916
95.8244
95.8597
95.895
95.9271
95.9595
95.9954
96.0288
96.0603
96.0892
96.1224
96.1581
96.1947
96.2312
96.2671
96.3008
96.3321
96.3669
96.4013
96.4322
96.4652
96.5004
96.531
96.5637
96.5941
96.6288
96.6579
96.6917
96.7231
96.7544
96.7874
96.8189
96.8532
96.8826
96.915
96.9457
96.9759
97.0062
97.0397
97.0713
97.1019
97.1335
97.1629
97.1942
97.23
97.2595
97.2881
97.3162
97.3495
97.3816
97.4147
97.4442
97.4769
97.5062
97.536
97.5688
97.5993
97.6282
97.6618
97.6909
97.7178
97.7534
97.783
97.8141
97.8432
97.8704
97.9027
97.9335
97.9643
97.9953
98.0274
98.0564
98.0876
98.1187
98.1501
98.1824
98.2119
98.2434
98.2694
98.2974
98.3243
98.3535
98.3826
98.4122
98.4422
98.4688
98.5
98.5306
98.5604
98.5884
98.615
98.642
98.6698
98.6979
98.7283
98.7558
98.7868
98.8158
98.8429
98.8718
98.8993
98.9285
98.9566
98.9839
99.012
99.0404
99.0674
99.0936
99.1215
99.152
99.1822
99.2107
99.2366
99.2653
99.2925
99.3216
99.3487
99.3806
99.4079
99.4371
99.4629
99.4905
99.5202
99.548
99.5754
99.6039
99.6307
99.6584
99.6887
99.7124
99.7406
99.767
99.7943
99.8242
99.8503
99.8781
99.9035
99.9323
99.959
99.9867
100.012
100.04
100.068
100.094
100.12
100.148
100.178
100.203
100.229
100.253
100.282
100.313
100.339
100.366
100.394
100.422
100.448
100.475
100.501
100.528
100.552
100.578
100.604
100.629
100.654
100.68
100.706
100.729
100.754
100.781
100.806
100.832
100.859
100.885
100.911
100.937
100.962
100.989
101.014
101.038
101.064
101.088
101.112
101.14
101.164
101.189
101.215
101.24
101.264
101.289
101.315
101.341
101.367
101.391
101.418
101.439
101.464
101.489
101.514
101.54
101.565
101.591
101.616
101.639
101.665
101.691
101.716
101.741
101.765
101.791
101.817
101.842
101.865
101.892
101.915
101.94
101.964
101.989
102.013
102.037
102.06
102.084
102.109
102.131
102.154
102.174
102.197
102.221
102.245
102.272
102.295
102.322
102.346
102.37
102.394
102.418
102.444
102.472
102.497
102.519
102.543
102.568
102.591
102.614
102.64
102.663
102.686
102.709
102.731
102.752
102.774
102.797
102.821
102.847
102.87
102.893
102.916
102.94
102.963
102.987
103.008
103.031
103.053
103.075
103.099
103.119
103.142
103.163
103.189
103.211
103.233
103.257
103.279
103.303
103.323
103.343
103.366
103.388
103.412
103.434
103.458
103.481
103.504
103.529
103.55
103.574
103.598
103.62
103.645
103.666
103.689
103.709
103.733
103.755
103.78
103.803
103.827
103.848
103.871
103.893
103.917
103.939
103.96
103.982
104.005
104.028
104.048
104.07
104.094
104.117
104.139
104.161
104.184
104.206
104.23
104.25
104.272
104.293
104.315
104.339
104.36
104.382
104.405
104.426
104.447
104.469
104.491
104.514
104.535
104.559
104.58
104.604
104.627
104.648
104.668
104.688
104.71
104.73
104.753
104.777
104.798
104.82
104.839
104.863
104.886
104.909
104.93
104.954
104.976
104.997
105.018
105.038
105.058
105.081
105.104
105.125
105.147
105.169
105.192
105.214
105.235
105.256
105.281
105.303
105.324
105.343
105.368
105.39
105.41
105.432
105.452
105.474
105.497
105.519
105.54
105.56
105.582
105.606
105.627
105.65
105.671
105.694
105.714
105.733
105.755
105.778
105.797
105.819
105.841
105.861
105.883
105.903
105.923
105.946
105.966
105.986
106.005
106.026
106.045
106.066
106.088
106.11
106.131
106.152
106.175
106.194
106.215
106.237
106.257
106.278
106.299
106.318
106.341
106.363
106.385
106.405
106.425
106.445
106.467
106.485
106.506
106.527
106.547
106.565
106.586
106.606
106.629
106.65
106.671
106.691
106.714
106.734
106.756
106.776
106.8
106.82
106.839
106.86
106.879
106.898
106.919
106.942
106.963
106.984
107.005
107.025
107.044
107.065
107.086
107.107
107.127
107.148
107.168
107.189
107.206
107.228
107.249
107.271
107.291
107.315
107.337
107.36
107.382
107.403
107.424
107.444
107.466
107.487
107.509
107.53
107.55
107.57
107.589
107.609
107.626
107.646
107.666
107.686
107.707
107.728
107.749
107.769
107.792
107.812
107.835
107.856
107.875
107.896
107.917
107.937
107.959
107.98
108.001
108.019
108.042
108.063
108.083
108.105
108.127
108.147
108.166
108.189
108.209
108.232
108.254
108.274
108.295
108.318
108.34
108.362
108.383
108.402
108.423
108.442
108.461
108.481
108.502
108.521
108.539
108.561
108.584
108.603
108.626
108.647
108.665
108.688
108.708
108.729
108.749
108.771
108.791
108.812
108.833
108.855
108.88
108.899
108.92
108.941
108.963
108.982
109.003
109.022
109.042
109.063
109.082
109.104
109.126
109.143
109.163
109.185
109.208
109.228
109.25
109.268
109.289
109.308
109.328
109.349
109.372
109.393
109.415
109.436
109.456
109.476
109.494
109.516
109.536
109.557
109.577
109.597
109.618
109.637
109.656
109.678
109.698
109.717
109.735
109.756
109.776
109.796
109.818
109.839
109.859
109.878
109.897
109.918
109.938
109.957
109.981
110.003
110.02
110.04
110.059
110.079
110.099
110.118
110.136
110.157
110.178
110.197
110.218
110.24
110.262
110.281
110.302
110.322
110.34
110.361
110.382
110.401
110.422
110.444
110.465
110.487
110.507
110.525
110.546
110.566
110.586
110.605
110.624
110.643
110.663
110.682
110.703
110.725
110.745
110.762
110.782
110.804
110.823
110.844
110.862
110.883
110.904
110.924
110.948
110.968
110.986
111.007
111.026
111.045
111.066
111.087
111.106
111.128
111.149
111.168
111.187
111.207
111.228
111.248
111.269
111.288
111.308
111.326
111.345
111.366
111.387
111.408
111.43
111.45
111.469
111.49
111.51
111.53
111.55
111.568
111.586
111.609
111.628
111.645
111.665
111.686
111.706
111.728
111.747
111.769
111.787
111.806
111.828
111.847
111.865
111.885
111.904
111.923
111.943
111.964
111.984
112.002
112.021
112.042
112.06
112.079
112.099
112.117
112.138
112.157
112.176
112.192
112.212
112.232
112.252
112.273
112.292
112.311
112.331
112.352
112.374
112.394
112.415
112.435
112.456
112.475
112.496
112.518
112.536
112.558
112.579
112.6
112.619
112.639
112.661
112.68
112.699
112.718
112.737
112.758
112.777
112.798
112.819
112.841
112.86
112.879
112.9
112.921
112.941
112.96
112.982
113
113.019
113.038
113.059
113.078
113.099
113.12
113.14
113.161
113.182
113.201
113.219
113.238
113.256
113.277
113.295
113.313
113.332
113.354
113.375
113.394
113.414
113.436
113.456
113.473
113.494
113.512
113.53
113.55
113.571
113.59
113.611
113.631
113.651
113.67
113.691
113.71
113.73
113.749
113.769
113.79
113.811
113.83
113.85
113.869
113.888
113.911
113.929
113.948
113.968
113.989
114.008
114.028
114.046
114.064
114.085
114.104
114.122
114.142
114.161
114.179
114.199
114.217
114.237
114.257
114.279
114.298
114.318
114.335
114.355
114.376
114.395
114.414
114.435
114.457
114.475
114.495
114.516
114.537
114.557
114.575
114.596
114.615
114.636
114.654
114.674
114.694
114.714
114.734
114.754
114.774
114.793
114.81
114.829
114.849
114.868
114.887
114.906
114.927
114.947
114.966
114.986
115.008
115.028
115.046
115.067
115.086
115.105
115.125
115.147
115.167
115.185
115.206
115.225
115.245
115.264
115.284
115.304
115.323
115.342
115.361
115.38
115.402
115.42
115.44
115.458
115.478
115.499
115.516
115.538
115.557
115.575
115.595
115.615
115.636
115.653
115.673
115.693
115.71
115.73
115.751
115.77
115.79
115.812
115.83
115.849
115.868
115.884
115.904
115.923
115.943
115.962
115.981
116
116.022
116.043
116.063
116.082
116.102
116.12
116.14
116.158
116.178
116.201
116.22
116.241
116.258
116.277
116.297
116.318
116.338
116.356
116.376
116.397
116.417
116.436
116.455
116.474
116.494
116.513
116.533
116.553
116.574
116.594
116.614
116.635
116.655
116.676
116.697
116.714
116.734
116.752
116.771
116.789
116.807
116.825
116.843
116.861
116.881
116.899
116.919
116.939
116.957
116.976
116.996
117.016
117.037
117.056
117.077
117.099
117.119
117.137
117.156
117.177
117.196
117.215
117.233
117.254
117.273
117.292
117.312
117.328
117.346
117.365
117.386
117.405
117.422
117.444
117.463
117.483
117.505
117.523
117.543
117.56
117.58
117.6
117.619
117.637
117.655
117.674
117.695
117.715
117.732
117.749
117.77
117.789
117.807
117.825
117.842
117.861
117.88
117.9
117.917
117.936
117.957
117.976
117.995
118.013
118.031
118.05
118.072
118.092
118.113
118.131
118.15
118.169
118.188
118.204
118.223
118.244
118.263
118.281
118.298
118.318
118.335
118.353
118.373
118.392
118.412
118.432
118.451
118.47
118.491
118.509
118.528
118.55
118.567
118.589
118.608
118.627
118.647
118.666
118.683
118.702
118.72
118.74
118.758
118.777
118.797
118.816
118.836
118.855
118.872
118.893
118.914
118.934
118.953
118.973
118.991
119.01
119.031
119.048
119.066
119.085
119.103
119.122
119.141
119.161
119.178
119.198
119.219
119.238
119.257
119.276
119.295
119.315
119.336
119.356
119.376
119.395
119.414
119.436
119.453
119.471
119.489
119.506
119.525
119.543
119.562
119.579
119.601
119.618
119.635
119.655
119.674
119.694
119.714
119.73
119.75
119.767
119.786
119.807
119.827
119.847
119.867
119.884
119.905
119.922
119.94
119.959
119.979
119.999
120.02
120.036
120.055
120.075
120.095
120.114
120.133
120.151
120.172
120.193
120.212
120.229
120.248
120.265
120.285
120.303
120.323
120.34
120.36
120.379
120.4
120.422
120.442
120.464
120.483
120.501
120.523
120.545
120.563
120.581
120.601
120.62
120.64
120.66
120.679
120.698
120.717
120.738
120.758
120.777
120.795
120.815
120.835
120.855
120.877
120.897
120.916
120.936
120.954
120.974
120.995
121.012
121.033
121.054
121.07
121.091
121.11
121.131
121.148
121.166
121.184
121.205
121.226
121.244
121.264
121.286
121.307
121.324
121.344
121.362
121.38
121.398
121.417
121.436
121.456
121.476
121.494
121.517
121.536
121.556
121.574
121.593
121.613
121.631
121.649
121.666
121.688
121.708
121.727
121.745
121.763
121.782
121.802
121.819
121.838
121.858
121.877
121.898
121.92
121.94
121.959
121.977
121.996
122.016
122.035
122.054
122.073
122.095
122.115
122.135
122.154
122.172
122.191
122.21
122.232
122.252
122.273
122.293
122.313
122.331
122.349
122.368
122.389
122.408
122.428
122.449
122.469
122.492
122.511
122.529
122.546
122.567
122.586
122.605
122.625
122.644
122.66
122.679
122.697
122.717
122.735
122.754
122.773
122.794
122.815
122.833
122.851
122.868
122.888
122.91
122.929
122.947
122.967
122.988
123.008
123.027
123.047
123.069
123.088
123.108
123.124
123.145
123.163
123.183
123.203
123.224
123.242
123.261
123.278
123.296
123.315
123.333
123.354
123.375
123.393
123.413
123.434
123.451
123.468
123.487
123.506
123.525
123.543
123.563
123.58
123.598
123.616
123.635
123.653
123.674
123.692
123.712
123.73
123.752
123.772
123.791
123.811
123.83
123.849
123.869
123.887
123.905
123.925
123.946
123.967
123.986
124.006
124.026
124.043
124.062
124.081
124.1
124.119
124.138
124.158
124.179
124.199
124.216
124.234
124.253
124.268
124.287
124.305
124.323
124.342
124.363
124.384
124.404
124.422
124.442
124.461
124.479
124.498
124.516
124.535
124.553
124.572
124.591
124.609
124.629
124.647
124.668
124.686
124.705
124.724
124.745
124.765
124.785
124.805
124.825
124.844
124.863
124.881
124.899
124.917
124.936
124.954
124.976
124.994
125.014
125.032
125.051
125.069
125.086
125.103
125.123
125.142
125.161
125.181
125.2
125.216
125.236
125.255
125.272
125.289
125.307
125.325
125.345
125.364
125.385
125.404
125.422
125.444
125.462
125.48
125.498
125.518
125.533
125.55
125.568
125.588
125.608
125.627
125.644
125.665
125.684
125.702
125.721
125.741
125.761
125.778
125.796
125.816
125.835
125.854
125.872
125.892
125.911
125.93
125.947
125.966
125.983
126.002
126.021
126.041
126.058
126.077
126.098
126.117
126.137
126.157
126.175
126.193
126.212
126.231
126.25
126.269
126.289
126.308
126.328
126.346
126.365
126.383
126.401
126.419
126.44
126.457
126.475
126.495
126.515
126.535
126.553
126.573
126.591
126.608
126.628
126.647
126.667
126.686
126.704
126.723
126.741
126.759
126.777
126.795
126.813
126.832
126.85
126.869
126.888
126.908
126.929
126.946
126.967
126.986
127.005
127.023
127.042
127.058
127.077
127.096
127.114
127.135
127.154
127.173
127.191
127.208
127.226
127.244
127.264
127.282
127.302
127.318
127.338
127.357
127.375
127.395
127.412
127.431
127.45
127.469
127.487
127.506
127.526
127.544
127.563
127.583
127.601
127.62
127.637
127.655
127.672
127.69
127.709
127.729
127.749
127.767
127.784
127.801
127.819
127.836
127.855
127.874
127.894
127.912
127.93
127.946
127.965
127.986
128.008
128.025
128.041
128.06
128.077
128.097
128.118
128.137
128.156
128.175
128.193
128.21
128.229
128.247
128.266
128.286
128.305
128.324
128.344
128.361
128.379
128.398
128.417
128.436
128.454
128.471
128.491
128.508
128.525
128.543
128.563
128.582
128.6
128.618
128.636
128.657
128.673
128.691
128.71
128.731
128.749
128.765
128.782
128.8
128.819
128.839
128.854
128.873
128.893
128.913
128.931
128.95
128.97
128.988
129.007
129.026
129.043
129.062
129.08
129.097
129.114
129.132
129.148
129.167
129.184
129.204
129.221
129.238
129.257
129.276
129.294
129.312
129.33
129.346
129.365
129.383
129.402
129.42
129.438
129.454
129.471
129.487
129.505
129.523
129.539
129.557
129.574
129.592
129.611
129.63
129.649
129.667
129.685
129.703
129.722
129.74
129.757
129.776
129.794
129.813
129.83
129.847
129.864
129.884
129.901
129.917
129.936
129.952
129.969
129.986
130.001
130.018
130.036
130.052
130.069
130.086
130.103
130.119
130.138
130.156
130.174
130.191
130.209
130.227
130.245
130.262
130.28
130.296
130.313
130.33
130.347
130.366
130.384
130.403
130.42
130.44
130.458
130.475
130.493
130.509
130.526
130.544
130.561
130.578
130.597
130.615
130.634
130.651
130.669
130.685
130.701
130.717
130.735
130.752
130.769
130.788
130.806
130.823
130.838
130.854
130.872
130.888
130.904
130.922
130.935
130.951
130.968
130.985
131.004
131.02
131.037
131.054
131.074
131.093
131.112
131.129
131.146
131.162
131.18
131.198
131.214
131.231
131.248
131.267
131.286
131.305
131.322
131.341
131.358
131.377
131.392
131.409
131.425
131.442
131.458
131.475
131.494
131.511
131.528
131.545
131.56
131.577
131.594
131.611
131.629
131.646
131.663
131.683
131.7
131.718
131.734
131.75
131.767
131.783
131.8
131.819
131.837
131.855
131.871
131.887
131.903
131.92
131.937
131.955
131.971
131.987
132.005
132.023
132.04
132.057
132.074
132.09
132.108
132.128
132.146
132.162
132.179
132.196
132.212
132.23
132.246
132.263
132.279
132.295
132.312
132.328
132.343
132.359
132.375
132.392
132.41
132.428
132.444
132.461
132.476
132.493
132.51
132.528
132.543
132.56
132.575
132.592
132.609
132.626
132.644
132.659
132.676
132.692
132.71
132.726
132.744
132.76
132.776
132.792
132.808
132.826
132.841
132.857
132.874
132.89
132.906
132.924
132.941
132.957
132.975
132.992
133.011
133.028
133.043
133.059
133.077
133.092
133.109
133.125
133.141
133.158
133.174
133.192
133.208
133.222
133.237
133.256
133.273
133.288
133.304
133.321
133.339
133.356
133.372
133.389
133.405
133.423
133.44
133.456
133.473
133.488
133.506
133.523
133.54
133.556
133.572
133.588
133.606
133.623
133.64
133.657
133.675
133.691
133.709
133.725
133.741
133.756
133.77
133.786
133.803
133.819
133.835
133.851
133.867
133.884
133.901
133.917
133.931
133.948
133.964
133.981
133.998
134.014
134.032
134.047
134.065
134.081
134.098
134.114
134.13
134.147
134.162
134.178
134.193
134.209
134.225
134.242
134.259
134.277
134.292
134.308
134.324
134.34
134.354
134.371
134.389
134.404
134.42
134.438
134.455
134.47
134.487
134.504
134.52
134.538
134.555
134.573
134.59
134.606
134.623
134.64
134.656
134.672
134.689
134.707
134.724
134.741
134.755
134.772
134.789
134.804
134.821
134.837
134.853
134.87
134.886
134.901
134.917
134.934
134.948
134.966
134.98
134.995
135.011
135.03
135.045
135.06
135.075
135.09
135.107
135.123
135.139
135.155
135.17
135.186
135.203
135.218
135.232
135.25
135.266
135.282
135.297
135.313
135.329
135.345
135.36
135.376
135.39
135.403
135.418
135.434
135.449
135.466
135.483
135.501
135.518
135.534
135.55
135.567
135.582
135.598
135.615
135.63
135.646
135.661
135.678
135.694
135.709
135.725
135.742
135.757
135.773
135.79
135.805
135.82
135.835
135.849
135.865
135.881
135.895
135.911
135.926
135.943
135.96
135.975
135.99
136.007
136.022
136.036
136.052
136.068
136.082
136.098
136.114
136.131
136.147
136.161
136.178
136.194
136.209
136.224
136.241
136.256
136.271
136.287
136.304
136.318
136.332
136.347
136.363
136.378
136.393
136.409
136.424
136.439
136.455
136.471
136.486
136.502
136.516
136.533
136.551
136.566
136.582
136.598
136.613
136.629
136.645
136.661
136.678
136.695
136.712
136.727
136.741
136.757
136.774
136.789
136.806
136.82
136.834
136.85
136.866
136.881
136.897
136.91
136.928
136.944
136.96
136.975
136.991
137.007
137.02
137.035
137.051
137.066
137.082
137.098
137.112
137.127
137.143
137.157
137.171
137.188
137.202
137.216
137.233
137.249
137.263
137.279
137.294
137.31
137.325
137.341
137.357
137.373
137.389
137.404
137.42
137.435
137.451
137.466
137.48
137.496
137.509
137.525
137.54
137.554
137.57
137.584
137.6
137.615
137.628
137.643
137.659
137.675
137.689
137.704
137.719
137.735
137.751
137.766
137.781
137.795
137.811
137.827
137.843
137.859
137.874
137.888
137.901
137.915
137.929
137.943
137.958
137.971
137.985
137.999
138.014
138.028
138.042
138.057
138.071
138.087
138.102
138.117
138.13
138.144
138.16
138.174
138.189
138.203
138.218
138.233
138.248
138.264
138.278
138.293
138.307
138.322
138.337
138.353
138.366
138.383
138.399
138.414
138.428
138.442
138.457
138.473
138.488
138.503
138.516
138.531
138.546
138.561
138.577
138.592
138.606
138.621
138.636
138.651
138.665
138.679
138.694
138.708
138.722
138.736
138.752
138.766
138.78
138.795
138.812
138.826
138.84
138.855
138.87
138.885
138.9
138.915
138.929
138.944
138.959
138.974
138.989
139.003
139.017
139.03
139.045
139.059
139.071
139.085
139.099
139.113
139.127
139.141
139.156
139.17
139.184
139.2
139.216
139.232
139.245
139.26
139.274
139.289
139.303
139.32
139.334
139.348
139.362
139.376
139.391
139.406
139.42
139.435
139.449
139.463
139.479
139.494
139.508
139.523
139.538
139.552
139.567
139.58
139.595
139.61
139.627
139.642
139.658
139.674
139.687
139.701
139.716
139.732
139.746
139.761
139.776
139.791
139.804
139.819
139.833
139.847
139.862
139.875
139.889
139.905
139.919
139.933
139.949
139.964
139.978
139.992
140.006
140.02
140.034
140.047
140.063
140.077
140.092
140.106
140.121
140.134
140.149
140.164
140.179
140.193
140.208
140.222
140.236
140.25
140.263
140.278
140.292
140.307
140.321
140.335
140.35
140.365
140.38
140.394
140.409
140.423
140.438
140.452
140.465
140.478
140.492
140.506
140.522
140.535
140.55
140.565
140.579
140.594
140.607
140.623
140.638
140.652
140.665
140.678
140.692
140.706
140.72
140.734
140.75
140.763
140.776
140.79
140.804
140.818
140.832
140.845
140.859
140.872
140.889
140.901
140.915
140.929
140.943
140.957
140.972
140.986
141
141.016
141.031
141.045
141.06
141.074
141.088
141.102
141.116
141.13
141.143
141.157
141.171
141.184
141.199
141.213
141.23
141.243
141.256
141.27
141.286
141.299
141.312
141.326
141.34
141.355
141.369
141.383
141.398
141.411
141.425
141.44
141.453
141.468
141.481
141.496
141.511
141.525
141.54
141.555
141.569
141.582
141.595
141.608
141.622
141.637
141.649
141.663
141.678
141.692
141.708
141.721
141.735
141.748
141.761
141.775
141.79
141.803
141.818
141.832
141.845
141.86
141.875
141.889
141.904
141.918
141.932
141.945
141.958
141.972
141.986
142.001
142.014
142.027
142.041
142.054
142.069
142.083
142.096
142.112
142.125
142.14
142.155
142.169
142.184
142.197
142.209
142.222
142.236
142.25
142.264
142.277
142.29
142.304
142.317
142.331
142.346
142.36
142.377
142.39
142.405
142.419
142.432
142.445
142.459
142.472
142.486
142.501
142.516
142.53
142.545
142.559
142.574
142.587
142.6
142.613
142.626
142.641
142.656
142.67
142.684
142.697
142.71
142.725
142.739
142.75
142.765
142.78
142.794
142.808
142.822
142.834
142.848
142.861
142.876
142.89
142.903
142.917
142.932
142.945
142.959
142.974
142.988
143.001
143.015
143.03
143.043
143.056
143.07
143.083
143.098
143.113
143.125
143.139
143.151
143.164
143.179
143.192
143.205
143.218
143.232
143.245
143.258
143.271
143.283
143.296
143.311
143.324
143.336
143.35
143.364
143.377
143.392
143.406
143.42
143.434
143.449
143.463
143.479
143.492
143.506
143.52
143.533
143.548
143.56
143.573
143.587
143.601
143.616
143.63
143.643
143.658
143.673
143.685
143.699
143.712
143.725
143.739
143.753
143.766
143.779
143.794
143.808
143.822
143.835
143.849
143.862
143.877
143.891
143.905
143.92
143.934
143.949
143.963
143.976
143.99
144.005
144.019
144.033
144.048
144.062
144.074
144.088
144.103
144.117
144.13
144.144
144.158
144.172
144.184
144.199
144.213
144.227
144.242
144.253
144.267
144.281
144.294
144.309
144.321
144.336
144.348
144.361
144.375
144.388
144.402
144.415
144.429
144.443
144.457
144.47
144.485
144.498
144.512
144.525
144.537
144.55
144.563
144.575
144.588
144.603
144.616
144.631
144.645
144.658
144.672
144.685
144.699
144.712
144.726
144.739
144.754
144.767
144.781
144.795
144.808
144.823
144.835
144.849
144.862
144.875
144.888
144.9
144.913
144.926
144.939
144.952
144.965
144.98
144.994
145.007
145.021
145.034
145.047
145.059
145.073
145.088
145.101
145.114
145.126
145.14
145.153
145.169
145.182
145.196
145.209
145.221
145.234
145.248
145.26
145.273
145.286
145.3
145.314
145.327
145.341
145.353
145.365
145.378
145.393
145.407
145.42
145.434
145.448
145.461
145.474
145.487
145.5
145.513
145.527
145.539
145.551
145.564
145.577
145.589
145.601
145.614
145.626
145.641
145.653
145.666
145.679
145.692
145.705
145.717
145.731
145.742
145.757
145.77
145.783
145.795
145.808
145.82
145.832
145.846
145.86
145.872
145.885
145.897
145.91
145.922
145.934
145.947
145.959
145.971
145.985
145.998
146.01
146.023
146.037
146.049
146.062
146.074
146.086
146.098
146.111
146.124
146.138
146.151
146.165
146.177
146.19
146.203
146.215
146.228
146.241
146.253
146.267
146.279
146.293
146.305
146.318
146.332
146.344
146.357
146.372
146.385
146.398
146.411
146.423
146.437
146.45
146.464
146.476
146.489
146.502
146.513
146.525
146.537
146.549
146.562
146.575
146.589
146.602
146.615
146.628
146.64
146.653
146.666
146.68
146.691
146.703
146.715
146.728
146.741
146.754
146.765
146.779
146.793
146.806
146.819
146.831
146.842
146.857
146.869
146.884
146.895
146.907
146.92
146.933
146.945
146.958
146.97
146.983
146.995
147.009
147.02
147.032
147.046
147.058
147.071
147.084
147.095
147.109
147.123
147.135
147.148
147.161
147.172
147.185
147.197
147.21
147.222
147.234
147.247
147.258
147.27
147.283
147.296
147.309
147.322
147.335
147.349
147.362
147.375
147.386
147.398
147.411
147.422
147.434
147.446
147.459
147.47
147.483
147.496
147.509
147.521
147.532
147.545
147.557
147.569
147.582
147.594
147.606
147.619
147.632
147.644
147.655
147.668
147.68
147.692
147.704
147.716
147.728
147.74
147.753
147.764
147.776
147.789
147.801
147.813
147.824
147.836
147.849
147.861
147.873
147.883
147.896
147.907
147.919
147.931
147.943
147.955
147.966
147.98
147.991
148.003
148.016
148.029
148.041
148.055
148.067
148.079
148.089
148.1
148.113
148.126
148.138
148.151
148.163
148.176
148.188
148.201
148.214
148.227
148.239
148.251
148.262
148.274
148.287
148.299
148.311
148.321
148.334
148.346
148.358
148.37
148.382
148.394
148.406
148.42
148.431
148.443
148.454
148.465
148.477
148.489
148.501
148.513
148.526
148.539
148.551
148.564
148.577
148.589
148.601
148.613
148.626
148.637
148.65
148.661
148.673
148.686
148.697
148.709
148.721
148.732
148.744
148.756
148.768
148.779
148.791
148.802
148.813
148.824
148.837
148.851
148.863
148.875
148.887
148.898
148.911
148.923
148.935
148.948
148.96
148.972
148.984
148.997
149.008
149.019
149.032
149.044
149.056
149.067
149.079
149.089
149.102
149.114
149.125
149.136
149.147
149.16
149.171
149.182
149.194
149.206
149.219
149.231
149.244
149.257
149.268
149.28
149.292
149.304
149.315
149.328
149.34
149.352
149.365
149.376
149.387
149.399
149.41
149.422
149.435
149.448
149.46
149.472
149.485
149.498
149.511
149.523
149.534
149.548
149.561
149.574
149.586
149.598
149.611
149.622
149.634
149.646
149.657
149.668
149.681
149.692
149.705
149.717
149.728
149.74
149.752
149.763
149.775
149.787
149.799
149.811
149.824
149.836
149.847
149.86
149.872
149.885
149.897
149.909
149.919
149.932
149.943
149.956
149.968
149.98
149.991
150.003
150.015
150.027
150.039
150.051
150.063
150.074
150.087
150.098
150.111
150.123
150.136
150.147
150.16
150.173
150.186
150.197
150.21
150.223
150.236
150.248
150.261
150.274
150.284
150.295
150.308
150.319
150.332
150.346
150.359
150.37
150.382
150.394
150.407
150.419
150.43
150.442
150.454
150.466
150.478
150.49
150.502
150.513
150.526
150.538
150.55
150.563
150.574
150.586
150.597
150.608
150.621
150.633
