2
2.5
2.83333
3.16667
3.36667
3.36667
3.53333
3.85278
3.95
5.66208
6.76137
8.12248
10.4815
11.0987
12.6611
13.6804
14.415
15.0023
15.5389
15.9893
16.3927
16.7408
17.0161
17.3457
17.6342
17.8912
18.1335
18.3595
18.5973
18.8087
19.0018
19.2121
19.3933
19.5742
19.7369
19.877
20.0419
20.1881
20.3537
20.484
20.6368
20.7648
20.8978
21.0307
21.1502
21.2626
21.4003
21.5107
21.6334
21.7534
21.8673
21.9635
22.0552
22.1652
22.2569
22.3469
22.4378
22.528
22.6229
22.7124
22.7984
22.8806
22.9713
23.0556
23.146
23.2235
23.3062
23.3849
23.45
23.5236
23.6051
23.6748
23.7386
23.8085
23.872
23.9368
24.0053
24.0777
24.1452
24.2091
24.2664
24.3316
24.3979
24.4551
24.5126
24.573
24.6264
24.6863
24.7396
24.7964
24.854
24.9125
24.9651
25.0177
25.074
25.1262
25.1765
25.2295
25.2854
25.3403
25.3862
25.4357
25.4848
25.5258
25.5772
25.6216
25.6702
25.718
25.7659
25.8103
25.8555
25.9007
25.9408
25.9819
26.0269
26.069
26.1196
26.162
26.1995
26.2395
26.2803
26.3167
26.3553
26.392
26.4315
26.4712
26.5124
26.5534
26.5972
26.6343
26.6735
26.7165
26.7564
26.7934
26.8347
26.8706
26.9125
26.949
26.9847
27.0173
27.0564
27.0942
27.1346
27.1685
27.206
27.237
27.2707
27.3047
27.3407
27.3821
27.4132
27.444
27.4777
27.515
27.5506
27.585
27.6203
27.6526
27.6888
27.7222
27.7516
27.7796
27.8118
27.8435
27.872
27.9028
27.9307
27.9635
27.9977
28.0283
28.0551
28.0858
28.1144
28.1425
28.1742
28.2045
28.2341
28.265
28.29
28.3172
28.3461
28.3756
28.4064
28.4364
28.4618
28.4909
28.5178
28.5475
28.5726
28.5989
28.6282
28.651
28.6777
28.7015
28.7265
28.7512
28.7767
28.8035
28.8311
28.8565
28.8837
28.9149
28.9398
28.9651
28.9911
29.0133
29.0387
29.0636
29.0888
29.1115
29.136
29.1605
29.1846
29.2146
29.2389
29.2614
29.2878
29.3134
29.3399
29.3629
29.3864
29.4099
29.432
29.4572
29.4822
29.5046
29.5297
29.5548
29.5814
29.6041
29.6273
29.6517
29.6761
29.6993
29.7213
29.7484
29.7724
29.7944
29.8175
29.8393
29.8649
29.8856
29.9088
29.9287
29.9492
29.9707
29.9913
30.0115
30.0347
30.0581
30.0798
30.102
30.1224
30.1417
30.16
30.179
30.2027
30.2231
30.2434
30.2648
30.2843
30.3036
30.3218
30.3444
30.3654
30.3847
30.4054
30.427
30.4471
30.4668
30.4865
30.5053
30.5254
30.5455
30.5637
30.5832
30.6029
30.6227
30.6426
30.6629
30.6808
30.6995
30.7195
30.737
30.7577
30.7761
30.7975
30.8163
30.8351
30.855
30.874
30.895
30.9138
30.9331
30.9519
30.9689
30.9884
31.0089
31.0259
31.0415
31.0631
31.0811
31.0972
31.1163
31.1326
31.1491
31.165
31.1834
31.2016
31.2196
31.2398
31.2546
31.2747
31.2915
31.309
31.3251
31.3413
31.3579
31.3757
31.3945
31.4098
31.4252
31.4401
31.4563
31.4728
31.4871
31.5058
31.5227
31.5388
31.5557
31.5692
31.5847
31.6005
31.6191
31.6363
31.6514
31.6668
31.6846
31.7009
31.7172
31.7339
31.7497
31.7657
31.7832
31.7979
31.8146
31.8314
31.8459
31.8615
31.8771
31.8929
31.9092
31.9247
31.9403
31.9568
31.9719
31.9887
32.0047
32.0195
32.0337
32.0493
32.0618
32.077
32.0916
32.1062
32.1211
32.137
32.1528
32.1667
32.1802
32.1965
32.21
32.2238
32.2367
32.2503
32.2652
32.2801
32.2957
32.3119
32.3276
32.3411
32.357
32.3724
32.3869
32.4018
32.4169
32.4295
32.4426
32.457
32.4704
32.4836
32.4987
32.5109
32.5256
32.5397
32.5527
32.5666
32.5829
32.597
32.6107
32.6264
32.6418
32.6577
32.6705
32.6843
32.6989
32.7123
32.7259
32.7399
32.7526
32.7648
32.7774
32.7921
32.8052
32.8177
32.8309
32.8441
32.8597
32.8725
32.8833
32.8967
32.9101
32.9242
32.9379
32.9506
32.9644
32.978
32.9905
33.003
33.0145
33.029
33.042
33.0546
33.0678
33.0803
33.0938
33.1061
33.1182
33.131
33.1426
33.1551
33.1693
33.1812
33.1933
33.2062
33.2176
33.2299
33.2421
33.2555
33.2678
33.2802
33.2901
33.3013
33.3136
33.3253
33.338
33.3511
33.3641
33.3758
33.3881
33.399
33.4115
33.4225
33.4352
33.4472
33.4597
33.4721
33.4843
33.4969
33.5101
33.5207
33.5317
33.5441
33.5564
33.5694
33.5813
33.5939
33.6051
33.6169
33.6295
33.6406
33.6531
33.6659
33.6785
33.689
33.7005
33.7126
33.7249
33.7374
33.7488
33.7602
33.7733
33.7845
33.7957
33.8083
33.8204
33.8319
33.8439
33.8564
33.8676
33.8771
33.888
33.8988
33.911
33.9223
33.9347
33.9458
33.9575
33.969
33.9803
33.9932
34.006
34.018
34.0296
34.0421
34.0546
34.0676
34.0778
34.0895
34.1006
34.1121
34.1235
34.1345
34.1446
34.1554
34.1668
34.1767
34.1882
34.1992
34.2099
34.2207
34.2315
34.2419
34.2521
34.2629
34.2741
34.2832
34.2948
34.306
34.3168
34.3273
34.3374
34.3494
34.3592
34.3692
34.3785
34.3895
34.3998
34.4097
34.4206
34.4312
34.4407
34.4512
34.461
34.4707
34.4809
34.4921
34.5025
34.5122
34.5231
34.5324
34.5422
34.5527
34.5631
34.5731
34.5831
34.5941
34.6046
34.6151
34.6255
34.6355
34.6456
34.656
34.6663
34.6758
34.6863
34.696
34.7062
34.7165
34.7268
34.7365
34.746
34.7557
34.7654
34.7764
34.787
34.7969
34.8061
34.816
34.8255
34.8355
34.8452
34.8549
34.8655
34.8763
34.8868
34.8957
34.9073
34.9167
34.9266
34.9367
34.9453
34.9552
34.9648
34.9747
34.985
34.995
35.004
35.0134
35.0239
35.0328
35.0417
35.0521
35.0617
35.0716
35.0806
35.0892
35.0988
35.1083
35.1186
35.1285
35.1378
35.1455
35.1547
35.1654
35.1743
35.1834
35.1919
35.2032
35.2121
35.2217
35.2312
35.2402
35.2501
35.2599
35.2697
35.2781
35.2882
35.2983
35.307
35.316
35.3256
35.334
35.3433
35.3519
35.3616
35.3704
35.3785
35.3875
35.3966
35.4061
35.4152
35.4239
35.4333
35.4428
35.4514
35.4607
35.4705
35.4792
35.4885
35.4971
35.506
35.5158
35.5249
35.5329
35.5422
35.5512
35.5608
35.5705
35.5804
35.5893
35.5979
35.6074
35.6163
35.624
35.6334
35.6422
35.6509
35.6587
35.6684
35.6769
35.6854
35.6941
35.704
35.7135
35.7219
35.7306
35.7393
35.748
35.7575
35.7673
35.7758
35.7844
35.7943
35.8033
35.8118
35.8209
35.8289
35.8383
35.848
35.8568
35.8651
35.8739
35.8832
35.8916
35.9001
35.91
35.918
35.9273
35.9365
35.945
35.9541
35.9635
35.9727
35.9816
35.9899
35.9982
36.0074
36.0156
36.024
36.0329
36.0404
36.0488
36.0565
36.0652
36.0741
36.0826
36.0906
36.0996
36.1073
36.1153
36.124
36.1319
36.1407
36.1496
36.1581
36.1659
36.1744
36.182
36.1907
36.1983
36.208
36.2161
36.2252
36.2347
36.2424
36.2509
36.2595
36.2662
36.2747
36.2815
36.2902
36.2985
36.307
36.3149
36.3235
36.3324
36.3399
36.3478
36.356
36.3633
36.3726
36.3813
36.3887
36.397
36.4045
36.4122
36.42
36.4283
36.4363
36.4444
36.4533
36.4616
36.4698
36.4778
36.4855
36.4936
36.5004
36.5082
36.5171
36.525
36.5332
36.5402
36.549
36.5568
36.5646
36.5731
36.5803
36.5893
36.5974
36.6062
36.6135
36.6217
36.6299
36.637
36.6444
36.6524
36.6594
36.667
36.6756
36.6834
36.6916
36.6994
36.7068
36.7136
36.7221
36.7293
36.7363
36.7444
36.7515
36.7591
36.7678
36.7758
36.7841
36.7912
36.7988
36.8061
36.8137
36.8216
36.8291
36.8366
36.8442
36.8536
36.8616
36.8703
36.8773
36.8859
36.8937
36.9017
36.9091
36.9165
36.9247
36.9316
36.9399
36.9473
36.9542
36.9616
36.9697
36.978
36.9859
36.9938
37.0008
37.0079
37.0159
37.0226
37.0298
37.0375
37.0454
37.0541
37.0615
37.0681
37.0757
37.0825
37.0907
37.0994
37.1068
37.1144
37.1211
37.1287
37.1379
37.1448
37.1527
37.1598
37.1663
37.1743
37.1819
37.1892
37.1975
37.2051
37.2126
37.2204
37.2274
37.2362
37.2446
37.2516
37.2591
37.2665
37.2731
37.2801
37.288
37.2953
37.3026
37.309
37.3158
37.3236
37.331
37.3383
37.346
37.3533
37.3609
37.3687
37.3753
37.382
37.3893
37.3967
37.4032
37.4103
37.4185
37.4258
37.4325
37.4392
37.4458
37.4525
37.4587
37.4661
37.4725
37.4798
37.4868
37.4942
37.5016
37.5079
37.5156
37.523
37.5296
37.5372
37.5448
37.5514
37.559
37.5658
37.5735
37.5809
37.5873
37.594
37.6021
37.6086
37.6159
37.6231
37.6298
37.6368
37.6439
37.651
37.6581
37.6654
37.6733
37.681
37.6887
37.6958
37.7035
37.7099
37.717
37.7236
37.7304
37.7383
37.7449
37.7514
37.7575
37.764
37.7714
37.7785
37.786
37.7928
37.7999
37.8067
37.8144
37.8215
37.8288
37.8357
37.8426
37.8493
37.8565
37.8638
37.8709
37.8771
37.8837
37.8906
37.8969
37.9044
37.9115
37.9175
37.9253
37.9313
37.9382
37.9446
37.9508
37.9574
37.9635
37.9712
37.9779
37.9841
37.9899
37.9969
38.0038
38.0104
38.0174
38.0239
38.0302
38.0368
38.0439
38.0498
38.0566
38.0636
38.0706
38.078
38.0846
38.0915
38.098
38.1049
38.1116
38.1185
38.1249
38.1317
38.139
38.1451
38.1517
38.1589
38.1655
38.1709
38.1775
38.1842
38.1909
38.1973
38.2042
38.2106
38.217
38.2237
38.23
38.2366
38.2432
38.2495
38.2558
38.2625
38.2695
38.2759
38.2827
38.2892
38.296
38.3021
38.3085
38.3152
38.3212
38.3276
38.3349
38.3414
38.3472
38.3546
38.3614
38.3684
38.3742
38.3808
38.3875
38.3946
38.4013
38.4083
38.4148
38.4212
38.4273
38.4338
38.4406
38.4471
38.453
38.4593
38.4663
38.4717
38.4776
38.4833
38.4893
38.4954
38.5017
38.5083
38.5142
38.5209
38.5274
38.5337
38.5405
38.5467
38.5537
38.5597
38.5666
38.573
38.5796
38.5869
38.594
38.6002
38.6073
38.6137
38.6202
38.6258
38.6315
38.6372
38.6433
38.6494
38.6558
38.6625
38.669
38.6755
38.6815
38.6883
38.6946
38.7004
38.7071
38.713
38.7195
38.725
38.7315
38.7369
38.7431
38.7496
38.7556
38.7619
38.768
38.7741
38.7803
38.7863
38.7921
38.7985
38.8045
38.8106
38.8167
38.8231
38.8294
38.8358
38.8425
38.8486
38.8555
38.8617
38.8674
38.873
38.8798
38.8855
38.8914
38.8981
38.9038
38.91
38.9157
38.9217
38.9277
38.9344
38.9399
38.9471
38.953
38.959
38.9646
38.9703
38.9759
38.9817
38.9876
38.9935
38.9988
39.0054
39.0109
39.0166
39.023
39.029
39.0352
39.0423
39.0481
39.055
39.0603
39.0658
39.0722
39.0784
39.085
39.0899
39.0963
39.1017
39.107
39.1133
39.1184
39.1243
39.13
39.1355
39.142
39.1476
39.1541
39.16
39.1657
39.1716
39.1772
39.1825
39.1895
39.1951
39.201
39.2065
39.2135
39.2193
39.2249
39.2305
39.2365
39.2425
39.2479
39.2536
39.2597
39.266
39.2721
39.2773
39.2827
39.2884
39.2945
39.3001
39.3066
39.3125
39.3185
39.3242
39.3299
39.3352
39.3413
39.3472
39.3531
39.3588
39.3649
39.3704
39.3763
39.3822
39.388
39.3938
39.4009
39.4071
39.4142
39.4198
39.4253
39.4312
39.437
39.4427
39.4485
39.4539
39.4592
39.4648
39.47
39.4759
39.4816
39.4872
39.4938
39.4998
39.5055
39.511
39.5162
39.5213
39.526
39.531
39.5363
39.5418
39.5475
39.5539
39.5591
39.5655
39.5716
39.5775
39.5841
39.5894
39.5951
39.6006
39.6061
39.6113
39.6179
39.624
39.6297
39.6355
39.6418
39.6473
39.6523
39.6583
39.664
39.6693
39.6755
39.6811
39.6871
39.6935
39.699
39.705
39.7108
39.7168
39.7232
39.7294
39.7352
39.7415
39.7477
39.7538
39.7599
39.7652
39.7703
39.7758
39.7812
39.7868
39.7927
39.7977
39.8031
39.8087
39.814
39.8195
39.8247
39.8305
39.8365
39.8422
39.8478
39.8531
39.8589
39.8642
39.8693
39.8752
39.8813
39.887
39.893
39.8987
39.9037
39.9094
39.9144
39.9194
39.925
39.9309
39.9361
39.9416
39.9471
39.9529
39.958
39.9642
39.9698
39.9749
39.9803
39.9855
39.9913
39.9971
40.0025
40.008
40.0132
40.0187
40.0242
40.0297
40.0349
40.0404
40.0461
40.0515
40.0574
40.063
40.0686
40.074
40.0797
40.0855
40.091
40.0962
40.1019
40.107
40.1122
40.117
40.1227
40.1281
40.1327
40.1383
40.1444
40.149
40.1545
40.1599
40.166
40.1714
40.1766
40.1824
40.1873
40.1931
40.199
40.2041
40.2096
40.2149
40.2199
40.2252
40.2307
40.236
40.2412
40.2462
40.2519
40.2571
40.2625
40.2683
40.2738
40.2788
40.2838
40.289
40.2938
40.2996
40.305
40.3107
40.3159
40.3218
40.3271
40.3326
40.3383
40.3434
40.3484
40.3542
40.3595
40.3643
40.3698
40.3745
40.3799
40.3861
40.3905
40.3957
40.4016
40.4078
40.4127
40.4187
40.4233
40.4296
40.4345
40.4401
40.445
40.45
40.4556
40.4606
40.4657
40.471
40.4769
40.482
40.4876
40.4933
40.4989
40.5038
40.5094
40.5143
40.5192
40.5247
40.5297
40.5356
40.5413
40.5463
40.5515
40.5567
40.5617
40.5675
40.573
40.5778
40.5833
40.5887
40.5944
40.5999
40.6053
40.6098
40.6154
40.6207
40.6259
40.6308
40.6357
40.6408
40.6462
40.6513
40.6564
40.6618
40.6671
40.672
40.6764
40.6819
40.6868
40.6925
40.6973
40.7025
40.7074
40.7129
40.7186
40.7235
40.7285
40.7339
40.7392
40.7442
40.749
40.7541
40.7583
40.7631
40.7679
40.7728
40.7781
40.7843
40.7895
40.7957
40.8007
40.8056
40.811
40.8162
40.8215
40.8265
40.8316
40.8361
40.8411
40.846
40.8516
40.8561
40.8608
40.866
40.8704
40.8754
40.8804
40.8858
40.8908
40.8958
40.9009
40.9065
40.9109
40.9159
40.9215
40.9264
40.9315
40.9363
40.9416
40.947
40.952
40.9574
40.9632
40.9688
40.9742
40.9792
40.9847
40.9896
40.994
40.9989
41.0033
41.0083
41.014
41.0189
41.0248
41.0302
41.0355
41.0407
41.0458
41.0507
41.0558
41.0605
41.066
41.0709
41.0761
41.081
41.086
41.0906
41.0956
41.1009
41.1058
41.1111
41.1162
41.1205
41.125
41.1303
41.1355
41.1403
41.1456
41.1506
41.1558
41.1608
41.1653
41.17
41.1744
41.1791
41.1842
41.1892
41.1944
41.1993
41.2041
41.2089
41.2133
41.2186
41.2239
41.2285
41.2334
41.2385
41.2432
41.2483
41.2529
41.2581
41.2623
41.2671
41.2718
41.2772
41.283
41.2882
41.2938
41.2989
41.3032
41.3086
41.3144
41.3189
41.3242
41.3296
41.3351
41.3402
41.3459
41.3513
41.3559
41.3613
41.3662
41.3712
41.3766
41.3822
41.3871
41.3922
41.3975
41.4021
41.4071
41.4116
41.4165
41.4222
41.4262
41.4311
41.4361
41.4409
41.4452
41.4501
41.4549
41.4599
41.4647
41.4692
41.4738
41.4784
41.4837
41.4887
41.4936
41.4986
41.5039
41.5087
41.5133
41.5182
41.5232
41.5277
41.5328
41.5373
41.5421
41.547
41.5519
41.5567
41.5615
41.5664
41.5717
41.5763
41.5809
41.5858
41.5912
41.5962
41.601
41.6057
41.6109
41.6158
41.621
41.626
41.6311
41.6361
41.6414
41.6469
41.6519
41.6567
41.6617
41.6672
41.6719
41.6768
41.6821
41.6868
41.6916
41.697
41.7016
41.706
41.7108
41.7153
41.7205
41.7254
41.7304
41.7353
41.7402
41.7453
41.7507
41.7553
41.7602
41.7648
41.7701
41.7752
41.7803
41.7848
41.7896
41.7949
41.7999
41.8047
41.8098
41.8139
41.818
41.8227
41.8271
41.8321
41.8369
41.8412
41.8455
41.8507
41.855
41.8595
41.864
41.8693
41.8739
41.8787
41.8834
41.8879
41.893
41.8979
41.9025
41.9072
41.9117
41.9163
41.9209
41.9251
41.9296
41.9342
41.9394
41.9439
41.9485
41.9528
41.9576
41.9622
41.9671
41.9718
41.9769
41.9811
41.9862
41.9914
41.9962
42.0003
42.005
42.009
42.0142
42.0192
42.0234
42.0281
42.0329
42.0377
42.0423
42.0467
42.052
42.0567
42.0613
42.0662
42.0711
42.0754
42.0801
42.0847
42.0893
42.0936
42.0981
42.1031
42.108
42.1121
42.1173
42.1217
42.1263
42.131
42.1362
42.1414
42.1464
42.1511
42.1563
42.161
42.166
42.1706
42.1747
42.1794
42.1842
42.1891
42.1936
42.1985
42.2037
42.2087
42.2127
42.2174
42.2221
42.226
42.2309
42.2358
42.2399
42.2447
42.2497
42.2542
42.2592
42.2638
42.2681
42.2729
42.2773
42.2813
42.2861
42.2914
42.2962
42.3006
42.3052
42.3095
42.3141
42.3183
42.3231
42.3274
42.3321
42.3365
42.3412
42.3457
42.3499
42.3544
42.359
42.3634
42.3678
42.3729
42.3779
42.3825
42.3871
42.392
42.3973
42.402
42.4068
42.4118
42.4168
42.4219
42.4268
42.4313
42.436
42.4403
42.445
42.4488
42.4535
42.458
42.4628
42.4674
42.4721
42.4769
42.481
42.4856
42.4899
42.4949
42.4994
42.5042
42.5089
42.513
42.5177
42.5228
42.5269
42.5316
42.5364
42.541
42.5458
42.5507
42.5554
42.5602
42.5648
42.5697
42.5742
42.579
42.5831
42.5876
42.592
42.5968
42.6017
42.6064
42.6109
42.6159
42.6202
42.6248
42.6294
42.6341
42.6384
42.6434
42.6483
42.6524
42.6567
42.6612
42.6655
42.6705
42.6747
42.6792
42.6834
42.6878
42.6923
42.6968
42.7015
42.7059
42.7105
42.7146
42.7194
42.7237
42.7285
42.7332
42.7378
42.7429
42.7466
42.7514
42.756
42.7608
42.7658
42.7704
42.775
42.7793
42.7845
42.7887
42.7935
42.7984
42.8027
42.8073
42.812
42.8159
42.8203
42.8254
42.83
42.8347
42.8392
42.8435
42.8481
42.8526
42.8569
42.8614
42.8659
42.8698
42.8741
42.8781
42.8825
42.8868
42.8911
42.8961
42.9003
42.9051
42.9096
42.9138
42.9185
42.9233
42.9275
42.9322
42.9364
42.9407
42.9455
42.9499
42.9544
42.9587
42.9631
42.9679
42.9724
42.9768
42.9812
42.9855
42.9905
42.9944
42.9988
43.0037
43.0082
43.0129
43.0176
43.0223
43.0264
43.0313
43.0357
43.0399
43.0447
43.0493
43.054
43.0587
43.0631
43.0676
43.0725
43.0774
43.0818
43.0863
43.0912
43.0957
43.1
43.1043
43.1083
43.1129
43.1171
43.1212
43.1256
43.1302
43.134
43.1394
43.1437
43.1483
43.1523
43.1566
43.1613
43.1659
43.171
43.175
43.179
43.1833
43.1879
43.1922
43.1965
43.2008
43.2053
43.2095
43.214
43.2186
43.2224
43.227
43.2315
43.2361
43.2407
43.2449
43.2492
43.254
43.2581
43.2626
43.2668
43.271
43.2758
43.2801
43.2843
43.2889
43.2937
43.2987
43.3029
43.3077
43.3115
43.3159
43.3201
43.324
43.3282
43.333
43.3369
43.341
43.3458
43.3503
43.3543
43.3588
43.3632
43.3678
43.3723
43.3766
43.381
43.3849
43.3894
43.394
43.3988
43.4033
43.4079
43.4121
43.4166
43.4206
43.4244
43.4283
43.4326
43.4369
43.4417
43.4459
43.4507
43.4554
43.4596
43.4639
43.4688
43.4733
43.4777
43.4823
43.4873
43.4916
43.4962
43.5004
43.5045
43.509
43.5136
43.5178
43.522
43.5271
43.5316
43.5362
43.5404
43.5449
43.5496
43.5549
43.5596
43.5643
43.5686
43.5726
43.577
43.5818
43.586
43.5906
43.5946
43.5991
43.6039
43.6088
43.6128
43.6173
43.6221
43.6266
43.6315
43.6362
43.6408
43.6456
43.6495
43.6538
43.6586
43.6629
43.6674
43.6715
43.676
43.68
43.6843
43.6887
43.6934
43.6974
43.7019
43.7061
43.71
43.7143
43.719
43.7232
43.7277
43.732
43.736
43.7407
43.7444
43.749
43.7532
43.7583
43.7626
43.7672
43.7713
43.7757
43.7795
43.7843
43.7888
43.7932
43.7975
43.8018
43.8061
43.8103
43.8142
43.8187
43.8236
43.8276
43.8321
43.8366
43.841
43.8453
43.8494
43.8542
43.8586
43.863
43.8669
43.871
43.8757
43.8799
43.8842
43.8888
43.893
43.8974
43.9016
43.9063
43.9113
43.9158
43.9199
43.9244
43.9291
43.9336
43.9381
43.9424
43.9461
43.9503
43.954
43.9582
43.9626
43.9666
43.9713
43.9754
43.9796
43.9836
43.988
43.9922
43.9967
44.0012
44.0052
44.0091
44.0136
44.0175
44.0218
44.026
44.0302
44.035
44.0393
44.0434
44.0483
44.0529
44.0571
44.061
44.0657
44.0703
44.0745
44.079
44.0834
44.0878
44.0917
44.0958
44.0996
44.1033
44.1075
44.1117
44.1162
44.1207
44.1244
44.1294
44.1335
44.1377
44.1416
44.1459
44.15
44.154
44.1583
44.1631
44.1674
44.1718
44.1761
44.1814
44.1859
44.19
44.1942
44.1983
44.2032
44.2074
44.2123
44.2165
44.2205
44.2246
44.2287
44.2333
44.2374
44.2417
44.2463
44.2508
44.2554
44.2598
44.2639
44.268
44.2722
44.2764
44.2809
44.2852
44.2895
44.2942
44.2986
44.3026
44.3064
44.3107
44.3151
44.319
44.3234
44.3275
44.332
44.336
44.3406
44.3452
44.3493
44.3535
44.3574
44.361
44.3649
44.3695
44.3736
44.3778
44.3821
44.3863
44.3908
44.395
44.3996
44.4039
44.4081
44.4125
44.4167
44.421
44.4254
44.4298
44.4336
44.4378
44.4423
44.446
44.4511
44.4559
44.4598
44.4643
44.4686
44.4731
44.4773
44.4814
44.4857
44.4897
44.4945
44.4982
44.5022
44.506
44.5096
44.5133
44.5178
44.5221
44.5261
44.53
44.5343
44.5384
44.5429
44.5473
44.5512
44.5555
44.5604
44.5646
44.5684
44.5721
44.5761
44.5807
44.5845
44.5885
44.5929
44.597
44.6013
44.6056
44.6094
44.6132
44.6177
44.6212
44.6245
44.6284
44.6328
44.6371
44.6412
44.6454
44.6504
44.6548
44.6585
44.6624
44.6665
44.6709
44.6747
44.6784
44.6829
44.6872
44.6916
44.6959
44.7
44.7042
44.7084
44.7125
44.7163
44.7203
44.7248
44.7289
44.7327
44.7373
44.741
44.7448
44.7492
44.7531
44.757
44.7609
44.7651
44.7693
44.7731
44.7781
44.7826
44.7868
44.791
44.7953
44.7996
44.804
44.8085
44.8136
44.8178
44.8223
44.8261
44.8297
44.834
44.8379
44.8419
44.8458
44.8499
44.8541
44.8582
44.8628
44.8668
44.8709
44.8749
44.8794
44.8839
44.8885
44.8926
44.8968
44.9003
44.9049
44.9091
44.9136
44.918
44.9222
44.9259
44.9304
44.9351
44.9394
44.9439
44.9478
44.9525
44.9568
44.9613
44.9652
44.9695
44.9736
44.9775
44.9813
44.9859
44.9903
44.9947
44.9987
45.003
45.0075
45.012
45.0164
45.0204
45.0249
45.0291
45.0336
45.0374
45.0416
45.0458
45.0503
45.055
45.0589
45.063
45.0668
45.071
45.0756
45.0796
45.0832
45.0874
45.0916
45.0959
45.1001
45.1051
45.1094
45.114
45.1178
45.1223
45.1268
45.1315
45.1358
45.1399
45.1437
45.1479
45.152
45.1563
45.1601
45.1639
45.1682
45.1724
45.1769
45.181
45.185
45.1897
45.1941
45.1977
45.2016
45.2065
45.2109
45.2151
45.2196
45.2238
45.2283
45.2323
45.236
45.2403
45.2445
45.249
45.2531
45.2572
45.2614
45.2654
45.2697
45.2736
45.2781
45.2824
45.2866
45.2903
45.2946
45.2986
45.3026
45.3067
45.3108
45.3148
45.3187
45.3228
45.3269
45.3311
45.3353
45.3393
45.3444
45.3485
45.3529
45.3573
45.3614
45.3653
45.3694
45.3738
45.3782
45.3823
45.3867
45.3905
45.3946
45.3983
45.4026
45.4069
45.4113
45.4154
45.4194
45.424
45.4278
45.4314
45.4358
45.4398
45.4443
45.4486
45.4526
45.4567
45.4607
45.4649
45.469
45.473
45.4771
45.4818
45.4858
45.4901
45.4944
45.4983
45.5026
45.5064
45.5106
45.515
45.5197
45.5235
45.5273
45.5315
45.5355
45.539
45.5433
45.5474
45.5511
45.5553
45.5592
45.5636
45.5681
45.5727
45.5771
45.5813
45.5856
45.5896
45.5936
45.5981
45.6024
45.6065
45.6108
45.6144
45.6185
45.6221
45.6266
45.6305
45.6352
45.6394
45.6438
45.6479
45.6517
45.6556
45.66
45.6638
45.668
45.6715
45.676
45.68
45.6839
45.688
45.6922
45.6972
45.701
45.7049
45.7091
45.7135
45.7174
45.7209
45.7254
45.7303
45.7348
45.739
45.7436
45.7467
45.7509
45.7554
45.7592
45.7636
45.7675
45.7717
45.775
45.7787
45.7828
45.7869
45.791
45.7955
45.7994
45.8038
45.8081
45.8119
45.816
45.8202
45.824
45.8281
45.8322
45.8359
45.8403
45.8446
45.8487
45.8527
45.8571
45.8611
45.8653
45.8696
45.8746
45.8789
45.8827
45.8867
45.8905
45.8949
45.8988
45.9034
45.9073
45.9118
45.9158
45.9198
45.9234
45.9272
45.9308
45.9354
45.9394
45.9435
45.9476
45.9516
45.9559
45.9601
45.9641
45.968
45.9716
45.9755
45.9797
45.9835
45.9877
45.9922
45.9964
46.0011
46.0052
46.0093
46.0129
46.017
46.0214
46.0254
46.0297
46.0336
46.0379
46.0422
46.0468
46.051
46.0556
46.0598
46.0642
46.0683
46.0728
46.0774
46.0813
46.0852
46.089
46.0928
46.0968
46.1009
46.1051
46.1092
46.1136
46.1173
46.1213
46.1253
46.1293
46.1337
46.1376
46.1419
46.1461
46.15
46.154
46.1582
46.1619
46.1659
46.17
46.1742
46.1786
46.1827
46.1872
46.1911
46.1953
46.1993
46.2034
46.2073
46.211
46.216
46.2204
46.2249
46.2289
46.2328
46.237
46.2413
46.245
46.2491
46.2533
46.2572
46.2619
46.266
46.2701
46.2752
46.2795
46.2836
46.2879
46.2919
46.2961
46.3006
46.3051
46.3095
46.314
46.3183
46.3223
46.3266
46.3304
46.3345
46.3391
46.3431
46.3473
46.3515
46.3558
46.3603
46.3647
46.3687
46.3728
46.377
46.3812
46.385
46.389
46.393
46.3976
46.402
46.4061
46.4097
46.4139
46.4182
46.4221
46.4261
46.43
46.4341
46.4379
46.4422
46.4461
46.4497
46.454
46.4586
46.4628
46.4669
46.471
46.4751
46.4796
46.4836
46.4875
46.4917
46.4966
46.5008
46.5051
46.5098
46.5137
46.5179
46.5219
46.5257
46.5294
46.5333
46.5376
46.5418
46.546
46.5496
46.5539
46.5581
46.5629
46.5666
46.5707
46.5748
46.5787
46.5827
46.5871
46.5915
46.596
46.5995
46.6033
46.6077
46.6119
46.6161
46.6205
46.6241
46.6282
46.6328
46.6367
46.6408
46.6445
46.6483
46.6525
46.6564
46.6609
46.6648
46.6691
46.6726
46.6767
46.6804
46.6847
46.6888
46.6927
46.6971
46.7007
46.7051
46.7092
46.7134
46.7175
46.7218
46.7263
46.73
46.7338
46.7382
46.7427
46.7468
46.7508
46.7549
46.7584
46.7627
46.7667
46.7707
46.7753
46.7798
46.7841
46.788
46.793
46.7973
46.8011
46.8051
46.8095
46.8145
46.8185
46.8229
46.8269
46.8314
46.836
46.8404
46.8448
46.8494
46.8539
46.8582
46.8625
46.8668
46.8708
46.8746
46.8782
46.8829
46.8872
46.8917
46.8967
46.9006
46.9049
46.9092
46.9136
46.9178
46.9218
46.926
46.9302
46.9345
46.9387
46.9431
46.9474
46.9516
46.9562
46.9606
46.9647
46.9687
46.9724
46.9764
46.9806
46.9851
46.9898
46.9942
46.9984
47.0021
47.0059
47.0097
47.0135
47.0174
47.0218
47.0258
47.03
47.0342
47.0386
47.0427
47.0472
47.0506
47.055
47.0592
47.0638
47.0678
47.0722
47.0767
47.0809
47.085
47.0893
47.0939
47.0984
47.1029
47.1072
47.1117
47.1162
47.1202
47.1244
47.1286
47.1324
47.1367
47.1409
47.1451
47.1494
47.1537
47.1579
47.1622
47.1671
47.1711
47.1755
47.18
47.1846
47.1889
47.1925
47.1966
47.2006
47.2049
47.2092
47.2132
47.2173
47.2215
47.2262
47.2301
47.2342
47.2387
47.2429
47.2476
47.2517
47.2559
47.2602
47.2644
47.2679
47.2726
47.2772
47.2816
47.2863
47.2903
47.2943
47.2982
47.3025
47.3069
47.3114
47.3158
47.3198
47.3235
47.3269
47.3313
47.3353
47.3401
47.3444
47.3491
47.3534
47.3575
47.3616
47.3658
47.37
47.3745
47.3784
47.3833
47.3876
47.3914
47.3956
47.3998
47.4038
47.4079
47.412
47.4161
47.4204
47.4243
47.4283
47.4331
47.4379
47.4423
47.4464
47.4505
47.4544
47.459
47.4634
47.4681
47.4723
47.477
47.481
47.4855
47.4897
47.4939
47.4988
47.5026
47.5067
47.5109
47.5156
47.5196
47.5241
47.5286
47.533
47.5373
47.5415
47.5461
47.5501
47.5544
47.5588
47.5629
47.5676
47.5715
47.5763
47.5811
47.5852
47.5895
47.594
47.5987
47.6029
47.6074
47.6115
47.6156
47.6201
47.6244
47.6292
47.6333
47.6382
47.6422
47.6468
47.6517
47.656
47.6604
47.6649
47.6696
47.674
47.6783
47.6826
47.6868
47.6911
47.6955
47.6998
47.7044
47.7092
47.7138
47.7184
47.7237
47.7274
47.7319
47.7358
47.7402
47.7445
47.7486
47.753
47.7573
47.7614
47.7658
47.7702
47.7745
47.7789
47.783
47.7874
47.7913
47.7955
47.7998
47.8045
47.8089
47.8129
47.8172
47.821
47.8254
47.8299
47.8343
47.8382
47.8425
47.847
47.8515
47.8556
47.8601
47.8644
47.8687
47.8725
47.877
47.8814
47.8856
47.8897
47.8942
47.8985
47.9029
47.9074
47.9117
47.9158
47.9204
47.9247
47.9291
47.9336
47.938
47.9432
47.9474
47.9514
47.9553
47.9595
47.9634
47.9677
47.9718
47.9762
47.9807
47.9849
47.9888
47.9932
47.997
48.0014
48.006
48.0106
48.0148
48.0194
48.0237
48.0282
48.0323
48.0368
48.0409
48.0454
48.0495
48.0538
48.0582
48.0625
48.0669
48.0715
48.0761
48.0802
48.0846
48.0893
48.0939
48.0977
48.1014
48.106
48.1106
48.1147
48.1184
48.1231
48.1272
48.1319
48.1365
48.1408
48.1452
48.1495
48.1531
48.1577
48.1623
48.1663
48.1706
48.1752
48.1795
48.1836
48.1881
48.1933
48.1977
48.2021
48.2067
48.2106
48.2152
48.2189
48.2229
48.2274
48.2325
48.2368
48.2409
48.2454
48.2497
48.2536
48.2578
48.2625
48.2667
48.2708
48.2748
48.2793
48.2833
48.2878
48.2921
48.2965
48.3012
48.3052
48.3093
48.3139
48.3186
48.3229
48.327
48.332
48.3359
48.3396
48.3441
48.3483
48.353
48.3581
48.3624
48.3673
48.3718
48.3759
48.3804
48.3848
48.3892
48.3936
48.3978
48.4019
48.4069
48.4115
48.4161
48.4205
48.425
48.4294
48.4337
48.4383
48.4426
48.4472
48.4516
48.4558
48.4597
48.4643
48.4685
48.4724
48.4765
48.4805
48.4854
48.4896
48.4942
48.4985
48.5027
48.5068
48.5114
48.5154
48.5196
48.5237
48.5277
48.5322
48.5368
48.5412
48.5453
48.5498
48.5538
48.5587
48.5633
48.5675
48.5716
48.5761
48.5811
48.5854
48.5894
48.5943
48.5985
48.6034
48.6079
48.6122
48.6161
48.6205
48.6253
48.6299
48.6347
48.6394
48.6437
48.6486
48.6532
48.6574
48.6624
48.667
48.6717
48.6764
48.6805
48.6848
48.6893
48.6931
48.698
48.7024
48.7069
48.7118
48.7167
48.7213
48.7255
48.73
48.7338
48.738
48.7423
48.7464
48.7513
48.7559
48.7602
48.7645
48.7688
48.773
48.7773
48.782
48.7876
48.7922
48.7971
48.8014
48.8058
48.8099
48.8147
48.8194
48.8237
48.8283
48.8326
48.8372
48.8414
48.8458
48.8506
48.8552
48.8597
48.8644
48.8692
48.8741
48.8781
48.8827
48.887
48.8908
48.8953
48.8998
48.904
48.9089
48.9133
48.918
48.9225
48.927
48.9313
48.9356
48.9398
48.9443
48.9485
48.9531
48.9579
48.9625
48.9671
48.9715
48.9764
48.9813
48.9857
48.9897
48.9939
48.9987
49.0028
49.0084
49.0132
49.0177
49.0218
49.0261
49.0305
49.0353
49.0401
49.0448
49.0489
49.0536
49.058
49.0626
49.0669
49.0714
49.0758
49.0803
49.0846
49.0883
49.0925
49.0969
49.1014
49.1064
49.1115
49.1161
49.12
49.1244
49.1293
49.134
49.1384
49.1433
49.1478
49.1525
49.157
49.1616
49.1669
49.1713
49.1759
49.1808
49.1855
49.19
49.1942
49.1993
49.2033
49.2075
49.2119
49.2161
49.2203
49.2246
49.2288
49.233
49.2378
49.242
49.2465
49.2504
49.2553
49.2599
49.2649
49.2693
49.2733
49.2776
49.2825
49.2869
49.291
49.2951
49.2992
49.3042
49.3088
49.3127
49.3171
49.3224
49.327
49.3311
49.3354
49.3404
49.345
49.3495
49.3541
49.3584
49.3632
49.3673
49.3718
49.3762
49.3809
49.3857
49.3907
49.3954
49.4005
49.4052
49.4102
49.4148
49.4197
49.4242
49.429
49.4335
49.4384
49.4434
49.4482
49.453
49.4581
49.463
49.4676
49.4721
49.4766
49.4807
49.4854
49.4894
49.4944
49.4987
49.5031
49.5071
49.5118
49.5168
49.5213
49.5259
49.5311
49.5357
49.5407
49.5452
49.5499
49.5542
49.5588
49.5635
49.5684
49.5734
49.5784
49.5832
49.5876
49.5916
49.5966
49.6014
49.6053
49.6103
49.6151
49.6197
49.6246
49.6292
49.6337
49.6383
49.6431
49.6471
49.6519
49.6571
49.6613
49.6661
49.6709
49.6757
49.6804
49.685
49.69
49.6945
49.699
49.7031
49.7074
49.7129
49.7175
49.7223
49.7272
49.732
49.7376
49.7421
49.7466
49.7512
49.7566
49.7614
49.7659
49.771
49.7752
49.78
49.785
49.7903
49.7955
49.8003
49.8049
49.8096
49.8141
49.8184
49.8226
49.8276
49.8321
49.8369
49.8418
49.8461
49.851
49.8561
49.8612
49.8654
49.87
49.8752
49.8796
49.8843
49.889
49.8938
49.8991
49.9038
49.9086
49.9132
49.9175
49.9224
49.9266
49.9313
49.9359
49.9405
49.9459
49.9506
49.956
49.9609
49.9666
49.9715
49.9767
49.9813
49.9857
49.9904
49.995
50.0004
50.0054
50.0101
50.0152
50.0194
50.0246
50.0298
50.0338
50.039
50.0434
50.0477
50.0521
50.0568
50.0617
50.0662
50.0709
50.0753
50.079
50.0837
50.0885
50.0936
50.0984
50.1036
50.1086
50.1133
50.1184
50.1226
50.1274
50.132
50.1378
50.1424
50.1475
50.1522
50.157
50.1615
50.1661
50.1708
50.1754
50.1804
50.1845
50.1892
50.1944
50.1996
50.2045
50.2091
50.2142
50.2189
50.2246
50.2298
50.2356
50.2404
50.2456
50.2506
50.255
50.2598
50.2647
50.2694
50.2743
50.2794
50.2851
50.2902
50.2954
50.301
50.3053
50.3105
50.3147
50.3204
50.3253
50.3304
50.3349
50.3399
50.3451
50.3503
50.3556
50.3606
50.3653
50.3709
50.3756
50.3806
50.3861
50.3918
50.3963
50.4017
50.407
50.4122
50.417
50.4218
50.4267
50.432
50.4368
50.4421
50.4469
50.4519
50.4572
50.4619
50.4671
50.4719
50.4766
50.4823
50.4868
50.4918
50.4969
50.5023
50.5073
50.512
50.5166
50.5216
50.5267
50.5319
50.5372
50.5421
50.5473
50.5527
50.558
50.5628
50.5684
50.5733
50.5783
50.5838
50.5891
50.5939
50.5986
50.6034
50.6082
50.6131
50.6181
50.6233
50.6285
50.6341
50.6395
50.6446
50.6498
50.6549
50.6603
50.6651
50.6701
50.6754
50.6804
50.6854
50.6908
50.6955
50.7013
50.7061
50.711
50.7159
50.7207
50.7257
50.7305
50.736
50.7412
50.7464
50.7519
50.7567
50.7616
50.7661
50.7714
50.7766
50.782
50.787
50.7918
50.7971
50.8025
50.8079
50.8129
50.8177
50.8234
50.8282
50.8333
50.8387
50.844
50.8498
50.8551
50.8599
50.8653
50.8711
50.8762
50.8814
50.8861
50.8912
50.8963
50.9016
50.9068
50.9115
50.9168
50.9217
50.9272
50.9324
50.9373
50.9418
50.9472
50.9528
50.958
50.9633
50.9688
50.9741
50.9789
50.9844
50.9892
50.9946
51.0002
51.0063
51.0119
51.0164
51.0225
51.028
51.0331
51.0382
51.0433
51.0487
51.0539
51.0587
51.064
51.0693
51.0743
51.0802
51.0854
51.0908
51.0959
51.1009
51.1058
51.1105
51.1166
51.1216
51.1269
51.1321
51.1372
51.1429
51.1485
51.1546
51.16
51.1652
51.1704
51.1755
51.1807
51.1861
51.1911
51.1968
51.2024
51.208
51.2132
51.2184
51.224
51.2296
51.235
51.2406
51.2461
51.2509
51.2562
51.2606
51.2656
51.2707
51.2764
51.2818
51.2875
51.2932
51.2986
51.3036
51.3088
51.3147
51.3203
51.3262
51.3311
51.336
51.3421
51.3468
51.352
51.3577
51.3636
51.3685
51.374
51.3793
51.385
51.3903
51.3954
51.4007
51.4064
51.4116
51.4173
51.4224
51.428
51.4328
51.4382
51.4441
51.4497
51.4551
51.4609
51.4658
51.4714
51.4776
51.4831
51.4895
51.4953
51.5007
51.5064
51.5116
51.5166
51.5219
51.5279
51.5335
51.5393
51.5448
51.5506
51.5561
51.5616
51.5668
51.5722
51.5782
51.5841
51.5902
51.5955
51.6013
51.6069
51.6122
51.6175
51.6231
51.6283
51.6341
51.6395
51.6455
51.6505
51.656
51.6613
51.6675
51.6729
51.6786
51.6836
51.6895
51.6948
51.7013
51.7071
51.7134
51.7186
51.7246
51.73
51.7357
51.7413
51.7473
51.7528
51.7582
51.7643
51.7697
51.776
51.7816
51.7874
51.7933
51.7987
51.8047
51.811
51.8176
51.823
51.829
51.8346
51.841
51.8474
51.8535
51.8597
51.8654
51.8711
51.8774
51.8824
51.8878
51.8937
51.8994
51.905
51.9113
51.9173
51.9231
51.9289
51.9349
51.9408
51.9465
51.9525
51.9592
51.9648
51.9715
51.9767
51.983
51.9889
51.9943
52.0003
52.0061
52.0121
52.0177
52.0233
52.0294
52.0348
52.0406
52.0464
52.053
52.0597
52.0653
52.0715
52.0778
52.0831
52.0893
52.0947
52.1012
52.1063
52.112
52.1178
52.1237
52.1295
52.1357
52.142
52.1479
52.153
52.159
52.1651
52.1706
52.1771
52.1833
52.1894
52.1954
52.2014
52.2072
52.2129
52.2194
52.2261
52.2317
52.2382
52.2437
52.25
52.2554
52.2614
52.2676
52.2735
52.2791
52.2855
52.2925
52.299
52.3054
52.3111
52.3163
52.3223
52.3288
52.3351
52.3414
52.3474
52.3531
52.3594
52.3658
52.3721
52.3784
52.385
52.3916
52.398
52.4037
52.4097
52.4158
52.4221
52.4278
52.4336
52.4401
52.4472
52.4531
52.4596
52.4655
52.4721
52.4783
52.4845
52.4912
52.4976
52.5042
52.5111
52.5178
52.5244
52.531
52.5378
52.5439
52.5504
52.5566
52.5632
52.5693
52.5756
52.5822
52.5891
52.5959
52.6021
52.6087
52.6151
52.6203
52.6268
52.6331
52.6397
52.6459
52.6521
52.6586
52.666
52.6727
52.679
52.6852
52.6922
52.6988
52.7056
52.7119
52.7185
52.7253
52.732
52.7383
52.745
52.751
52.7574
52.7638
52.7709
52.7774
52.7842
52.7907
52.7972
52.8037
52.8102
52.8167
52.8231
52.83
52.8375
52.8433
52.8507
52.8569
52.8643
52.8719
52.8789
52.8851
52.8915
52.8985
52.905
52.9118
52.9179
52.924
52.9308
52.9374
52.9431
52.9496
52.9564
52.9634
52.97
52.977
52.9834
52.99
52.9962
53.003
53.0095
53.0166
53.0238
53.0306
53.0365
53.0434
53.0497
53.0564
53.063
53.0688
53.076
53.0827
53.0892
53.0964
53.103
53.1099
53.1174
53.1243
53.1312
53.1374
53.1437
53.1504
53.1584
53.165
53.1718
53.1787
53.1864
53.1924
53.1997
53.2071
53.2143
53.2205
53.2267
53.2331
53.2397
53.2471
53.2534
53.2597
53.2667
53.2733
53.2794
53.286
53.2942
53.3008
53.3082
53.3142
53.3208
53.3275
53.3349
53.3427
53.3502
53.3569
53.3647
53.3717
53.3786
53.3855
53.393
53.4001
53.4082
53.4156
53.4228
53.4303
53.4373
53.4441
53.451
53.458
53.4651
53.4731
53.4807
53.4883
53.4957
53.5027
53.5098
53.5171
53.5249
53.5318
53.5392
53.547
53.5539
53.5609
53.5688
53.576
53.5839
53.5915
53.598
53.6048
53.6124
53.6201
53.6276
53.6347
53.6426
53.6497
53.6572
53.6641
53.6724
53.6794
53.687
53.6952
53.7022
53.7086
53.7162
53.7248
53.7325
53.7399
53.7471
53.7546
53.762
53.7696
53.7772
53.7838
53.7911
53.7977
53.804
53.8111
53.8186
53.8277
53.8356
53.8432
53.8507
53.8579
53.865
53.8723
53.8794
53.8873
53.8953
53.9027
53.91
53.9189
53.9263
53.9345
53.942
53.9495
53.9569
53.9644
53.974
53.9821
53.9895
53.997
54.0049
54.0124
54.0199
54.0275
54.0355
54.044
54.0511
54.0587
54.0665
54.0745
54.0825
54.0905
54.0985
54.1058
54.1132
54.1214
54.1305
54.1378
54.1461
54.1542
54.1634
54.1721
54.1809
54.1896
54.1978
54.2056
54.215
54.2226
54.2319
54.2398
54.2485
54.2567
54.2655
54.2734
54.2817
54.2905
54.2992
54.3071
54.3155
54.3235
54.3317
54.34
54.3479
54.3558
54.3642
54.3731
54.3814
54.3894
54.3974
54.4042
54.4119
54.4204
54.4291
54.4359
54.4442
54.4524
54.4609
54.4687
54.4767
54.4857
54.4941
54.5027
54.5107
54.5201
54.5285
54.5381
54.5464
54.5542
54.5628
54.5707
54.5787
54.5872
54.5957
54.6026
54.6099
54.6187
54.6268
54.6356
54.6446
54.6532
54.6623
54.6706
54.6803
54.6898
54.6999
54.7093
54.7185
54.7281
54.7362
54.7452
54.754
54.7627
54.7715
54.78
54.7892
54.7975
54.8064
54.8145
54.8233
54.8301
54.8385
54.8467
54.8564
54.8661
54.8754
54.8841
54.8934
54.9025
54.9119
54.9212
54.9302
54.9389
54.9484
54.9571
54.9663
54.9749
54.9829
54.9912
54.9997
55.0083
55.0173
55.0255
55.034
55.0426
55.0514
55.0597
55.0686
55.0767
55.0849
55.0932
55.1018
55.1114
55.1208
55.1293
55.1383
55.1462
55.1553
55.1651
55.1738
55.1824
55.1918
55.2018
55.211
55.2192
55.2282
55.2371
55.2467
55.2571
55.2666
55.2745
55.2833
55.2915
55.3001
55.3087
55.3171
55.3268
55.3357
55.3453
55.3551
55.364
55.374
55.3833
55.3918
55.4011
55.4116
55.4194
55.4297
55.4387
55.4486
55.4582
55.4678
55.4758
55.485
55.4941
55.503
55.5122
55.5212
55.5312
55.5412
55.5508
55.5609
55.5709
55.5821
55.5912
55.6021
55.612
55.6212
55.6305
55.6391
55.6482
55.6581
55.6676
55.6767
55.6882
55.697
55.707
55.7182
55.7279
55.738
55.7467
55.7567
55.767
55.7765
55.7863
55.7976
55.8087
55.8191
55.8289
55.8386
55.8499
55.8601
55.8708
55.8816
55.891
55.9008
55.911
55.9193
55.9289
55.9388
55.9496
55.959
55.9689
55.9785
55.989
55.9993
56.0098
56.0207
56.0314
56.0422
56.0523
56.0628
56.0734
56.0827
56.0937
56.1039
56.1148
56.1251
56.1356
56.1472
56.1584
56.1678
56.177
56.1867
56.1974
56.2073
56.2185
56.2275
56.2379
56.2478
56.2586
56.2691
56.2792
56.2897
56.2998
56.3113
56.3206
56.3331
56.3431
56.3539
56.3652
56.3762
56.3885
56.4006
56.4121
56.4221
56.4349
56.4456
56.4575
56.4692
56.48
56.4921
56.5038
56.5147
56.5254
56.5364
56.548
56.5595
56.5703
56.5824
56.593
56.6044
56.6158
56.6277
56.6405
56.6508
56.6626
56.6738
56.6858
56.6961
56.706
56.7178
56.7304
56.7412
56.7523
56.7627
56.7737
56.7855
56.7966
56.8074
56.8184
56.8308
56.8412
56.8532
56.8647
56.876
56.8877
56.8996
56.9131
56.9235
56.9359
56.9464
56.9589
56.9719
56.9832
56.9954
57.0069
57.0181
57.0291
57.042
57.0552
57.0691
57.0819
57.0919
57.1028
57.1147
57.1271
57.139
57.1511
57.1645
57.1767
57.1876
57.2005
57.2134
57.2263
57.2386
57.2517
57.2639
57.275
57.2871
57.2984
57.3109
57.324
57.3354
57.3469
57.3604
57.3725
57.3863
57.3992
57.4129
57.4261
57.4391
57.4507
57.4645
57.4764
57.4902
57.5033
57.5151
57.5288
57.5425
57.5551
57.5695
57.5844
57.5979
57.6095
57.6231
57.6359
57.6509
57.6656
57.68
57.6937
57.7066
57.7204
57.7326
57.7453
57.7606
57.7738
57.7867
57.7999
57.8139
57.8282
57.8413
57.8557
57.869
57.8827
57.8982
57.9114
57.925
57.9399
57.9543
57.968
57.9815
57.996
58.0088
58.0217
58.036
58.05
58.0626
58.0755
58.09
58.1053
58.1187
58.1327
58.1479
58.1623
58.1754
58.1896
58.2048
58.2192
58.2345
58.2478
58.2621
58.277
58.2897
58.3057
58.3215
58.3361
58.3497
58.3655
58.3814
58.3944
58.4086
58.4237
58.4375
58.4543
58.468
58.4823
58.4973
58.5124
58.5287
58.5443
58.5591
58.5738
58.5877
58.6023
58.617
58.6306
58.6453
58.6618
58.676
58.6912
58.707
58.7197
58.7387
58.7561
58.7706
58.787
58.8011
58.8157
58.8318
58.8474
58.8641
58.8792
58.8936
58.9085
58.9244
58.9413
58.958
58.974
58.9905
59.0062
59.0205
59.0367
59.0521
59.0698
59.0844
59.1003
59.1162
59.1341
59.1504
59.1677
59.1852
59.2024
59.2202
59.2367
59.2518
59.2681
59.2825
59.2989
59.3152
59.3327
59.3493
59.3666
59.3853
59.4009
59.4167
59.434
59.4515
59.468
59.4859
59.5045
59.5211
59.5371
59.5546
59.5723
59.5899
59.6071
59.6242
59.6391
59.6563
59.6738
59.6922
59.7108
59.7288
59.7464
59.763
59.7833
59.8031
59.8201
59.8399
59.8585
59.8754
59.893
59.9109
59.929
59.9485
59.9657
59.9846
60.0031
60.0214
60.0403
60.0581
60.0764
60.0941
60.1111
60.131
60.149
60.1681
60.1863
60.2068
60.2266
60.2461
60.2647
60.2832
60.3027
60.3245
60.3449
60.3652
60.3856
60.4072
60.427
60.4455
60.4658
60.4844
60.5053
60.5244
60.5454
60.5667
60.5879
60.6067
60.6267
60.6483
60.6701
60.6915
60.7124
60.7353
60.7548
60.7744
60.7958
60.8168
60.8383
60.8622
60.8833
60.9042
60.9276
60.9503
60.9735
60.9963
61.0155
61.0371
61.0585
61.0825
61.1067
61.128
61.1498
61.1717
61.1955
61.2173
61.2414
61.2655
61.2865
61.3082
61.3308
61.353
61.3752
61.3973
61.4215
61.4442
61.465
61.4874
61.5101
61.5368
61.5589
61.5796
61.6043
61.6271
61.649
61.6727
61.698
61.7199
61.7457
61.7715
61.7973
61.8246
61.849
61.8765
61.9006
61.9258
61.9518
61.9739
62.0003
62.0248
62.0513
62.0774
62.1049
62.1302
62.1567
62.1842
62.2115
62.2387
62.2653
62.2924
62.3213
62.3483
62.376
62.4044
62.4343
62.4622
62.4898
62.5168
62.5444
62.5743
62.6033
62.6312
62.6617
62.6915
62.721
62.7531
62.7853
62.8146
62.8419
62.8712
62.8957
62.9234
62.9571
62.9877
63.0192
63.051
63.0813
63.1133
63.1422
63.1731
63.2055
63.2344
63.2657
63.2917
63.3246
63.3543
63.3874
63.4208
63.4517
63.4808
63.517
63.557
63.5908
63.6254
63.6553
63.6883
63.7198
63.7576
63.7959
63.8278
63.8615
63.8968
63.9335
63.9711
64.006
64.044
64.0845
64.1207
64.1573
64.1916
64.2281
64.2638
64.3051
64.3474
64.389
64.4297
64.4701
64.5168
64.5554
64.5974
64.6352
64.6801
64.7266
64.7708
64.8173
64.8568
64.9048
64.9514
64.9912
65.0321
65.0756
65.1228
65.1653
65.2152
65.2645
65.3101
65.3612
65.41
65.4591
65.5104
65.563
65.6193
65.6685
65.7246
65.7819
65.837
65.8946
65.9455
66.0034
66.0569
66.1123
66.1664
66.2153
66.275
66.3376
66.3986
66.4646
66.5357
66.5982
66.6584
66.7162
66.7758
66.8379
66.9004
66.9664
67.0275
67.0978
67.1668
67.2437
67.3097
67.3805
67.4549
67.5375
67.6123
67.6961
67.7818
67.8686
67.9555
68.0415
68.1138
68.1967
68.2754
68.3665
68.4561
68.5385
68.6346
68.7363
68.8291
68.9341
69.0289
69.1429
69.2396
69.3245
69.4351
69.5544
69.6648
69.7797
69.884
70.0271
70.1699
70.314
70.4346
70.569
70.7214
70.8814
71.0335
71.1956
71.3599
71.524
71.704
71.8974
72.0875
72.2929
72.5067
72.764
73.0072
73.2926
73.579
73.927
74.2897
74.7059
75.1794
75.9369
77.1384
85.6639
