1
2
2.5
2.83333
3.08333
3.68333
3.68333
4.54048
4.54048
4.65159
6.55762
8.18899
9.49149
12.2717
14.7085
16.4183
17.9407
19.7294
21.0959
22.2208
23.1811
24.0074
24.7291
25.4052
26.0175
26.6894
27.3525
27.973
28.5298
29.0385
29.4989
29.8887
30.2949
30.6942
31.0889
31.4224
31.807
32.1428
32.472
32.7727
33.1384
33.4596
33.7616
34.0641
34.3282
34.5749
34.8619
35.1389
35.3671
35.6162
35.8483
36.1025
36.3596
36.5936
36.8182
37.0807
37.2937
37.4854
37.7063
37.9225
38.1115
38.3253
38.5242
38.7157
38.8955
39.0919
39.2569
39.4405
39.631
39.7912
39.9568
40.1397
40.2935
40.4477
40.6103
40.7674
40.9142
41.0682
41.222
41.37
41.524
41.6656
41.8002
41.9425
42.0728
42.2192
42.3539
42.4826
42.6187
42.763
42.9031
43.0416
43.1839
43.3255
43.4554
43.5825
43.6933
43.8251
43.9459
44.0711
44.196
44.3171
44.436
44.5656
44.6872
44.8016
44.9369
45.0594
45.1766
45.2957
45.4104
45.5221
45.6427
45.7749
45.9008
46.0197
46.1409
46.259
46.371
46.474
46.5851
46.703
46.8085
46.9185
47.0256
47.1431
47.2547
47.3649
47.4769
47.5935
47.6928
47.8025
47.9113
48.0169
48.129
48.2368
48.3437
48.4508
48.5592
48.6568
48.7689
48.874
48.9854
49.0787
49.171
49.2722
49.3814
49.4882
49.5928
49.6939
49.8059
49.9136
50.0161
50.1161
50.218
50.3213
50.4155
50.5133
50.6157
50.7143
50.8149
50.9036
51.0037
51.0969
51.2037
51.3079
51.4023
51.4942
51.5801
51.6858
51.7756
51.8736
51.9699
52.0543
52.1448
52.2415
52.3379
52.4442
52.5383
52.6331
52.7268
52.8238
52.91
53.0128
53.109
53.2153
53.3194
53.4194
53.5205
53.6198
53.7116
53.8071
53.8965
53.9918
54.0928
54.1951
54.2973
54.3986
54.4953
54.5919
54.6943
54.7871
54.8886
54.9973
55.099
55.1995
55.3112
55.4249
55.517
55.6254
55.7351
55.8526
55.9619
56.0605
56.1668
56.2771
56.3807
56.497
56.6013
56.7065
56.8133
56.9247
57.0425
57.1655
57.2735
57.3727
57.4806
57.5954
57.7158
57.8371
57.9478
58.0643
58.1884
58.299
58.4216
58.5343
58.6518
58.7721
58.8841
59.0101
59.1361
59.2646
59.3887
59.5079
59.6457
59.7702
59.8864
60.002
60.1206
60.2596
60.3818
60.501
60.613
60.7252
60.8449
60.9745
61.0909
61.2088
61.3313
61.4413
61.5535
61.6564
61.767
61.8735
61.9855
62.1062
62.2198
62.3346
62.4474
62.5495
62.6602
62.7721
62.8721
62.9836
63.0969
63.1873
63.2906
63.3924
63.5018
63.5911
63.6943
63.7928
63.8972
63.9961
64.0942
64.1876
64.2843
64.3809
64.4745
64.5737
64.6572
64.7589
64.8417
64.9437
65.0311
65.1228
65.2126
65.3045
65.3914
65.4769
65.5587
65.6495
65.7245
65.8052
65.8827
65.9728
66.0546
66.1442
66.2218
66.3063
66.3865
66.4678
66.5522
66.6434
66.7302
66.8098
66.8853
66.9677
67.0549
67.134
67.2117
67.286
67.3654
67.4455
67.5362
67.6125
67.69
67.766
67.8414
67.9256
68.0083
68.0775
68.1607
68.245
68.3158
68.3944
68.4758
68.5482
68.6278
68.7039
68.7701
68.8327
68.9071
68.976
69.0495
69.1213
69.1955
69.2642
69.3379
69.4053
69.4726
69.554
69.628
69.7033
69.7741
69.8426
69.9181
69.9936
70.069
70.1414
70.2124
70.2776
70.3512
70.4305
70.5016
70.5695
70.6401
70.7083
70.7785
70.8543
70.9286
71.0032
71.0767
71.1482
71.214
71.2842
71.3563
71.4241
71.4966
71.5604
71.6265
71.701
71.7684
71.8433
71.9099
71.9726
72.0475
72.1174
72.18
72.2445
72.3081
72.377
72.4437
72.5125
72.5827
72.6517
72.7175
72.778
72.8528
72.9204
72.9911
73.0517
73.1122
73.178
73.2481
73.3176
73.3827
73.4466
73.5125
73.5728
73.6352
73.6975
73.7638
73.8262
73.8885
73.9542
74.0211
74.0791
74.1425
74.2114
74.2706
74.3381
74.404
74.4691
74.5346
74.5939
74.6601
74.7204
74.7847
74.8422
74.8999
74.9584
75.0256
75.0904
75.1429
75.2028
75.2687
75.3275
75.3872
75.4493
75.5077
75.5575
75.6085
75.662
75.7176
75.7843
75.8422
75.9004
75.9622
76.0156
76.0699
76.1196
76.172
76.2204
76.2817
76.3395
76.395
76.4553
76.5101
76.5626
76.613
76.669
76.7185
76.771
76.8256
76.8792
76.9265
76.9781
77.025
77.0789
77.1275
77.1843
77.2355
77.2839
77.3304
77.382
77.4354
77.4811
77.537
77.5836
77.6381
77.6832
77.7324
77.7796
77.8221
77.8688
77.9187
77.9677
78.0178
78.0657
78.117
78.163
78.2078
78.2568
78.3062
78.3542
78.4073
78.4562
78.5063
78.5569
78.6026
78.6553
78.7039
78.7521
78.7967
78.8424
78.8877
78.9378
78.981
79.0227
79.0713
79.1185
79.1608
79.1988
79.2447
79.2833
79.3261
79.3711
79.4165
79.4616
79.5054
79.5496
79.5951
79.6349
79.6775
79.7209
79.7624
79.8059
79.8465
79.8902
79.9344
79.9763
80.0191
80.0663
80.1103
80.1505
80.1896
80.2308
80.2717
80.3171
80.3565
80.3962
80.4366
80.4859
80.5279
80.5657
80.5987
80.6406
80.6759
80.7172
80.7546
80.7943
80.835
80.8766
80.9164
80.9567
80.9958
81.0351
81.0742
81.1098
81.1497
81.1869
81.2226
81.2641
81.304
81.3349
81.3714
81.4103
81.4464
81.4784
81.5166
81.5512
81.5922
81.6273
81.6621
81.6924
81.7323
81.771
81.8088
81.8426
81.8776
81.9116
81.9469
81.9812
82.0179
82.0564
82.0931
82.1288
82.1619
82.1989
82.2396
82.2727
82.3054
82.3401
82.3806
82.4137
82.4508
82.4833
82.5197
82.5584
82.5965
82.6295
82.6665
82.7021
82.7384
82.7709
82.8028
82.84
82.8759
82.9109
82.9452
82.9835
83.0191
83.0545
83.0914
83.126
83.1602
83.1983
83.2305
83.2672
83.3023
83.3345
83.3716
83.407
83.4442
83.4731
83.5064
83.5447
83.5781
83.6091
83.6436
83.6776
83.7119
83.7427
83.7784
83.812
83.8479
83.8828
83.9211
83.957
83.9875
84.0227
84.059
84.0925
84.1288
84.1613
84.1923
84.222
84.256
84.2875
84.3204
84.3525
84.3863
84.4171
84.4469
84.4815
84.5154
84.5512
84.5889
84.6256
84.6597
84.6951
84.7301
84.7598
84.7919
84.8272
84.861
84.8943
84.9257
84.9633
84.9963
85.031
85.0659
85.099
85.1307
85.1642
85.198
85.2311
85.2624
85.2927
85.3246
85.3541
85.3877
85.4222
85.4583
85.4901
85.5221
85.5559
85.5879
85.6198
85.6533
85.6858
85.7202
85.7542
85.7843
85.8195
85.8547
85.8836
85.9182
85.9499
85.9846
86.017
86.0545
86.0906
86.1231
86.1559
86.188
86.2241
86.2589
86.2949
86.326
86.3558
86.3855
86.4154
86.4474
86.48
86.5098
86.542
86.5717
86.6055
86.6354
86.6694
86.6995
86.7324
86.7615
86.7905
86.8227
86.8545
86.8885
86.9207
86.9503
86.9831
87.0143
87.0508
87.0803
87.1164
87.148
87.1833
87.2126
87.2455
87.2782
87.304
87.3342
87.3636
87.3973
87.4266
87.4597
87.4919
87.5232
87.5555
87.5841
87.6154
87.6488
87.6799
87.7107
87.7411
87.7746
87.803
87.8341
87.8648
87.8968
87.9266
87.9573
87.9886
88.0178
88.0516
88.0857
88.1179
88.1491
88.1782
88.2075
88.2391
88.2692
88.3026
88.336
88.3698
88.404
88.4351
88.4648
88.4939
88.5275
88.5576
88.5896
88.6239
88.6615
88.695
88.7235
88.754
88.7856
88.8134
88.8396
88.8732
88.9045
88.9362
88.9674
88.9976
89.0302
89.0583
89.0906
89.1241
89.1582
89.1881
89.2202
89.2479
89.2804
89.3119
89.3402
89.371
89.4013
89.4312
89.458
89.4918
89.5209
89.5479
89.5783
89.6099
89.6374
89.6653
89.6955
89.7244
89.7572
89.7854
89.8175
89.8478
89.8783
89.9127
89.9426
89.9681
90.0017
90.0315
90.0633
90.0905
90.1181
90.1455
90.1753
90.2071
90.238
90.264
90.2947
90.3229
90.3523
90.3825
90.4098
90.4382
90.4672
90.4988
90.5271
90.5564
90.5828
90.6098
90.6386
90.6657
90.6954
90.7215
90.7487
90.7768
90.8049
90.8326
90.8609
90.8881
90.9161
90.9454
90.9739
91.0053
91.0306
91.0596
91.0865
91.1145
91.1417
91.1702
91.1999
91.2281
91.255
91.2827
91.3035
91.3298
91.3597
91.3896
91.4161
91.4488
91.4787
91.5022
91.5304
91.5559
91.5851
91.6155
91.6464
91.6751
91.7032
91.7282
91.7563
91.7826
91.8104
91.8347
91.8614
91.8887
91.9183
91.9461
91.9724
91.9977
92.0248
92.0526
92.0816
92.109
92.137
92.1637
92.1896
92.213
92.24
92.2662
92.2952
92.3255
92.3546
92.3827
92.4125
92.4394
92.4651
92.4917
92.5226
92.5456
92.5722
92.6003
92.6248
92.6499
92.6763
92.7023
92.7276
92.7546
92.7824
92.8064
92.8342
92.8599
92.8828
92.9118
92.9358
92.9606
92.9909
93.0149
93.0414
93.0686
93.0959
93.1232
93.1463
93.1721
93.1987
93.2248
93.2487
93.2764
93.304
93.3304
93.3564
93.3867
93.4108
93.4377
93.4634
93.4875
93.5171
93.5431
93.5723
93.5986
93.6271
93.6533
93.6774
93.7032
93.7287
93.7571
93.7841
93.8098
93.8383
93.8664
93.8936
93.9208
93.9498
93.9733
94.0038
94.0286
94.0569
94.0872
94.1126
94.1398
94.1635
94.1887
94.2148
94.2416
94.2679
94.2946
94.3207
94.3462
94.3714
94.3976
94.4218
94.4485
94.4731
94.5033
94.5312
94.5586
94.5842
94.6097
94.6366
94.6628
94.688
94.7146
94.738
94.7645
94.7915
94.8192
94.8444
94.8725
94.9003
94.9247
94.9482
94.9749
95.002
95.0276
95.053
95.0776
95.1019
95.1284
95.1538
95.1784
95.2047
95.2308
95.2569
95.2833
95.31
95.3365
95.3638
95.3901
95.4164
95.4449
95.4731
95.4959
95.5224
95.5481
95.5737
95.6
95.6236
95.651
95.6803
95.7043
95.7287
95.7533
95.7807
95.8086
95.8361
95.8607
95.8884
95.9119
95.937
95.9635
95.9865
96.0122
96.0394
96.0656
96.0929
96.1173
96.139
96.1639
96.1906
96.2179
96.2439
96.2703
96.2955
96.32
96.3425
96.3668
96.3946
96.4208
96.4509
96.4788
96.5021
96.5262
96.5508
96.5736
96.5974
96.6255
96.6531
96.6766
96.7063
96.7327
96.7567
96.7827
96.8068
96.8333
96.8567
96.8808
96.9093
96.9324
96.9558
96.98
97.0031
97.0317
97.0576
97.0808
97.107
97.131
97.1563
97.1802
97.2041
97.231
97.2566
97.2836
97.3089
97.3345
97.3598
97.3853
97.4114
97.4388
97.4661
97.4933
97.5189
97.5453
97.5694
97.5946
97.6218
97.6475
97.6708
97.6985
97.7204
97.7462
97.7717
97.7959
97.8204
97.8435
97.8647
97.8887
97.9154
97.9396
97.9639
97.99
98.0151
98.0412
98.0657
98.0897
98.1132
98.136
98.1628
98.1853
98.2131
98.2364
98.2618
98.2842
98.3106
98.3342
98.359
98.384
98.411
98.4334
98.4601
98.4868
98.5095
98.5336
98.5531
98.5758
98.5997
98.6236
98.6506
98.6744
98.7001
98.7241
98.7487
98.7738
98.7976
98.8212
98.843
98.8652
98.8875
98.9101
98.9328
98.9579
98.9814
99.0054
99.0311
99.0522
99.0748
99.0995
99.1215
99.1443
99.1686
99.1917
99.2174
99.2416
99.265
99.2899
99.3108
99.3372
99.3596
99.3828
99.4091
99.4318
99.4538
99.4779
99.5013
99.5249
99.5482
99.5723
99.5961
99.6186
99.6408
99.6631
99.6845
99.7063
99.7312
99.7534
99.7772
99.7965
99.821
99.8443
99.8666
99.8874
99.9106
99.9339
99.9571
99.9786
100.002
100.022
100.043
100.068
100.092
100.112
100.136
100.158
100.181
100.202
100.227
100.247
100.272
100.296
100.317
100.34
100.36
100.384
100.407
100.428
100.448
100.471
100.495
100.518
100.539
100.565
100.587
100.61
100.632
100.656
100.678
100.703
100.726
100.748
100.771
100.794
100.813
100.836
100.857
100.88
100.902
100.922
100.945
100.965
100.988
101.01
101.03
101.051
101.074
101.099
101.123
101.143
101.167
101.191
101.214
101.237
101.259
101.284
101.304
101.327
101.35
101.372
101.395
101.418
101.442
101.465
101.486
101.507
101.526
101.548
101.573
101.595
101.619
101.642
101.664
101.686
101.706
101.727
101.752
101.772
101.793
101.816
101.839
101.864
101.887
101.91
101.932
101.954
101.976
101.998
102.019
102.04
102.061
102.082
102.103
102.126
102.148
102.168
102.19
102.212
102.234
102.255
102.278
102.3
102.323
102.345
102.37
102.392
102.413
102.436
102.458
102.482
102.504
102.527
102.546
102.569
102.59
102.611
102.635
102.655
102.676
102.697
102.719
102.74
102.761
102.784
102.806
102.831
102.854
102.878
102.9
102.921
102.944
102.966
102.988
103.01
103.031
103.051
103.075
103.098
103.122
103.143
103.164
103.185
103.207
103.231
103.253
103.275
103.294
103.317
103.337
103.357
103.382
103.401
103.427
103.449
103.47
103.491
103.514
103.536
103.558
103.578
103.598
103.623
103.647
103.666
103.687
103.708
103.73
103.754
103.778
103.8
103.821
103.844
103.866
103.89
103.913
103.935
103.958
103.981
104.004
104.025
104.047
104.068
104.093
104.117
104.139
104.159
104.18
104.203
104.224
104.243
104.267
104.288
104.313
104.334
104.354
104.377
104.399
104.421
104.445
104.469
104.489
104.513
104.535
104.558
104.58
104.604
104.626
104.649
104.671
104.692
104.713
104.737
104.757
104.78
104.801
104.824
104.845
104.869
104.89
104.914
104.939
104.959
104.983
105.004
105.026
105.049
105.072
105.096
105.119
105.143
105.165
105.187
105.211
105.235
105.258
105.279
105.301
105.325
105.349
105.37
105.391
105.413
105.437
105.459
105.48
105.504
105.525
105.547
105.571
105.596
105.618
105.641
105.663
105.683
105.704
105.726
105.749
105.77
105.79
105.815
105.839
105.863
105.887
105.91
105.935
105.956
105.98
106.003
106.026
106.051
106.074
106.097
106.117
106.14
106.164
106.185
106.209
106.233
106.257
106.281
106.305
106.327
106.35
106.375
106.398
106.421
106.446
106.469
106.49
106.516
106.538
106.564
106.585
106.611
106.634
106.656
106.679
106.701
106.726
106.75
106.774
106.798
106.822
106.847
106.87
106.891
106.914
106.937
106.96
106.983
107.008
107.029
107.054
107.08
107.103
107.126
107.152
107.176
107.2
107.224
107.247
107.274
107.3
107.323
107.345
107.37
107.396
107.419
107.443
107.468
107.494
107.522
107.547
107.574
107.601
107.624
107.648
107.671
107.698
107.723
107.746
107.773
107.797
107.819
107.845
107.871
107.895
107.92
107.947
107.969
107.994
108.018
108.041
108.068
108.094
108.118
108.144
108.167
108.192
108.214
108.237
108.265
108.293
108.317
108.342
108.366
108.393
108.419
108.442
108.467
108.494
108.52
108.546
108.571
108.596
108.622
108.647
108.672
108.697
108.724
108.748
108.774
108.798
108.822
108.848
108.874
108.902
108.929
108.951
108.977
109.004
109.03
109.056
109.08
109.111
109.14
109.167
109.194
109.221
109.248
109.275
109.301
109.325
109.352
109.378
109.405
109.433
109.46
109.484
109.511
109.536
109.562
109.586
109.612
109.639
109.668
109.692
109.718
109.743
109.767
109.791
109.816
109.843
109.87
109.895
109.921
109.947
109.973
109.999
110.024
110.049
110.074
110.1
110.127
110.154
110.179
110.207
110.235
110.259
110.288
110.315
110.341
110.368
110.393
110.421
110.448
110.474
110.502
110.528
110.555
110.58
110.607
110.632
110.657
110.681
110.705
110.732
110.757
110.784
110.81
110.833
110.859
110.885
110.912
110.937
110.961
110.987
111.013
111.038
111.065
111.09
111.118
111.147
111.171
111.196
111.223
111.249
111.279
111.305
111.333
111.362
111.389
111.411
111.439
111.467
111.492
111.515
111.539
111.564
111.593
111.62
111.642
111.664
111.692
111.719
111.744
111.769
111.797
111.82
111.847
111.875
111.9
111.928
111.954
111.98
112.005
112.032
112.059
112.085
112.108
112.134
112.157
112.18
112.204
112.227
112.253
112.277
112.301
112.327
112.353
112.379
112.404
112.432
112.455
112.482
112.507
112.533
112.555
112.582
112.608
112.633
112.655
112.677
112.701
112.724
112.752
112.774
112.799
112.824
112.85
112.872
112.901
112.925
112.947
112.972
112.994
113.017
113.042
113.065
113.088
113.109
113.132
113.153
113.179
113.201
113.225
113.25
113.273
113.298
113.322
113.346
113.368
113.391
113.416
113.442
113.464
113.487
113.51
113.534
113.556
113.581
113.603
113.625
113.647
113.669
113.69
113.712
113.735
113.756
113.778
113.801
113.825
113.849
113.871
113.893
113.915
113.938
113.96
113.984
114.006
114.029
114.05
114.072
114.095
114.118
114.142
114.165
114.185
114.206
114.226
114.25
114.27
114.291
114.313
114.334
114.355
114.375
114.395
114.418
114.44
114.464
114.485
114.509
114.532
114.552
114.577
114.596
114.616
114.638
114.66
114.684
114.709
114.729
114.751
114.775
114.795
114.817
114.839
114.859
114.882
114.907
114.929
114.949
114.969
114.992
115.015
115.034
115.055
115.078
115.099
115.119
115.143
115.164
115.184
115.205
115.224
115.246
115.268
115.288
115.31
115.332
115.35
115.372
115.393
115.415
115.434
115.455
115.476
115.495
115.517
115.537
115.56
115.583
115.603
115.626
115.646
115.665
115.686
115.706
115.728
115.75
115.772
115.796
115.816
115.837
115.859
115.879
115.901
115.921
115.939
115.959
115.98
116.003
116.025
116.042
116.062
116.083
116.102
116.123
116.142
116.163
116.184
116.205
116.225
116.245
116.264
116.286
116.308
116.328
116.351
116.37
116.388
116.41
116.431
116.453
116.473
116.492
116.513
116.535
116.554
116.574
116.594
116.613
116.634
116.655
116.677
116.697
116.717
116.736
116.755
116.773
116.794
116.815
116.837
116.856
116.877
116.895
116.915
116.936
116.956
116.977
116.998
117.017
117.038
117.057
117.078
117.098
117.117
117.136
117.156
117.174
117.194
117.214
117.232
117.253
117.274
117.297
117.316
117.334
117.355
117.375
117.395
117.414
117.434
117.454
117.472
117.491
117.51
117.53
117.548
117.567
117.586
117.604
117.624
117.644
117.662
117.682
117.702
117.722
117.742
117.764
117.782
117.804
117.823
117.843
117.861
117.88
117.9
117.919
117.939
117.961
117.98
117.999
118.021
118.039
118.059
118.078
118.096
118.116
118.135
118.153
118.17
118.191
118.209
118.228
118.246
118.266
118.285
118.303
118.322
118.342
118.36
118.379
118.399
118.417
118.436
118.457
118.475
118.496
118.514
118.533
118.551
118.57
118.592
118.61
118.631
118.646
118.666
118.685
118.705
118.724
118.743
118.761
118.778
118.796
118.814
118.833
118.853
118.872
118.891
118.908
118.927
118.948
118.967
118.986
119.006
119.025
119.044
119.062
119.08
119.099
119.118
119.136
119.155
119.173
119.192
119.211
119.231
119.247
119.268
119.285
119.303
119.32
119.339
119.357
119.375
119.392
119.41
119.428
119.447
119.463
119.482
119.501
119.52
119.539
119.557
119.576
119.594
119.613
119.63
119.65
119.668
119.688
119.707
119.726
119.743
119.761
119.78
119.799
119.815
119.833
119.851
119.869
119.888
119.906
119.925
119.943
119.961
119.979
119.998
120.014
120.034
120.053
120.071
120.09
120.106
120.126
120.147
120.165
120.183
120.2
120.218
120.237
120.255
120.276
120.293
120.313
120.331
120.351
120.369
120.387
120.406
120.426
120.445
120.465
120.484
120.502
120.52
120.537
120.557
120.575
120.593
120.609
120.628
120.648
120.665
120.684
120.702
120.719
120.738
120.757
120.775
120.794
120.812
120.83
120.847
120.864
120.883
120.901
120.919
120.939
120.956
120.973
120.992
121.01
121.029
121.046
121.066
121.084
121.104
121.121
121.142
121.161
121.179
121.196
121.215
121.234
121.251
121.271
121.289
121.305
121.323
121.341
121.359
121.378
121.396
121.415
121.433
121.45
121.47
121.488
121.505
121.526
121.544
121.561
121.582
121.599
121.616
121.633
121.651
121.668
121.685
121.703
121.721
121.738
121.759
121.775
121.794
121.811
121.831
121.849
121.865
121.882
121.9
121.92
121.936
121.955
121.972
121.989
122.005
122.021
122.038
122.055
122.074
122.091
122.108
122.125
122.144
122.165
122.183
122.2
122.218
122.235
122.254
122.272
122.29
122.308
122.326
122.344
122.362
122.379
122.397
122.416
122.431
122.451
122.469
122.485
122.502
122.521
122.54
122.558
122.576
122.595
122.614
122.631
122.65
122.665
122.684
122.701
122.72
122.738
122.756
122.776
122.793
122.808
122.826
122.846
122.863
122.883
122.9
122.917
122.936
122.955
122.974
122.993
123.011
123.03
123.048
123.064
123.081
123.099
123.118
123.135
123.153
123.171
123.188
123.205
123.222
123.24
123.258
123.275
123.292
123.31
123.328
123.346
123.364
123.383
123.403
123.424
123.442
123.46
123.477
123.493
123.511
123.527
123.545
123.564
123.581
123.6
123.617
123.634
123.653
123.67
123.687
123.705
123.723
123.74
123.758
123.776
123.792
123.809
123.828
123.844
123.86
123.877
123.895
123.914
123.931
123.949
123.965
123.984
124.001
124.017
124.034
124.051
124.066
124.082
124.1
124.115
124.13
124.148
124.166
124.184
124.2
124.218
124.238
124.256
124.272
124.289
124.306
124.321
124.339
124.358
124.376
124.393
124.409
124.426
124.442
124.459
124.475
124.494
124.511
124.529
124.548
124.565
124.583
124.599
124.616
124.634
124.651
124.668
124.686
124.703
124.719
124.738
124.758
124.774
124.79
124.807
124.822
124.838
124.856
124.874
124.892
124.908
124.928
124.946
124.963
124.98
124.996
125.013
125.031
125.047
125.065
125.081
125.098
125.116
125.133
125.15
125.168
125.187
125.204
125.221
125.24
125.258
125.274
125.29
125.307
125.324
125.344
125.36
125.381
125.399
125.414
125.43
125.447
125.465
125.484
125.501
125.518
125.535
125.55
125.569
125.586
125.604
125.62
125.638
125.656
125.672
125.69
125.705
125.72
125.735
125.751
125.768
125.783
125.801
125.818
125.834
125.851
125.866
125.88
125.898
125.915
125.932
125.95
125.968
125.984
126.001
126.018
126.035
126.053
126.071
126.087
126.103
126.119
126.137
126.154
126.17
126.186
126.2
126.216
126.232
126.249
126.266
126.284
126.301
126.315
126.333
126.352
126.371
126.387
126.403
126.422
126.437
126.452
126.469
126.487
126.504
126.521
126.538
126.555
126.57
126.586
126.603
126.62
126.636
126.654
126.672
126.69
126.706
126.724
126.741
126.758
126.778
126.793
126.81
126.828
126.845
126.861
126.876
126.894
126.91
126.927
126.944
126.958
126.975
126.99
127.006
127.023
127.038
127.055
127.07
127.086
127.102
127.118
127.133
127.15
127.165
127.181
127.197
127.216
127.232
127.248
127.264
127.28
127.298
127.315
127.331
127.349
127.367
127.385
127.4
127.416
127.433
127.45
127.466
127.483
127.501
127.518
127.534
127.55
127.567
127.584
127.601
127.619
127.635
127.651
127.665
127.681
127.698
127.714
127.731
127.748
127.765
127.781
127.797
127.814
127.829
127.845
127.859
127.878
127.897
127.913
127.93
127.948
127.964
127.98
127.996
128.011
128.028
128.043
128.062
128.08
128.095
128.113
128.13
128.147
128.164
128.18
128.195
128.212
128.227
128.246
128.263
128.279
128.295
128.31
128.328
128.345
128.362
128.379
128.394
128.41
128.427
128.445
128.462
128.48
128.497
128.514
128.531
128.548
128.565
128.582
128.599
128.617
128.634
128.65
128.665
128.684
128.702
128.72
128.738
128.755
128.772
128.787
128.804
128.819
128.836
128.852
128.868
128.884
128.901
128.919
128.935
128.951
128.967
128.982
128.999
129.015
129.032
129.048
129.064
129.08
129.096
129.113
129.129
129.145
129.163
129.178
129.194
129.211
129.228
129.245
129.26
129.277
129.294
129.311
129.326
129.343
129.361
129.378
129.396
129.413
129.43
129.447
129.463
129.479
129.496
129.511
129.528
129.544
129.562
129.578
129.596
129.611
129.628
129.644
129.66
129.676
129.693
129.711
129.728
129.745
129.763
129.779
129.794
129.813
129.829
129.845
129.863
129.88
129.896
129.913
129.931
129.948
129.965
129.983
130
130.019
130.034
130.051
130.067
130.083
130.1
130.117
130.134
130.152
130.169
130.186
130.201
130.219
130.235
130.25
130.268
130.284
130.3
130.315
130.333
130.349
130.366
130.383
130.4
130.419
130.434
130.451
130.47
130.485
130.501
130.519
130.536
130.55
130.566
130.585
130.602
130.618
130.636
130.652
130.669
130.686
130.703
130.721
130.736
130.754
130.771
130.787
130.804
130.823
130.839
130.855
130.872
130.889
130.907
130.923
130.939
130.956
130.972
130.988
131.005
131.022
131.041
131.06
131.078
131.096
131.113
131.13
131.146
131.164
131.181
131.196
131.215
131.232
131.249
131.265
131.28
131.299
131.316
131.332
131.35
131.366
131.382
131.399
131.42
131.438
131.455
131.472
131.489
131.505
131.521
131.537
131.554
131.57
131.588
131.603
131.62
131.637
131.652
131.67
131.688
131.707
131.725
131.742
131.759
131.776
131.794
131.81
131.827
131.844
131.859
131.876
131.892
131.908
131.927
131.944
131.961
131.976
131.994
132.01
132.028
132.046
132.062
132.079
132.096
132.115
132.134
132.148
132.164
132.181
132.197
132.213
132.23
132.248
132.266
132.283
132.3
132.319
132.337
132.353
132.369
132.386
132.406
132.423
132.44
132.458
132.476
132.492
132.509
132.525
132.541
132.558
132.576
132.594
132.61
132.626
132.642
132.658
132.673
132.691
132.707
132.726
132.743
132.76
132.776
132.793
132.809
132.827
132.845
132.862
132.88
132.896
132.914
132.928
132.945
132.961
132.976
132.993
133.009
133.026
133.042
133.059
133.077
133.093
133.11
133.127
133.143
133.16
133.175
133.192
133.209
133.223
133.24
133.257
133.275
133.29
133.308
133.324
133.341
133.357
133.374
133.392
133.408
133.423
133.441
133.457
133.475
133.493
133.509
133.526
133.542
133.558
133.576
133.594
133.612
133.628
133.644
133.66
133.676
133.693
133.711
133.726
133.743
133.76
133.777
133.794
133.81
133.826
133.844
133.859
133.874
133.891
133.908
133.924
133.94
133.956
133.974
133.993
134.01
134.026
134.041
134.059
134.076
134.093
134.111
134.127
134.143
134.159
134.173
134.191
134.207
134.223
134.239
134.254
134.271
134.287
134.303
134.319
134.336
134.352
134.369
134.385
134.403
134.419
134.436
134.451
134.468
134.485
134.501
134.517
134.533
134.549
134.565
134.58
134.597
134.611
134.628
134.642
134.659
134.674
134.691
134.705
134.721
134.736
134.75
134.765
134.78
134.796
134.812
134.83
134.847
134.862
134.878
134.892
134.909
134.924
134.941
134.957
134.972
134.987
135.003
135.019
135.035
135.051
135.067
135.084
135.1
135.116
135.132
135.148
135.165
135.182
135.197
135.213
135.228
135.245
135.259
135.276
135.293
135.309
135.325
135.341
135.356
135.372
135.387
135.405
135.421
135.438
135.455
135.469
135.484
135.499
135.514
135.53
135.543
135.558
135.573
135.589
135.606
135.621
135.638
135.651
135.665
135.682
135.699
135.717
135.732
135.747
135.763
135.78
135.793
135.809
135.823
135.839
135.854
135.871
135.888
135.903
135.919
135.936
135.952
135.968
135.984
135.998
136.015
136.029
136.044
136.061
136.077
136.093
136.109
136.125
136.142
136.157
136.173
136.191
136.208
136.225
136.24
136.256
136.272
136.288
136.306
136.321
136.339
136.355
136.371
136.388
136.404
136.419
136.437
136.452
136.468
136.483
136.498
136.514
136.529
136.545
136.561
136.574
136.589
136.605
136.621
136.636
136.651
136.666
136.682
136.698
136.713
136.728
136.742
136.757
136.771
136.786
136.8
136.816
136.832
136.847
136.863
136.877
136.892
136.91
136.924
136.94
136.957
136.971
136.988
137.004
137.019
137.035
137.051
137.065
137.081
137.097
137.112
137.128
137.144
137.157
137.173
137.189
137.207
137.222
137.237
137.253
137.269
137.284
137.298
137.313
137.328
137.342
137.358
137.372
137.387
137.403
137.419
137.434
137.448
137.464
137.478
137.495
137.509
137.524
137.541
137.558
137.573
137.589
137.604
137.619
137.633
137.648
137.664
137.677
137.692
137.707
137.724
137.739
137.754
137.769
137.784
137.799
137.813
137.829
137.844
137.861
137.876
137.89
137.905
137.919
137.934
137.95
137.965
137.98
137.994
138.01
138.026
138.041
138.057
138.072
138.087
138.101
138.115
138.13
138.146
138.161
138.174
138.189
138.204
138.218
138.233
138.25
138.265
138.279
138.294
138.308
138.322
138.339
138.353
138.37
138.384
138.399
138.413
138.429
138.443
138.458
138.473
138.488
138.504
138.518
138.533
138.548
138.563
138.579
138.594
138.609
138.625
138.638
138.654
138.669
138.685
138.7
138.713
138.728
138.742
138.756
138.771
138.785
138.798
138.813
138.827
138.844
138.858
138.874
138.889
138.904
138.921
138.937
138.952
138.969
138.981
138.995
139.009
139.023
139.038
139.055
139.071
139.085
139.101
139.116
139.131
139.145
139.159
139.175
139.19
139.205
139.219
139.232
139.247
139.261
139.275
139.289
139.304
139.317
139.331
139.346
139.359
139.373
139.388
139.401
139.416
139.43
139.445
139.459
139.474
139.488
139.504
139.518
139.532
139.545
139.559
139.575
139.59
139.603
139.618
139.633
139.647
139.66
139.674
139.687
139.702
139.718
139.732
139.747
139.761
139.776
139.791
139.804
139.817
139.83
139.844
139.857
139.871
139.883
139.898
139.913
139.928
139.943
139.956
139.97
139.984
139.998
140.011
140.024
140.036
140.05
140.065
140.078
140.091
140.106
140.12
140.133
140.146
140.162
140.176
140.191
140.206
140.22
140.234
140.249
140.262
140.277
140.291
140.307
140.32
140.333
140.347
140.362
140.376
140.391
140.405
140.418
140.433
140.448
140.464
140.479
140.492
140.507
140.521
140.535
140.55
140.564
140.579
140.592
140.606
140.621
140.634
140.647
140.66
140.674
140.687
140.701
140.714
140.727
140.74
140.754
140.767
140.781
140.794
140.807
140.82
140.834
140.848
140.86
140.875
140.889
140.905
140.918
140.931
140.944
140.957
140.972
140.984
140.998
141.011
141.025
141.039
141.053
141.066
141.079
141.092
141.106
141.12
141.134
141.146
141.161
141.174
141.186
141.199
141.213
141.226
141.241
141.255
141.27
141.282
141.294
141.306
141.319
141.334
141.347
141.36
141.373
141.384
141.398
141.412
141.425
141.438
141.45
141.463
141.477
141.491
141.505
141.519
141.532
141.545
141.558
141.571
141.584
141.599
141.614
141.628
141.642
141.656
141.668
141.681
141.694
141.707
141.72
141.733
141.747
141.759
141.772
141.784
141.797
141.809
141.823
141.836
141.849
141.861
141.875
141.888
141.9
141.913
141.926
141.939
141.951
141.964
141.976
141.99
142.004
142.016
142.03
142.042
142.054
142.068
142.08
142.093
142.104
142.117
142.13
142.142
142.157
142.168
142.181
142.194
142.21
142.224
142.238
142.25
142.262
142.275
142.287
142.3
142.313
142.326
142.338
142.352
142.366
142.38
142.392
142.405
142.418
142.431
142.444
142.458
142.471
142.484
142.497
142.511
142.522
142.535
142.548
142.561
142.574
142.588
142.599
142.613
142.625
142.637
142.65
142.662
142.674
142.688
142.7
142.713
142.726
142.738
142.751
142.764
142.777
142.79
142.803
142.817
142.829
142.842
142.855
142.868
142.881
142.894
142.906
142.92
142.932
142.946
142.958
142.97
142.982
142.995
143.009
143.021
143.033
143.045
143.06
143.072
143.085
143.098
143.11
143.122
143.135
143.149
143.162
143.175
143.19
143.202
143.214
143.226
143.239
143.251
143.263
143.275
143.288
143.301
143.314
143.326
143.339
143.353
143.367
143.379
143.392
143.403
143.416
143.428
143.441
143.454
143.468
143.48
143.491
143.505
143.517
143.529
143.541
143.553
143.565
143.578
143.591
143.605
143.618
143.631
143.644
143.656
143.669
143.682
143.695
143.708
143.722
143.734
143.747
143.76
143.772
143.786
143.797
143.809
143.821
143.834
143.845
143.858
143.871
143.884
143.896
143.91
143.92
143.931
143.946
143.958
143.971
143.983
143.995
144.006
144.018
144.031
144.043
144.054
144.068
144.081
144.093
144.106
144.119
144.13
144.144
144.157
144.169
144.18
144.192
144.206
144.218
144.23
144.243
144.255
144.268
144.282
144.295
144.307
144.319
144.333
144.345
144.358
144.37
144.382
144.394
144.407
144.419
144.433
144.446
144.458
144.47
144.482
144.493
144.506
144.518
144.532
144.544
144.558
144.571
144.583
144.595
144.607
144.618
144.631
144.642
144.653
144.666
144.68
144.692
144.705
144.717
144.73
144.743
144.756
144.77
144.782
144.795
144.808
144.823
144.835
144.848
144.86
144.874
144.887
144.9
144.912
144.924
144.936
144.948
144.961
144.974
144.986
144.999
145.011
145.023
145.037
145.05
145.063
145.075
145.087
145.099
145.111
145.122
145.136
145.148
145.161
145.174
145.186
145.198
145.21
145.223
145.236
145.247
145.26
145.273
145.284
145.298
145.311
145.323
145.336
145.349
145.363
145.374
145.387
145.4
145.412
145.425
145.438
145.451
145.464
145.477
145.488
145.5
145.513
145.526
145.54
145.552
145.564
145.575
145.587
145.599
145.611
145.623
145.636
145.647
145.662
145.676
145.688
145.701
145.713
145.725
145.738
145.751
145.763
145.776
145.788
145.799
145.812
145.824
145.836
145.849
145.861
145.873
145.886
145.9
145.911
145.924
145.936
145.95
145.962
145.974
145.987
145.999
146.011
146.022
146.036
146.048
146.061
146.074
146.087
146.1
146.114
146.125
146.138
146.151
146.165
146.178
146.19
146.203
146.215
146.228
146.24
146.253
146.265
146.277
146.291
146.302
146.314
146.325
146.338
146.35
146.362
146.375
146.387
146.399
146.411
146.423
146.436
146.448
146.46
146.473
146.485
146.496
146.51
146.521
146.533
146.546
146.558
146.571
146.583
146.595
146.608
146.619
146.632
146.644
146.655
146.668
146.68
146.693
146.705
146.717
146.729
146.741
146.753
146.766
146.779
146.79
146.801
146.812
146.824
146.836
146.849
146.862
146.876
146.888
146.9
146.912
146.924
146.937
146.948
146.961
146.974
146.987
146.999
147.013
147.025
147.038
147.05
147.063
147.074
147.085
147.099
147.111
147.122
147.134
147.146
147.159
147.171
147.183
147.195
147.207
147.219
147.231
147.244
147.256
147.269
147.281
147.292
147.304
147.316
147.328
147.339
147.351
147.363
147.376
147.389
147.402
147.414
147.427
147.439
147.45
147.462
147.474
147.487
147.499
147.51
147.524
147.537
147.55
147.56
147.571
147.582
147.595
147.609
147.621
147.633
147.646
147.658
147.67
147.682
147.694
147.705
147.718
147.731
147.744
147.757
147.769
147.782
147.795
147.807
147.82
147.832
147.845
147.857
147.868
147.881
147.892
147.903
147.915
147.926
147.938
147.95
147.963
147.974
147.987
147.999
148.01
148.022
148.035
148.046
148.058
148.07
148.082
148.095
148.108
148.12
148.134
148.146
148.159
148.171
148.183
148.195
148.208
148.22
148.232
148.244
148.257
148.27
148.282
148.295
148.307
148.321
148.332
148.342
148.354
148.365
148.377
148.388
148.4
148.411
148.423
148.435
148.449
148.461
148.473
148.484
148.495
148.507
148.518
148.529
148.541
148.553
148.565
148.577
148.588
148.6
148.613
148.625
148.635
148.647
148.659
148.671
148.682
148.694
148.707
148.719
148.73
148.741
148.753
148.766
148.779
148.791
148.803
148.814
148.826
148.837
148.848
148.86
