1
2
2.5
3.16667
3.16667
3.36667
3.7
3.7
4.075
4.18611
6.14387
7.59574
9.91924
13.7377
16.9513
18.933
20.3569
21.3999
22.3455
23.1883
24.0061
24.7677
25.3785
25.9801
26.6044
27.1455
27.6274
28.1647
28.7128
29.232
29.6946
30.226
30.765
31.2232
31.735
32.2441
32.7031
33.16
33.5933
33.9664
34.2985
34.6405
34.9832
35.2978
35.5629
35.8526
36.1456
36.3899
36.699
36.9867
37.2358
37.4869
37.7335
37.9619
38.2044
38.4593
38.7015
38.9395
39.1463
39.3611
39.5738
39.7851
39.9934
40.2155
40.4102
40.6148
40.7933
40.9718
41.1634
41.3412
41.52
41.6801
41.828
41.9975
42.1872
42.3524
42.5149
42.6715
42.8268
42.9821
43.1461
43.2997
43.4543
43.5973
43.7402
43.901
44.0566
44.213
44.3518
44.4875
44.6404
44.7881
44.9301
45.063
45.2182
45.3656
45.5069
45.6665
45.8064
45.9524
46.1206
46.2746
46.4264
46.5729
46.7296
46.8683
47.0259
47.1727
47.352
47.5045
47.6462
47.7983
47.9391
48.0869
48.2256
48.3682
48.5234
48.6746
48.8189
48.9621
49.1055
49.2392
49.3722
49.5074
49.6584
49.8026
49.9213
50.0564
50.1864
50.3338
50.4748
50.6078
50.7413
50.8565
50.9854
51.1077
51.2302
51.3635
51.4901
51.605
51.7298
51.8529
51.9653
52.0813
52.1893
52.3119
52.4327
52.5417
52.6456
52.747
52.8617
52.9826
53.0871
53.2075
53.3212
53.4301
53.5384
53.6304
53.7393
53.8372
53.9357
54.0346
54.1301
54.2189
54.3173
54.403
54.4921
54.5936
54.6829
54.7744
54.8653
54.9522
55.0408
55.1333
55.2209
55.316
55.4062
55.4825
55.5695
55.6615
55.7356
55.8251
55.9068
55.9978
56.0803
56.165
56.2431
56.317
56.4042
56.4882
56.5738
56.6581
56.7311
56.8111
56.8905
56.9649
57.0372
57.1174
57.2021
57.2829
57.3625
57.4515
57.5309
57.6043
57.6815
57.7539
57.8305
57.9091
57.9886
58.0726
58.145
58.2253
58.2944
58.3591
58.4263
58.5002
58.5749
58.646
58.7254
58.8021
58.8744
58.9541
59.0266
59.1068
59.1845
59.2647
59.3381
59.4118
59.4861
59.564
59.6386
59.7125
59.7937
59.8698
59.949
60.0284
60.1032
60.1796
60.2456
60.3229
60.3938
60.4649
60.5368
60.6147
60.6864
60.7565
60.8259
60.8897
60.96
61.0327
61.0998
61.1627
61.2347
61.3076
61.3801
61.4536
61.5235
61.5902
61.6744
61.7398
61.8095
61.8798
61.9503
62.0131
62.0802
62.1466
62.2185
62.2734
62.3395
62.4085
62.4795
62.5512
62.6154
62.686
62.7561
62.8214
62.8835
62.9494
63.0155
63.0872
63.1521
63.2194
63.2831
63.3398
63.4103
63.4807
63.5496
63.6189
63.686
63.7498
63.8177
63.8933
63.9566
64.0212
64.0833
64.1474
64.2133
64.2855
64.3448
64.4102
64.4796
64.5485
64.6155
64.6885
64.7512
64.8134
64.8777
64.9455
65.0117
65.0783
65.1426
65.2101
65.2756
65.3433
65.4079
65.4808
65.5398
65.5997
65.6605
65.7294
65.7969
65.8664
65.9307
65.9888
66.0494
66.1187
66.1832
66.2434
66.3064
66.3672
66.4254
66.4872
66.546
66.6043
66.6647
66.7213
66.7761
66.8322
66.8865
66.941
67.0032
67.0576
67.1219
67.1749
67.2318
67.2921
67.3502
67.4095
67.4644
67.5225
67.5891
67.6394
67.6923
67.7517
67.8085
67.8675
67.9222
67.9742
68.0297
68.0814
68.1369
68.1922
68.2498
68.3074
68.3662
68.4236
68.4873
68.5428
68.6004
68.6568
68.7165
68.7745
68.8256
68.8793
68.934
68.9866
69.0419
69.0888
69.1399
69.1868
69.2423
69.2962
69.3465
69.4004
69.461
69.5094
69.5664
69.618
69.6669
69.7209
69.7735
69.8257
69.8775
69.9256
69.9751
70.0191
70.0702
70.1198
70.1653
70.2177
70.2615
70.3111
70.3584
70.4109
70.4553
70.502
70.5512
70.598
70.6458
70.6973
70.7459
70.7966
70.8439
70.8907
70.9377
70.9857
71.032
71.0789
71.1288
71.1823
71.2258
71.2738
71.3182
71.3687
71.4173
71.4643
71.5128
71.567
71.61
71.6534
71.7008
71.7498
71.7966
71.8479
71.8949
71.9352
71.9795
72.025
72.0732
72.1161
72.1618
72.207
72.2568
72.3082
72.351
72.3961
72.4456
72.4907
72.5423
72.5871
72.6329
72.6775
72.7216
72.7668
72.8094
72.8504
72.8923
72.9358
72.9772
73.0238
73.0692
73.1098
73.1561
73.1991
73.2434
73.2891
73.3385
73.3816
73.4223
73.4627
73.5064
73.5459
73.5883
73.6307
73.6738
73.7166
73.7512
73.7958
73.8334
73.8702
73.9126
73.951
73.9903
74.0319
74.0717
74.112
74.156
74.1959
74.2386
74.2797
74.3188
74.3595
74.4003
74.4397
74.4778
74.5167
74.5583
74.5961
74.6309
74.6722
74.7074
74.7491
74.7914
74.8301
74.8701
74.9073
74.9411
74.9778
75.0164
75.0594
75.0972
75.1396
75.1723
75.2074
75.2474
75.2824
75.3222
75.3583
75.3982
75.4372
75.4765
75.5147
75.552
75.5879
75.623
75.6578
75.6931
75.7334
75.7705
75.8073
75.8442
75.88
75.9177
75.9543
75.9963
76.0355
76.0742
76.1123
76.1503
76.1872
76.2249
76.2605
76.2976
76.3345
76.3706
76.4081
76.4451
76.4822
76.5179
76.5545
76.5929
76.632
76.6681
76.7038
76.7412
76.7806
76.8151
76.8502
76.8854
76.9245
76.9623
76.9966
77.0309
77.0625
77.0969
77.1317
77.1693
77.2046
77.2412
77.276
77.315
77.3528
77.3916
77.4272
77.4615
77.4977
77.5313
77.567
77.6005
77.6371
77.6725
77.7042
77.7347
77.7685
77.8017
77.838
77.8704
77.9027
77.9407
77.9796
78.0176
78.0524
78.085
78.1196
78.1549
78.1843
78.2178
78.2534
78.2859
78.3228
78.3606
78.3974
78.4295
78.4661
78.5
78.5337
78.5696
78.6043
78.6434
78.6775
78.713
78.7477
78.7799
78.8119
78.8466
78.882
78.9191
78.9522
78.988
79.0254
79.0605
79.0945
79.1319
79.1668
79.2042
79.239
79.2699
79.3069
79.3419
79.3775
79.4133
79.4462
79.4807
79.513
79.5505
79.5837
79.6184
79.6557
79.6945
79.7291
79.7584
79.7935
79.8278
79.8644
79.8984
79.9332
79.9676
80.0026
80.0399
80.0739
80.1083
80.1384
80.1722
80.2085
80.2401
80.275
80.3101
80.3473
80.3833
80.4201
80.4588
80.4924
80.5342
80.569
80.6059
80.6389
80.6758
80.7109
80.7488
80.7854
80.8219
80.8578
80.8959
80.9313
80.9663
81.0072
81.0422
81.0769
81.1149
81.1549
81.1975
81.2288
81.2666
81.3053
81.3447
81.3804
81.4132
81.452
81.4894
81.5238
81.5629
81.6013
81.6372
81.672
81.7092
81.7497
81.791
81.8316
81.8674
81.9094
81.9476
81.9838
82.0187
82.0565
82.0955
82.1322
82.1728
82.2137
82.2486
82.2834
82.3211
82.3584
82.4018
82.4348
82.4746
82.5138
82.5535
82.5869
82.6261
82.6652
82.7022
82.7355
82.7768
82.813
82.8521
82.889
82.93
82.9722
83.0078
83.0468
83.0873
83.1285
83.1647
83.2021
83.2434
83.2857
83.3254
83.3656
83.406
83.4428
83.4838
83.5221
83.5623
83.6016
83.6404
83.6779
83.7157
83.7547
83.7981
83.8458
83.8843
83.9253
83.9644
84.0066
84.0483
84.0886
84.1307
84.172
84.2149
84.2574
84.299
84.3378
84.3756
84.4195
84.4648
84.5065
84.5495
84.5898
84.6338
84.6758
84.7142
84.7549
84.7945
84.8334
84.8717
84.9149
84.9525
85.0003
85.0406
85.084
85.1296
85.1745
85.2181
85.2632
85.3062
85.3463
85.3965
85.4349
85.4751
85.5201
85.5625
85.6011
85.6395
85.6864
85.7332
85.7794
85.8195
85.867
85.9088
85.9486
85.9865
86.0308
86.0789
86.1228
86.1661
86.2065
86.2509
86.2905
86.3352
86.38
86.421
86.4597
86.5047
86.5515
86.5949
86.638
86.6831
86.7311
86.776
86.8231
86.8682
86.9141
86.9578
86.9985
87.0423
87.0876
87.1308
87.1724
87.2155
87.2624
87.31
87.356
87.3945
87.4336
87.4755
87.5214
87.563
87.6018
87.643
87.6849
87.7275
87.7691
87.8125
87.8524
87.8918
87.9327
87.9743
88.0195
88.0587
88.0994
88.1436
88.1871
88.2326
88.273
88.313
88.3526
88.3942
88.4346
88.4811
88.5222
88.5632
88.6046
88.6435
88.6888
88.7291
88.7714
88.8127
88.8554
88.8937
88.932
88.9733
89.015
89.0587
89.1013
89.1427
89.1832
89.2233
89.2643
89.3048
89.3434
89.3839
89.425
89.4706
89.5062
89.5485
89.5875
89.6262
89.6689
89.7109
89.7519
89.7926
89.8299
89.8726
89.9091
89.9507
89.9939
90.0357
90.0779
90.1181
90.1567
90.1973
90.2366
90.2773
90.3222
90.3567
90.4005
90.4395
90.4757
90.5156
90.5535
90.5987
90.6374
90.6791
90.7155
90.7561
90.7973
90.8401
90.8802
90.9198
90.9626
91.0037
91.0467
91.0914
91.1319
91.1699
91.2106
91.2526
91.2906
91.3264
91.3619
91.4074
91.4508
91.4919
91.5303
91.574
91.6129
91.6548
91.6957
91.7365
91.7739
91.8168
91.8602
91.8993
91.9376
91.9804
92.0223
92.0642
92.1085
92.1469
92.1862
92.2293
92.2719
92.312
92.3513
92.3934
92.4373
92.4775
92.5171
92.5573
92.5955
92.6352
92.6714
92.7114
92.7557
92.8024
92.8448
92.8836
92.92
92.9655
93.0107
93.0534
93.0973
93.1401
93.1797
93.2203
93.2611
93.3009
93.3435
93.3795
93.4189
93.4538
93.4942
93.5345
93.5698
93.6114
93.6512
93.6936
93.7377
93.7792
93.8153
93.8488
93.8884
93.9293
93.9668
94.0071
94.0463
94.085
94.1183
94.1559
94.1954
94.2348
94.2739
94.3158
94.3571
94.3956
94.4381
94.478
94.5142
94.5531
94.5925
94.6374
94.6768
94.7163
94.7552
94.7908
94.8234
94.8658
94.9039
94.9436
94.9861
95.024
95.0637
95.1007
95.1382
95.1817
95.2198
95.2596
95.2974
95.3383
95.3758
95.4157
95.4587
95.4999
95.5373
95.5753
95.6121
95.6558
95.6884
95.7272
95.7656
95.8043
95.8416
95.8784
95.9153
95.955
95.9922
96.0288
96.0637
96.099
96.1371
96.172
96.2074
96.2477
96.2886
96.3278
96.3676
96.4034
96.4406
96.4818
96.5166
96.5514
96.5871
96.6264
96.6601
96.6998
96.7349
96.7708
96.8026
96.8381
96.8762
96.9089
96.946
96.9854
97.0228
97.0578
97.0928
97.1271
97.1666
97.2023
97.235
97.2727
97.3075
97.3399
97.375
97.4103
97.446
97.4842
97.5175
97.5516
97.591
97.6262
97.6594
97.6915
97.7251
97.7589
97.795
97.8298
97.8653
97.8995
97.9357
97.9707
98.0044
98.0385
98.077
98.1091
98.1456
98.1784
98.2142
98.2472
98.2826
98.3127
98.3511
98.3866
98.4183
98.453
98.4846
98.517
98.5541
98.5886
98.624
98.6547
98.6855
98.7174
98.7543
98.7865
98.8195
98.8559
98.8879
98.92
98.954
98.9843
99.0154
99.0463
99.0776
99.1106
99.141
99.1719
99.2043
99.2347
99.2675
99.2956
99.3282
99.3614
99.3967
99.4304
99.4612
99.4914
99.5226
99.5567
99.59
99.6196
99.6477
99.683
99.7131
99.7429
99.7783
99.8096
99.8387
99.8713
99.9021
99.9325
99.9619
99.9882
100.021
100.053
100.083
100.112
100.142
100.172
100.202
100.232
100.259
100.289
100.318
100.346
100.377
100.406
100.438
100.468
100.499
100.529
100.557
100.584
100.614
100.642
100.67
100.699
100.729
100.758
100.783
100.81
100.838
100.869
100.896
100.928
100.956
100.982
101.01
101.04
101.068
101.097
101.128
101.158
101.187
101.215
101.244
101.284
101.315
101.343
101.371
101.4
101.432
101.458
101.486
101.512
101.54
101.572
101.6
101.629
101.657
101.685
101.711
101.739
101.767
101.795
101.822
101.852
101.88
101.908
101.937
101.969
101.997
102.023
102.054
102.084
102.113
102.141
102.169
102.194
102.223
102.249
102.279
102.305
102.335
102.364
102.392
102.422
102.452
102.48
102.507
102.534
102.562
102.59
102.616
102.643
102.669
102.698
102.723
102.753
102.779
102.806
102.832
102.859
102.886
102.913
102.939
102.968
102.996
103.023
103.049
103.075
103.104
103.132
103.156
103.185
103.212
103.239
103.269
103.296
103.325
103.353
103.382
103.412
103.436
103.463
103.488
103.517
103.543
103.574
103.6
103.627
103.655
103.682
103.709
103.737
103.766
103.794
103.819
103.847
103.874
103.9
103.926
103.951
103.977
104.005
104.033
104.06
104.087
104.118
104.141
104.168
104.198
104.224
104.247
104.271
104.3
104.325
104.354
104.383
104.411
104.437
104.467
104.493
104.518
104.549
104.576
104.601
104.628
104.655
104.682
104.711
104.738
104.768
104.795
104.824
104.852
104.878
104.904
104.932
104.962
104.987
105.015
105.041
105.067
105.095
105.122
105.146
105.171
105.198
105.224
105.252
105.278
105.305
105.331
105.36
105.385
105.411
105.438
105.463
105.489
105.516
105.542
105.569
105.594
105.62
105.649
105.68
105.708
105.734
105.761
105.788
105.815
105.844
105.87
105.895
105.923
105.951
105.981
106.007
106.035
106.059
106.084
106.112
106.137
106.162
106.189
106.215
106.238
106.267
106.293
106.32
106.346
106.374
106.404
106.43
106.462
106.486
106.512
106.537
106.562
106.588
106.616
106.644
106.671
106.698
106.727
106.753
106.78
106.805
106.831
106.857
106.882
106.911
106.936
106.965
106.993
107.019
107.045
107.069
107.095
107.121
107.149
107.176
107.202
107.226
107.254
107.278
107.303
107.331
107.358
107.387
107.415
107.444
107.471
107.497
107.527
107.557
107.585
107.612
107.637
107.662
107.688
107.714
107.744
107.773
107.8
107.827
107.853
107.879
107.905
107.928
107.953
107.98
108.006
108.03
108.057
108.083
108.111
108.137
108.164
108.19
108.216
108.241
108.264
108.29
108.315
108.342
108.367
108.395
108.419
108.445
108.472
108.5
108.524
108.548
108.573
108.597
108.623
108.65
108.675
108.701
108.725
108.752
108.776
108.801
108.826
108.854
108.88
108.905
108.929
108.953
108.976
109.005
109.032
109.057
109.081
109.108
109.135
109.157
109.18
109.208
109.237
109.263
109.288
109.311
109.335
109.361
109.386
109.413
109.438
109.463
109.489
109.516
109.543
109.568
109.594
109.62
109.641
109.665
109.689
109.716
109.742
109.772
109.796
109.82
109.845
109.87
109.895
109.918
109.941
109.966
109.991
110.017
110.04
110.066
110.09
110.116
110.142
110.165
110.19
110.217
110.242
110.265
110.291
110.317
110.341
110.367
110.389
110.413
110.436
110.46
110.482
110.506
110.53
110.555
110.578
110.604
110.631
110.655
110.678
110.703
110.728
110.751
110.774
110.802
110.826
110.848
110.872
110.897
110.923
110.945
110.972
110.996
111.018
111.042
111.065
111.087
111.109
111.134
111.157
111.18
111.205
111.23
111.252
111.275
111.3
111.324
111.351
111.374
111.401
111.427
111.449
111.471
111.495
111.518
111.539
111.563
111.585
111.609
111.632
111.655
111.678
111.702
111.722
111.745
111.768
111.791
111.814
111.836
111.858
111.879
111.904
111.925
111.947
111.971
111.996
112.02
112.043
112.069
112.094
112.116
112.139
112.162
112.187
112.212
112.235
112.256
112.278
112.302
112.323
112.345
112.368
112.391
112.414
112.439
112.463
112.485
112.507
112.531
112.551
112.572
112.597
112.622
112.647
112.668
112.689
112.712
112.735
112.758
112.784
112.808
112.83
112.852
112.876
112.901
112.923
112.947
112.969
112.992
113.014
113.036
113.06
113.084
113.108
113.13
113.152
113.176
113.198
113.222
113.248
113.268
113.293
113.316
113.339
113.36
113.381
113.407
113.432
113.454
113.476
113.5
113.526
113.548
113.572
113.595
113.62
113.644
113.67
113.691
113.712
113.733
113.755
113.776
113.8
113.823
113.847
113.87
113.892
113.917
113.939
113.96
113.98
114.004
114.027
114.05
114.071
114.094
114.116
114.138
114.16
114.182
114.204
114.228
114.249
114.27
114.291
114.313
114.336
114.357
114.377
114.402
114.425
114.447
114.467
114.487
114.509
114.529
114.551
114.573
114.595
114.616
114.637
114.657
114.678
114.701
114.726
114.749
114.771
114.794
114.815
114.835
114.857
114.877
114.897
114.921
114.944
114.967
114.988
115.008
115.031
115.052
115.074
115.095
115.116
115.137
115.158
115.181
115.203
115.225
115.244
115.267
115.288
115.309
115.33
115.352
115.373
115.391
115.412
115.432
115.453
115.474
115.494
115.517
115.543
115.562
115.581
115.602
115.624
115.646
115.668
115.689
115.71
115.729
115.751
115.772
115.793
115.814
115.835
115.857
115.88
115.901
115.925
115.945
115.964
115.983
116.003
116.023
116.046
116.065
116.085
116.106
116.129
116.151
116.171
116.194
116.215
116.236
116.257
116.281
116.303
116.326
116.347
116.366
116.386
116.406
116.426
116.447
116.469
116.49
116.51
116.532
116.555
116.574
116.595
116.614
116.636
116.657
116.678
116.7
116.721
116.74
116.762
116.783
116.804
116.821
116.846
116.867
116.887
116.906
116.926
116.947
116.968
116.989
117.009
117.03
117.049
117.069
117.091
117.11
117.131
117.149
117.172
117.191
117.212
117.233
117.252
117.27
117.292
117.313
117.334
117.354
117.372
117.393
117.414
117.431
117.452
117.471
117.491
117.51
117.53
117.553
117.574
117.593
117.613
117.634
117.654
117.676
117.698
117.716
117.739
117.758
117.776
117.795
117.816
117.837
117.859
117.881
117.9
117.922
117.941
117.961
117.982
118
118.02
118.04
118.059
118.08
118.101
118.119
118.139
118.157
118.177
118.198
118.216
118.235
118.255
118.275
118.295
118.315
118.336
118.356
118.374
118.394
118.414
118.434
118.453
118.472
118.493
118.512
118.531
118.554
118.575
118.594
118.615
118.635
118.654
118.674
118.696
118.715
118.735
118.754
118.773
118.793
118.813
118.833
118.852
118.871
118.89
118.909
118.93
118.949
118.97
118.99
119.009
119.027
119.048
119.067
119.088
119.109
119.127
119.147
119.166
119.184
119.205
119.224
119.243
119.262
119.282
119.3
119.318
119.34
119.36
119.38
119.401
119.419
119.441
119.46
119.479
119.498
119.52
119.538
119.559
119.578
119.598
119.618
119.638
119.658
119.678
119.698
119.716
119.735
119.754
119.774
119.792
119.812
119.833
119.851
119.87
119.889
119.909
119.926
119.946
119.964
119.984
120.005
120.025
120.043
120.061
120.079
120.098
120.12
120.137
120.156
120.176
120.194
120.211
120.229
120.248
120.269
120.287
120.306
120.324
120.344
120.362
120.38
120.398
120.417
120.435
120.455
120.476
120.496
120.514
120.533
120.551
120.569
120.588
120.607
120.626
120.646
120.665
120.685
120.706
120.725
120.742
120.76
120.78
120.801
120.819
120.838
120.856
120.876
120.893
120.911
120.928
120.947
120.965
120.985
121.004
121.025
121.044
121.063
121.083
121.103
121.121
121.138
121.155
121.173
121.191
121.21
121.229
121.248
121.267
121.285
121.304
121.322
121.342
121.36
121.379
121.399
121.418
121.435
121.452
121.47
121.487
121.506
121.524
121.542
121.56
121.581
121.599
121.616
121.633
121.652
121.671
121.691
121.709
121.728
121.745
121.765
121.782
121.8
121.82
121.838
121.86
121.879
121.899
121.916
121.935
121.953
121.972
121.99
122.009
122.027
122.043
122.063
122.082
122.101
122.12
122.137
122.156
122.174
122.193
122.211
122.23
122.247
122.265
122.282
122.301
122.318
122.337
122.355
122.373
122.391
122.41
122.429
122.448
122.465
122.481
122.498
122.518
122.536
122.556
122.574
122.592
122.61
122.628
122.645
122.663
122.68
122.698
122.717
122.735
122.751
122.767
122.785
122.804
122.822
122.839
122.857
122.876
122.893
122.911
122.93
122.947
122.963
122.982
123.001
123.019
123.036
123.052
123.069
123.086
123.104
123.123
123.139
123.159
123.176
123.195
123.211
123.231
123.249
123.266
123.282
123.3
123.32
123.336
123.354
123.372
123.39
123.408
123.426
123.443
123.461
123.479
123.497
123.513
123.53
123.548
123.568
123.586
123.603
123.621
123.638
123.654
123.671
123.687
123.704
123.722
123.741
123.758
123.774
123.791
123.809
123.827
123.845
123.862
123.879
123.896
123.913
123.932
123.948
123.965
123.982
123.998
124.016
124.032
124.048
124.065
124.084
124.102
124.12
124.138
124.154
124.172
124.189
124.207
124.225
124.241
124.257
124.274
124.29
124.306
124.326
124.342
124.358
124.376
124.394
124.41
124.427
124.444
124.459
124.476
124.493
124.511
124.527
124.543
124.559
124.576
124.593
124.61
124.627
124.643
124.659
124.677
124.696
124.713
124.729
124.745
124.763
124.779
124.797
124.813
124.83
124.846
124.863
124.879
124.897
124.914
124.931
124.948
124.965
124.983
125
125.017
125.034
125.053
125.069
125.085
125.102
125.118
125.136
125.153
125.169
125.188
125.205
125.222
125.24
125.254
125.272
125.288
125.305
125.323
125.341
125.358
125.377
125.394
125.41
125.427
125.445
125.461
125.477
125.494
125.512
125.527
125.545
125.561
125.578
125.596
125.613
125.628
125.643
125.658
125.675
125.692
125.708
125.724
125.742
125.759
125.775
125.791
125.806
125.821
125.837
125.854
125.871
125.887
125.903
125.92
125.937
125.953
125.969
125.986
126.005
126.022
126.039
126.057
126.075
126.09
126.107
126.124
126.141
126.158
126.175
126.191
126.207
126.223
126.24
126.256
126.273
126.287
126.303
126.319
126.337
126.357
126.375
126.392
126.409
126.426
126.445
126.462
126.476
126.492
126.509
126.527
126.542
126.561
126.579
126.6
126.618
126.635
126.653
126.67
126.688
126.706
126.723
126.739
126.757
126.772
126.789
126.807
126.823
126.841
126.858
126.875
126.893
126.909
126.925
126.943
126.962
126.98
126.998
127.015
127.033
127.048
127.067
127.084
127.101
127.12
127.135
127.151
127.168
127.186
127.203
127.22
127.238
127.254
127.272
127.29
127.306
127.322
127.339
127.356
127.371
127.387
127.405
127.422
127.44
127.456
127.474
127.491
127.507
127.524
127.542
127.562
127.579
127.597
127.614
127.631
127.647
127.663
127.679
127.696
127.714
127.73
127.748
127.764
127.78
127.798
127.817
127.835
127.849
127.867
127.885
127.902
127.922
127.938
127.954
127.973
127.99
128.008
128.025
128.042
128.061
128.077
128.093
128.109
128.127
128.144
128.16
128.178
128.194
128.213
128.231
128.248
128.265
128.283
128.3
128.319
128.334
128.352
128.368
128.384
128.405
128.423
128.439
128.456
128.473
128.49
128.509
128.523
128.538
128.556
128.573
128.591
128.61
128.626
128.643
128.66
128.678
128.696
128.713
128.729
128.747
128.764
128.782
128.799
128.817
128.835
128.852
128.87
128.887
128.905
128.922
128.939
128.955
128.972
128.989
129.004
129.019
129.036
129.053
129.07
129.086
129.102
129.12
129.137
129.154
129.173
129.189
129.208
129.227
129.246
129.264
129.281
129.299
129.315
129.333
129.35
129.37
129.386
129.402
129.42
129.439
129.455
129.472
129.49
129.507
129.525
129.544
129.562
129.579
129.595
129.611
129.627
129.645
129.663
129.682
129.7
129.716
129.734
129.75
129.766
129.783
129.799
129.815
129.832
129.849
129.866
129.885
129.902
129.922
129.939
129.957
129.973
129.99
130.007
130.022
130.04
130.057
130.074
130.093
130.109
130.126
130.144
130.161
130.177
130.194
130.211
130.228
130.244
130.261
130.281
130.298
130.313
130.331
130.346
130.363
130.38
130.398
130.413
130.43
130.449
130.465
130.482
130.498
130.517
130.536
130.553
130.572
130.589
130.607
130.624
130.642
130.657
130.675
130.693
130.71
130.728
130.745
130.762
130.78
130.8
130.818
130.836
130.854
130.872
130.891
130.908
130.925
130.942
130.96
130.978
130.995
131.012
131.028
131.046
131.065
131.082
131.1
131.115
131.135
131.153
131.17
131.188
131.206
131.223
131.242
131.261
131.277
131.294
131.311
131.328
131.345
131.362
131.38
131.398
131.418
131.438
131.457
131.475
131.493
131.512
131.53
131.547
131.565
131.582
131.598
131.617
131.634
131.651
131.67
131.688
131.703
131.722
131.739
131.758
131.777
131.794
131.812
131.827
131.844
131.862
131.879
131.898
131.916
131.933
131.95
131.966
131.985
132.001
132.02
132.038
132.057
132.073
132.09
132.11
132.128
132.147
132.166
132.183
132.201
132.218
132.236
132.255
132.271
132.289
132.308
132.326
132.345
132.362
132.378
132.399
132.415
132.433
132.452
132.471
132.489
132.507
132.526
132.544
132.56
132.578
132.596
132.613
132.632
132.651
132.67
132.688
132.706
132.725
132.742
132.761
132.778
132.796
132.815
132.833
132.85
132.869
132.887
132.905
132.926
132.945
132.964
132.98
132.997
133.015
133.033
133.052
133.071
133.089
133.106
133.124
133.143
133.161
133.177
133.195
133.211
133.228
133.247
133.262
133.281
133.297
133.315
133.335
133.354
133.372
133.39
133.406
133.424
133.442
133.459
133.477
133.496
133.512
133.531
133.549
133.566
133.584
133.601
133.619
133.637
133.657
133.674
133.692
133.71
133.729
133.747
133.766
133.785
133.803
133.821
133.84
133.857
133.873
133.89
133.908
133.925
133.942
133.96
133.976
133.994
134.01
134.027
134.047
134.065
134.086
134.102
134.12
134.137
134.155
134.173
134.192
134.212
134.231
134.247
134.263
134.281
134.301
134.319
134.335
134.353
134.371
134.388
134.406
134.424
134.442
134.459
134.477
134.493
134.513
134.529
134.547
134.563
134.581
134.598
134.614
134.629
134.647
134.666
134.684
134.703
134.721
134.739
134.758
134.777
134.796
134.814
134.831
134.848
134.865
134.881
134.897
134.912
134.931
134.948
134.965
134.982
134.998
135.015
135.034
135.051
135.069
135.085
135.102
135.121
135.138
135.156
135.175
135.192
135.209
135.226
135.244
135.26
135.275
135.292
135.31
135.326
135.344
135.362
135.379
135.398
135.414
135.432
135.45
135.467
135.484
135.5
135.516
135.533
135.551
135.568
135.584
135.601
135.617
135.634
135.651
135.668
135.685
135.702
135.718
135.736
135.754
135.771
135.789
135.807
135.824
135.839
135.855
135.873
135.89
135.907
135.925
135.943
135.959
135.977
135.993
136.009
136.025
136.041
136.058
136.076
136.092
136.107
136.123
136.139
136.157
136.177
136.194
136.212
136.229
136.245
136.261
136.278
136.296
136.312
136.328
136.345
136.36
136.375
136.393
136.407
136.425
136.442
136.458
136.476
136.493
136.511
136.527
136.545
136.56
136.576
136.594
136.61
136.626
136.643
136.659
136.675
136.69
136.707
136.724
136.742
136.759
136.775
136.791
136.808
136.824
136.841
136.857
136.875
136.892
136.908
136.923
136.939
136.955
136.972
136.987
137.004
137.021
137.039
137.054
137.073
137.091
137.108
137.125
137.142
137.158
137.173
137.189
137.205
137.222
137.241
137.257
137.272
137.287
137.303
137.32
137.335
137.351
137.366
137.383
137.398
137.413
137.432
137.45
137.466
137.482
137.498
137.514
137.529
137.546
137.564
137.579
137.596
137.611
137.628
137.643
137.66
137.677
137.694
137.711
137.728
137.745
137.761
137.778
137.793
137.808
137.824
137.839
137.855
137.869
137.887
137.903
137.919
137.934
137.949
137.966
137.982
137.998
138.014
138.031
138.047
138.064
138.08
138.096
138.112
138.127
138.142
138.159
138.175
138.191
138.207
138.221
138.236
138.251
138.267
138.281
138.296
138.312
138.328
138.344
138.357
138.373
138.389
138.403
138.421
138.436
138.452
138.47
138.485
138.501
138.517
138.533
138.547
138.564
138.581
138.597
138.613
138.627
138.641
138.657
138.674
138.688
138.702
138.717
138.732
138.747
138.763
138.78
138.796
138.812
138.827
138.841
138.856
138.873
138.888
138.903
138.918
138.933
138.949
138.963
138.98
138.993
139.009
139.024
139.039
139.056
139.071
139.087
139.102
139.118
139.132
139.147
139.164
139.178
139.195
139.211
139.226
139.241
139.255
139.271
139.285
139.302
139.317
139.331
139.346
139.362
139.379
139.395
139.41
139.424
139.44
139.455
139.469
139.483
139.497
139.513
139.528
139.543
139.558
139.574
139.588
139.603
139.619
139.633
139.648
139.662
139.677
139.691
139.705
139.721
139.736
139.751
139.765
139.781
139.796
139.811
139.827
139.842
139.857
139.871
139.884
139.9
139.914
139.931
139.947
139.961
139.977
139.992
140.008
140.023
140.038
140.055
140.068
140.084
140.098
140.113
140.127
140.143
140.158
140.173
140.188
140.202
140.217
140.231
140.246
140.261
140.275
140.291
140.305
140.32
140.335
140.349
140.364
140.378
140.394
140.408
140.423
140.439
140.454
140.469
140.483
140.498
140.511
140.526
140.54
140.555
140.57
140.584
140.598
140.615
140.628
140.641
140.655
140.67
140.686
140.7
140.714
140.73
140.745
140.759
140.773
140.788
140.802
140.818
140.832
140.846
140.86
140.875
140.89
140.905
140.92
140.932
140.946
140.962
140.976
140.989
141.005
141.02
141.033
141.046
141.059
141.075
141.091
141.105
141.119
141.132
141.147
141.161
141.177
141.193
141.209
141.223
141.237
141.252
141.265
141.279
141.293
141.307
141.322
141.335
141.35
141.365
141.379
141.392
141.406
141.419
141.434
141.447
141.462
141.476
141.488
141.501
141.515
141.528
141.543
141.557
141.572
141.587
141.602
141.619
141.633
141.648
141.661
141.674
141.687
141.703
141.718
141.731
141.747
141.763
141.778
141.793
141.805
141.821
141.836
141.852
141.866
141.881
141.894
141.909
141.923
141.937
141.952
141.967
141.98
141.995
142.009
142.023
142.037
142.053
142.068
142.081
142.094
142.108
142.122
142.136
142.151
142.165
142.18
142.193
142.207
142.222
142.235
142.25
142.265
142.28
142.292
142.307
142.321
142.336
142.349
142.363
142.377
142.391
142.404
142.419
142.432
142.446
142.461
142.475
142.489
142.503
142.517
142.531
142.545
142.559
142.573
142.587
142.6
142.614
142.628
142.642
142.656
142.668
142.683
142.697
142.712
142.726
142.741
142.757
142.772
142.786
142.801
142.815
142.829
142.842
142.857
142.872
142.885
142.9
142.914
142.927
142.942
142.956
142.971
142.985
143
143.015
143.029
143.042
143.057
143.07
143.084
143.101
143.114
143.128
143.143
143.158
143.173
143.186
143.202
143.216
143.23
143.244
143.257
143.271
143.287
143.301
143.316
143.33
143.345
143.359
143.374
143.389
143.403
143.415
143.429
143.442
143.456
143.47
143.487
143.501
143.515
143.528
143.543
143.557
143.571
143.586
143.6
143.614
143.627
143.642
143.656
143.671
143.685
143.7
143.715
143.731
143.744
143.759
143.773
143.787
143.801
143.817
143.829
143.844
143.858
143.873
143.887
143.903
143.917
143.931
143.945
143.96
143.974
143.987
144
144.014
144.028
144.043
144.058
144.072
144.087
144.102
144.116
144.13
144.144
144.157
144.172
144.187
144.201
144.213
144.228
144.244
144.258
144.272
144.285
144.298
144.313
144.328
144.343
144.357
144.372
144.386
144.4
144.415
144.429
144.443
144.458
144.473
144.489
144.502
144.516
144.532
144.547
144.564
144.578
144.594
144.609
144.622
144.637
144.654
144.668
144.684
144.698
144.711
144.725
144.741
144.756
144.77
144.786
144.801
144.815
144.832
144.847
144.86
144.874
144.888
144.903
144.919
144.932
144.947
144.961
144.975
144.99
145.004
145.02
145.034
145.048
145.062
145.078
145.091
145.106
145.121
145.135
145.151
145.166
145.18
145.195
145.212
145.228
145.243
145.258
145.273
145.288
145.303
145.317
145.332
145.346
145.359
145.374
145.389
145.404
145.418
145.433
145.448
145.463
145.478
145.491
145.505
145.52
145.534
145.548
145.562
145.577
145.594
145.608
145.622
145.636
145.651
145.665
145.682
145.697
145.711
145.725
145.739
145.753
145.767
145.78
145.796
145.811
145.825
145.84
145.854
145.87
145.885
145.901
145.916
145.931
145.945
145.96
145.975
145.989
146.004
146.019
146.033
146.047
146.063
146.078
146.094
146.109
146.124
146.138
146.154
146.169
146.183
146.197
146.211
146.224
146.239
146.253
146.267
146.281
146.295
146.311
146.328
146.343
146.356
146.37
146.385
146.399
146.414
146.429
146.446
146.46
146.475
146.491
146.505
146.519
146.533
146.548
146.563
146.578
146.593
146.607
146.623
146.638
146.653
146.668
146.682
146.695
146.709
146.724
146.739
146.755
146.771
146.785
146.799
146.813
146.829
146.845
146.86
146.873
146.889
146.903
146.918
146.931
146.945
146.958
146.972
146.985
146.999
147.014
147.029
147.045
147.061
147.076
147.092
147.107
147.12
147.135
147.15
147.164
147.178
147.193
147.21
147.226
147.242
147.258
147.273
147.29
147.303
147.32
147.334
147.352
147.366
147.38
147.395
147.408
147.422
147.437
147.452
147.466
147.48
147.495
147.512
147.529
147.544
147.558
147.574
147.588
147.603
147.619
147.635
147.648
147.664
147.679
147.694
147.709
147.725
147.74
147.754
147.767
147.782
147.796
147.811
147.829
147.844
147.86
147.876
147.891
147.906
147.923
147.938
147.953
147.969
147.983
147.998
148.013
148.027
148.041
148.054
148.071
148.085
148.1
148.115
148.132
148.145
148.162
148.176
148.191
148.207
148.22
148.234
148.249
148.264
148.28
148.295
148.314
148.327
148.342
148.358
148.375
148.39
148.404
148.421
148.437
148.45
148.464
148.479
148.494
148.508
148.523
148.539
148.554
148.568
148.585
148.6
148.615
148.63
148.645
148.66
148.674
148.689
148.706
148.721
148.738
148.753
148.768
148.784
148.798
148.812
148.826
148.841
148.858
148.872
148.887
148.902
148.916
148.932
148.947
148.962
148.978
148.992
149.008
149.024
149.039
149.054
149.07
149.085
149.1
149.113
149.128
149.142
149.158
149.175
149.189
149.204
149.219
149.234
149.249
149.263
149.278
149.293
149.309
149.324
149.341
149.356
149.372
149.387
149.402
149.418
149.433
149.447
149.462
149.476
149.492
149.507
149.523
149.538
149.553
149.57
149.584
149.599
149.616
149.631
149.646
149.663
149.678
149.695
149.71
149.726
149.74
149.757
149.772
149.787
149.802
149.816
149.831
149.847
149.862
149.878
149.893
149.909
149.925
149.94
149.956
149.971
149.988
150.003
150.019
150.035
150.048
150.065
150.082
150.098
150.114
150.13
150.144
150.158
150.173
150.188
150.204
150.22
150.236
150.252
150.267
150.283
150.299
150.316
150.33
150.345
150.361
150.376
150.393
150.409
150.425
150.439
150.455
150.474
150.489
150.505
150.52
150.536
150.551
150.566
150.584
150.598
150.613
150.629
150.644
150.66
150.677
150.694
150.708
150.723
150.739
150.755
150.771
150.787
150.803
150.818
150.835
150.85
150.866
150.881
150.896
150.912
150.927
150.942
150.955
150.971
150.988
151.003
151.017
151.032
151.049
151.063
151.077
151.093
151.107
151.123
151.137
151.154
151.168
151.184
151.2
151.216
151.231
151.247
151.263
151.278
151.295
151.31
151.326
151.342
151.358
151.373
151.388
151.404
151.419
151.433
151.448
151.464
151.481
151.497
151.512
151.527
151.543
151.558
151.574
151.589
151.606
151.621
151.636
151.651
151.666
151.684
151.7
151.715
151.729
151.743
151.758
151.773
151.79
151.805
151.821
151.838
151.854
151.869
151.883
151.897
151.913
151.929
151.943
151.96
151.975
151.991
152.005
152.02
152.036
152.051
152.067
152.082
152.098
152.113
152.128
152.143
152.16
152.178
152.195
152.209
152.225
152.243
152.258
152.272
152.287
152.302
152.316
152.332
152.346
152.362
152.376
152.392
152.408
152.423
152.435
152.451
152.469
152.485
152.501
152.514
152.529
152.543
152.558
152.572
152.586
152.602
152.618
152.633
152.648
152.664
152.679
