1
2
2.5
3.5
3.5
3.9
4.23333
4.23333
4.60833
4.83056
6.48195
8.28434
10.8444
14.4303
16.7995
18.3401
19.5064
20.4979
21.3872
22.2475
23.0184
23.7088
24.395
24.9935
25.5045
25.9754
26.4889
26.9656
27.4297
27.8494
28.2632
28.7259
29.1574
29.5676
30.0371
30.4508
30.8407
31.2269
31.5669
31.898
32.2491
32.5621
32.888
33.2062
33.5123
33.8056
34.1133
34.4003
34.6942
34.9914
35.2557
35.5526
35.8268
36.0975
36.3517
36.592
36.821
37.0469
37.2837
37.5028
37.7152
37.958
38.166
38.3574
38.5572
38.7395
38.9382
39.1188
39.3152
39.5123
39.7079
39.885
40.0781
40.2692
40.4395
40.6303
40.8286
41.0204
41.2062
41.4082
41.5859
41.7846
41.9765
42.1505
42.3374
42.5145
42.6714
42.8457
43.0218
43.187
43.3538
43.5358
43.6983
43.8367
44.0116
44.1584
44.3261
44.4752
44.6251
44.774
44.9179
45.0532
45.1959
45.3427
45.497
45.6248
45.749
45.881
46.0053
46.1328
46.2515
46.3748
46.5029
46.6213
46.7435
46.867
46.9825
47.1128
47.2307
47.358
47.4761
47.5972
47.7061
47.8308
47.9513
48.0605
48.177
48.2976
48.4215
48.5396
48.6454
48.7632
48.8803
48.9944
49.0804
49.1854
49.2874
49.3995
49.5129
49.6126
49.7199
49.8428
49.9574
50.0646
50.1775
50.2741
50.3753
50.4862
50.5941
50.713
50.8182
50.9193
51.0313
51.1354
51.2431
51.3637
51.4659
51.5739
51.683
51.7885
51.8931
51.9963
52.0886
52.1936
52.301
52.3967
52.4889
52.5876
52.6779
52.7722
52.8788
52.9825
53.0729
53.1755
53.2796
53.3773
53.4668
53.5679
53.6654
53.763
53.8484
53.9444
54.0376
54.1327
54.2255
54.3226
54.4303
54.5185
54.6085
54.7139
54.8089
54.9087
54.9957
55.0913
55.1872
55.2739
55.3561
55.4445
55.5296
55.6218
55.7108
55.798
55.8782
55.9671
56.0605
56.157
56.2556
56.3331
56.4144
56.5112
56.6039
56.6862
56.771
56.8501
56.9444
57.0239
57.1065
57.1937
57.2752
57.3584
57.4497
57.5394
57.6305
57.716
57.7933
57.8728
57.9511
58.0308
58.1096
58.1908
58.2613
58.3422
58.4228
58.4984
58.5766
58.6504
58.7275
58.8011
58.8755
58.9551
59.0235
59.0978
59.1791
59.2556
59.3318
59.4027
59.4771
59.5579
59.6446
59.7206
59.7955
59.8734
59.9489
60.0233
60.102
60.183
60.265
60.3426
60.4161
60.4869
60.562
60.6405
60.7154
60.7914
60.8657
60.9464
61.0268
61.0994
61.1729
61.2462
61.3288
61.4071
61.4892
61.5569
61.6313
61.7085
61.783
61.86
61.9476
62.0199
62.0933
62.1641
62.2474
62.326
62.4024
62.4736
62.5534
62.6385
62.7211
62.7933
62.8686
62.9417
63.0193
63.1004
63.1704
63.24
63.3159
63.3978
63.4764
63.5597
63.6439
63.7219
63.7969
63.8674
63.9516
64.0202
64.1006
64.1729
64.246
64.3195
64.4015
64.4708
64.5533
64.6285
64.7122
64.7824
64.8604
64.9389
65.0216
65.0946
65.1698
65.2478
65.3228
65.3919
65.4603
65.529
65.6051
65.6711
65.7451
65.8252
65.8923
65.9635
66.0394
66.1184
66.1899
66.263
66.3346
66.4148
66.4893
66.5579
66.6396
66.7072
66.7761
66.8449
66.9075
66.9806
67.046
67.119
67.1933
67.258
67.324
67.3951
67.4705
67.5313
67.603
67.6686
67.7386
67.8072
67.8683
67.9309
67.9943
68.0591
68.1245
68.2041
68.2712
68.3292
68.3915
68.4562
68.5269
68.5916
68.6569
68.7237
68.7887
68.845
68.913
68.9734
69.0387
69.0982
69.1574
69.2227
69.2834
69.3397
69.4002
69.4638
69.5191
69.5763
69.6394
69.7041
69.7586
69.8231
69.8815
69.952
70.0089
70.0642
70.1281
70.1859
70.2429
70.3043
70.3636
70.4198
70.4772
70.5412
70.5963
70.6491
70.7061
70.7614
70.8261
70.878
70.9273
70.982
71.0387
71.0898
71.1527
71.2069
71.2627
71.313
71.3702
71.4187
71.4762
71.5301
71.5835
71.6351
71.6892
71.7473
71.7976
71.8526
71.9073
71.9593
72.0059
72.0546
72.1064
72.164
72.2169
72.2712
72.329
72.3804
72.4317
72.4794
72.5302
72.5751
72.6208
72.674
72.7239
72.7784
72.8306
72.8831
72.9367
72.9849
73.031
73.082
73.1342
73.1872
73.2365
73.2876
73.3411
73.3878
73.4437
73.4974
73.5479
73.598
73.6443
73.6899
73.7376
73.7843
73.8353
73.8827
73.9367
73.9902
74.0424
74.0927
74.1406
74.1884
74.2358
74.2878
74.3405
74.3877
74.4412
74.4946
74.5421
74.5891
74.6368
74.6893
74.733
74.7798
74.8261
74.8722
74.9196
74.9658
75.0147
75.0632
75.1149
75.1669
75.2142
75.2611
75.3069
75.3584
75.4062
75.4547
75.4999
75.5446
75.5884
75.6393
75.6929
75.7384
75.7848
75.8323
75.8753
75.92
75.9632
76.0091
76.0527
76.0974
76.1477
76.1937
76.2439
76.2878
76.3378
76.3822
76.4315
76.4769
76.527
76.5762
76.6237
76.6719
76.72
76.7655
76.8121
76.8578
76.9023
76.9485
76.9932
77.0382
77.0854
77.1318
77.1757
77.2206
77.2655
77.3171
77.3707
77.4196
77.4641
77.5074
77.5531
77.6006
77.6495
77.6955
77.7378
77.7843
77.8291
77.875
77.9211
77.9676
78.0117
78.0525
78.1011
78.1505
78.1933
78.2387
78.2829
78.3252
78.3737
78.4214
78.469
78.5123
78.5542
78.6004
78.6458
78.6945
78.7374
78.7759
78.8226
78.8681
78.9101
78.9541
78.9937
79.0416
79.0843
79.1278
79.1724
79.2184
79.2598
79.3044
79.345
79.3923
79.4359
79.4834
79.5263
79.5702
79.6125
79.6564
79.7012
79.7423
79.7811
79.8244
79.8677
79.9092
79.9536
79.9989
80.041
80.0823
80.1234
80.1656
80.2099
80.252
80.2905
80.3352
80.3764
80.4155
80.4579
80.5003
80.5455
80.586
80.627
80.6682
80.7183
80.7632
80.8038
80.8427
80.8829
80.923
80.9621
81.0028
81.0422
81.0822
81.1204
81.1614
81.2071
81.2403
81.2804
81.3219
81.3641
81.411
81.4545
81.4966
81.5401
81.5819
81.6236
81.6641
81.7052
81.7399
81.7827
81.8241
81.867
81.9159
81.9595
82.0058
82.0468
82.0897
82.133
82.1751
82.2145
82.2537
82.2957
82.3374
82.3824
82.4216
82.4587
82.4994
82.538
82.5744
82.6161
82.6577
82.6911
82.7299
82.7669
82.8028
82.8414
82.879
82.9188
82.9583
82.9984
83.0363
83.0774
83.1179
83.1577
83.1956
83.2339
83.2698
83.3063
83.3419
83.3851
83.4217
83.4608
83.4965
83.541
83.5803
83.6156
83.6511
83.685
83.7211
83.7537
83.7894
83.8289
83.8696
83.9085
83.9411
83.9816
84.0173
84.0533
84.0939
84.1346
84.1714
84.2091
84.246
84.2836
84.3249
84.3582
84.3933
84.4264
84.4631
84.4999
84.536
84.5702
84.6077
84.6438
84.6805
84.7208
84.7586
84.7932
84.8291
84.8702
84.9059
84.9411
84.9743
85.0134
85.048
85.0881
85.1236
85.1623
85.1992
85.2352
85.2702
85.3061
85.3398
85.3738
85.4099
85.4514
85.4874
85.521
85.5583
85.5926
85.6295
85.666
85.7039
85.7421
85.7787
85.8172
85.8518
85.8859
85.9201
85.9551
85.9926
86.0245
86.0579
86.0959
86.1304
86.166
86.2008
86.2352
86.2683
86.3014
86.3367
86.3722
86.4088
86.4399
86.4711
86.5046
86.5415
86.5763
86.6126
86.6483
86.6849
86.7215
86.7563
86.7928
86.8292
86.8627
86.8961
86.9309
86.9628
86.9935
87.0307
87.0629
87.0971
87.1305
87.1657
87.2025
87.2342
87.2672
87.3033
87.3394
87.3759
87.4129
87.4485
87.4893
87.519
87.5534
87.5846
87.621
87.6509
87.6867
87.7216
87.7519
87.7901
87.8275
87.8606
87.8951
87.9296
87.9649
88.0008
88.0334
88.0697
88.105
88.1405
88.1745
88.21
88.2458
88.2803
88.3185
88.3521
88.3862
88.4204
88.4581
88.4909
88.5258
88.5565
88.5912
88.6248
88.658
88.6934
88.7252
88.7617
88.7947
88.8331
88.8669
88.9022
88.9373
88.9704
89.0081
89.0412
89.0738
89.1101
89.1456
89.1806
89.2156
89.2508
89.2845
89.3211
89.3554
89.3901
89.4224
89.4601
89.4938
89.5306
89.5613
89.5987
89.6307
89.6656
89.7015
89.7345
89.7693
89.8065
89.8397
89.8724
89.91
89.9513
89.9906
90.024
90.0657
90.0992
90.1347
90.1682
90.2071
90.2429
90.2786
90.3135
90.344
90.3772
90.4132
90.4509
90.4879
90.5246
90.5587
90.597
90.6335
90.6675
90.7014
90.738
90.7748
90.8123
90.8515
90.8909
90.9288
90.966
91.0014
91.0381
91.074
91.109
91.1458
91.1812
91.2172
91.2524
91.286
91.3259
91.3594
91.3951
91.428
91.4643
91.5009
91.5387
91.5792
91.6153
91.6546
91.6916
91.7243
91.7632
91.8038
91.8382
91.875
91.9149
91.9521
91.9874
92.0241
92.0585
92.1014
92.137
92.1729
92.2114
92.2472
92.2818
92.3166
92.352
92.3874
92.4225
92.4557
92.493
92.5298
92.5703
92.6109
92.6472
92.6887
92.7219
92.7605
92.7991
92.8407
92.8829
92.9213
92.9587
92.9982
93.0319
93.0628
93.0964
93.1342
93.1682
93.205
93.2408
93.2778
93.3107
93.3444
93.3813
93.4222
93.4573
93.4962
93.5344
93.5718
93.6076
93.6436
93.6822
93.7201
93.7522
93.7865
93.8207
93.8561
93.8931
93.9287
93.964
94.0037
94.0409
94.0795
94.1147
94.155
94.1894
94.2249
94.2602
94.294
94.3303
94.3673
94.4054
94.4418
94.4769
94.5113
94.5478
94.5838
94.6168
94.6498
94.6846
94.7176
94.7525
94.7859
94.8202
94.8554
94.8911
94.9239
94.9559
94.9889
95.0206
95.0562
95.0906
95.1227
95.1555
95.1941
95.2319
95.2667
95.2996
95.3361
95.3715
95.4055
95.443
95.4803
95.5125
95.545
95.5785
95.6122
95.646
95.6777
95.7157
95.7493
95.7812
95.8135
95.8468
95.8815
95.9141
95.9462
95.979
96.0137
96.0477
96.0817
96.1161
96.1494
96.1822
96.2144
96.2444
96.2753
96.3081
96.3433
96.376
96.4074
96.4363
96.4685
96.4988
96.5317
96.5639
96.5954
96.6269
96.6589
96.6914
96.7207
96.7516
96.7819
96.811
96.8417
96.8726
96.904
96.9322
96.9608
96.9898
97.0186
97.0476
97.0785
97.1065
97.1367
97.1637
97.197
97.2264
97.2567
97.2837
97.3165
97.3471
97.3749
97.4045
97.4323
97.4633
97.4915
97.5224
97.5532
97.5824
97.6093
97.6379
97.6662
97.6955
97.7241
97.7533
97.781
97.8078
97.8346
97.8617
97.8896
97.9187
97.9476
97.9747
98.0035
98.0311
98.0569
98.0848
98.1122
98.1399
98.1672
98.1942
98.219
98.2453
98.2713
98.2974
98.3261
98.3511
98.3784
98.4053
98.4314
98.4571
98.4831
98.5089
98.5346
98.5595
98.585
98.6119
98.6392
98.6659
98.6934
98.7219
98.7453
98.7703
98.797
98.8206
98.8483
98.8774
98.9014
98.9263
98.9492
98.9764
99.0021
99.0264
99.054
99.0808
99.1071
99.134
99.1606
99.1855
99.2099
99.2337
99.2592
99.2828
99.3095
99.3361
99.3609
99.3891
99.4163
99.4402
99.4658
99.4915
99.5149
99.5407
99.5663
99.594
99.6154
99.6384
99.6623
99.6874
99.7134
99.7392
99.7642
99.7901
99.8149
99.8398
99.8605
99.8879
99.9124
99.9368
99.9607
99.984
100.006
100.031
100.054
100.078
100.104
100.128
100.153
100.176
100.199
100.225
100.251
100.275
100.299
100.322
100.347
100.369
100.392
100.413
100.436
100.46
100.484
100.509
100.534
100.561
100.583
100.605
100.629
100.652
100.672
100.694
100.716
100.74
100.763
100.785
100.807
100.828
100.853
100.876
100.897
100.921
100.945
100.967
100.988
101.01
101.037
101.057
101.08
101.104
101.128
101.15
101.172
101.193
101.217
101.242
101.264
101.288
101.31
101.334
101.357
101.381
101.407
101.428
101.45
101.472
101.496
101.521
101.545
101.567
101.59
101.613
101.637
101.658
101.683
101.708
101.729
101.754
101.773
101.795
101.819
101.842
101.864
101.886
101.909
101.93
101.951
101.973
101.991
102.015
102.037
102.061
102.083
102.104
102.126
102.149
102.171
102.192
102.214
102.237
102.259
102.284
102.303
102.327
102.352
102.372
102.395
102.416
102.438
102.46
102.482
102.503
102.523
102.544
102.565
102.587
102.608
102.629
102.652
102.674
102.696
102.717
102.739
102.761
102.782
102.802
102.822
102.845
102.865
102.889
102.909
102.929
102.949
102.971
102.994
103.018
103.039
103.06
103.08
103.099
103.121
103.142
103.165
103.185
103.208
103.23
103.252
103.273
103.293
103.314
103.337
103.357
103.379
103.401
103.423
103.443
103.465
103.485
103.507
103.529
103.551
103.571
103.593
103.613
103.634
103.654
103.675
103.696
103.718
103.739
103.759
103.781
103.801
103.823
103.843
103.866
103.887
103.907
103.927
103.948
103.966
103.987
104.008
104.028
104.05
104.069
104.089
104.109
104.13
104.152
104.175
104.196
104.217
104.239
104.257
104.275
104.296
104.317
104.337
104.356
104.377
104.398
104.418
104.439
104.46
104.482
104.501
104.521
104.542
104.564
104.583
104.602
104.624
104.644
104.665
104.683
104.702
104.723
104.744
104.765
104.788
104.811
104.831
104.851
104.872
104.891
104.913
104.935
104.956
104.977
104.997
105.017
105.038
105.059
105.081
105.101
105.122
105.143
105.165
105.185
105.204
105.224
105.244
105.266
105.288
105.309
105.329
105.35
105.371
105.395
105.413
105.434
105.453
105.472
105.493
105.515
105.535
105.557
105.579
105.602
105.623
105.642
105.662
105.681
105.7
105.719
105.742
105.765
105.787
105.807
105.827
105.848
105.867
105.888
105.909
105.93
105.95
105.972
105.993
106.015
106.037
106.06
106.079
106.099
106.119
106.137
106.158
106.18
106.202
106.221
106.243
106.264
106.283
106.304
106.327
106.345
106.367
106.389
106.412
106.433
106.455
106.476
106.5
106.521
106.543
106.565
106.584
106.603
106.624
106.645
106.666
106.687
106.708
106.73
106.751
106.772
106.793
106.815
106.834
106.854
106.874
106.895
106.915
106.934
106.954
106.975
106.996
107.019
107.042
107.061
107.082
107.102
107.123
107.146
107.166
107.187
107.208
107.228
107.249
107.269
107.29
107.314
107.333
107.353
107.374
107.397
107.417
107.439
107.46
107.48
107.499
107.524
107.543
107.565
107.586
107.609
107.633
107.655
107.675
107.695
107.717
107.738
107.758
107.78
107.799
107.82
107.84
107.861
107.883
107.903
107.924
107.944
107.967
107.989
108.011
108.031
108.052
108.071
108.092
108.114
108.134
108.156
108.178
108.201
108.222
108.243
108.263
108.284
108.305
108.326
108.348
108.369
108.388
108.41
108.432
108.454
108.472
108.495
108.516
108.535
108.556
108.577
108.597
108.618
108.641
108.66
108.683
108.702
108.719
108.74
108.762
108.784
108.804
108.825
108.846
108.869
108.889
108.909
108.93
108.953
108.974
108.996
109.019
109.038
109.058
109.08
109.103
109.123
109.143
109.164
109.187
109.206
109.228
109.249
109.27
109.29
109.311
109.332
109.354
109.375
109.397
109.418
109.438
109.458
109.48
109.499
109.519
109.539
109.56
109.58
109.602
109.623
109.644
109.667
109.686
109.707
109.726
109.745
109.767
109.788
109.808
109.829
109.85
109.871
109.891
109.911
109.932
109.954
109.974
109.994
110.015
110.036
110.058
110.077
110.1
110.119
110.14
110.161
110.181
110.2
110.219
110.238
110.258
110.279
110.303
110.325
110.345
110.368
110.392
110.416
110.437
110.457
110.476
110.496
110.518
110.539
110.561
110.58
110.602
110.627
110.653
110.673
110.696
110.717
110.739
110.76
110.781
110.8
110.82
110.84
110.861
110.881
110.904
110.928
110.948
110.971
110.991
111.014
111.034
111.055
111.075
111.096
111.117
111.14
111.163
111.184
111.206
111.229
111.248
111.269
111.288
111.311
111.333
111.353
111.374
111.396
111.417
111.439
111.459
111.482
111.503
111.525
111.547
111.57
111.591
111.613
111.634
111.656
111.677
111.697
111.719
111.743
111.765
111.787
111.809
111.83
111.851
111.87
111.894
111.915
111.937
111.957
111.979
112
112.021
112.042
112.065
112.086
112.105
112.127
112.15
112.169
112.19
112.211
112.233
112.255
112.276
112.3
112.324
112.345
112.368
112.388
112.409
112.428
112.451
112.471
112.492
112.515
112.537
112.559
112.58
112.602
112.624
112.646
112.667
112.689
112.71
112.732
112.752
112.772
112.795
112.819
112.841
112.862
112.885
112.906
112.928
112.949
112.97
112.992
113.017
113.035
113.055
113.077
113.098
113.12
113.142
113.162
113.184
113.204
113.225
113.244
113.264
113.284
113.304
113.326
113.348
113.37
113.391
113.412
113.433
113.452
113.472
113.492
113.512
113.532
113.553
113.575
113.6
113.619
113.641
113.662
113.683
113.706
113.727
113.746
113.769
113.791
113.807
113.83
113.852
113.874
113.896
113.917
113.937
113.96
113.984
114.005
114.026
114.047
114.069
114.091
114.112
114.133
114.151
114.172
114.192
114.213
114.233
114.253
114.278
114.299
114.321
114.342
114.362
114.382
114.403
114.422
114.444
114.466
114.49
114.512
114.534
114.553
114.578
114.596
114.618
114.64
114.661
114.682
114.703
114.726
114.745
114.766
114.786
114.807
114.828
114.849
114.87
114.892
114.912
114.933
114.955
114.977
114.998
115.02
115.039
115.061
115.084
115.105
115.128
115.15
115.169
115.189
115.21
115.233
115.255
115.274
115.296
115.319
115.339
115.361
115.383
115.405
115.428
115.448
115.471
115.495
115.515
115.535
115.559
115.581
115.603
115.626
115.646
115.668
115.69
115.709
115.73
115.754
115.777
115.8
115.821
115.844
115.867
115.891
115.912
115.933
115.953
115.975
115.995
116.017
116.039
116.062
116.083
116.104
116.125
116.147
116.167
116.187
116.209
116.23
116.251
116.273
116.298
116.32
116.345
116.367
116.39
116.412
116.434
116.454
116.476
116.498
116.518
116.539
116.56
116.582
116.605
116.627
116.651
116.672
116.694
116.716
116.737
116.758
116.781
116.802
116.827
116.85
116.871
116.891
116.914
116.935
116.957
116.98
117.002
117.024
117.047
117.066
117.088
117.111
117.133
117.155
117.175
117.195
117.216
117.236
117.258
117.281
117.303
117.326
117.347
117.368
117.39
117.412
117.435
117.456
117.477
117.497
117.518
117.54
117.562
117.582
117.603
117.628
117.652
117.675
117.698
117.719
117.742
117.766
117.787
117.81
117.834
117.854
117.877
117.897
117.921
117.942
117.966
117.987
118.012
118.035
118.057
118.079
118.103
118.124
118.146
118.166
118.189
118.21
118.233
118.254
118.275
118.3
118.321
118.344
118.363
118.387
118.41
118.432
118.456
118.476
118.5
118.52
118.542
118.564
118.584
118.605
118.628
118.652
118.675
118.696
118.717
118.739
118.762
118.783
118.804
118.826
118.849
118.869
118.89
118.916
118.939
118.959
118.98
119.001
119.024
119.046
119.07
119.093
119.115
119.137
119.157
119.179
119.199
119.221
119.242
119.263
119.284
119.305
119.327
119.348
119.371
119.392
119.414
119.437
119.462
119.484
119.505
119.528
119.549
119.57
119.593
119.614
119.636
119.657
119.678
119.701
119.721
119.744
119.765
119.786
119.806
119.827
119.849
119.873
119.893
119.916
119.938
119.96
119.98
120
120.023
120.047
120.068
120.091
120.112
120.135
120.155
120.179
120.2
120.221
120.241
120.262
120.283
120.303
120.324
120.345
120.367
120.389
120.412
120.434
120.454
120.477
120.499
120.52
120.542
120.566
120.588
120.608
120.629
120.651
120.67
120.692
120.715
120.736
120.76
120.781
120.803
120.823
120.845
120.865
120.886
120.909
120.93
120.954
120.974
120.994
121.016
121.037
121.06
121.082
121.103
121.124
121.143
121.165
121.186
121.206
121.23
121.253
121.275
121.293
121.313
121.336
121.357
121.376
121.397
121.418
121.439
121.462
121.482
121.503
121.522
121.544
121.564
121.585
121.607
121.627
121.646
121.668
121.689
121.711
121.73
121.75
121.773
121.795
121.817
121.837
121.858
121.88
121.9
121.922
121.941
121.961
121.98
122.002
122.021
122.039
122.06
122.081
122.102
122.122
122.143
122.163
122.183
122.202
122.224
122.241
122.262
122.284
122.306
122.326
122.344
122.365
122.386
122.405
122.424
122.443
122.462
122.481
122.501
122.524
122.542
122.563
122.581
122.601
122.622
122.645
122.666
122.687
122.709
122.73
122.75
122.769
122.79
122.81
122.827
122.847
122.865
122.884
122.903
122.922
122.942
122.961
122.981
122.998
123.018
123.04
123.059
123.077
123.096
123.116
123.135
123.155
123.175
123.194
123.214
123.234
123.253
123.271
123.292
123.311
123.33
123.349
123.369
123.388
123.409
123.427
123.448
123.468
123.489
123.509
123.53
123.55
123.569
123.59
123.609
123.63
123.648
123.665
123.684
123.702
123.721
123.741
123.76
123.778
123.797
123.813
123.833
123.852
123.874
123.894
123.913
123.931
123.949
123.969
123.989
124.007
124.026
124.046
124.063
124.083
124.102
124.121
124.141
124.158
124.176
124.195
124.215
124.234
124.252
124.268
124.286
124.306
124.326
124.345
124.364
124.381
124.401
124.418
124.437
124.455
124.475
124.493
124.511
124.53
124.548
124.568
124.585
124.601
124.618
124.638
124.658
124.675
124.696
124.713
124.733
124.75
124.769
124.787
124.805
124.823
124.84
124.86
124.881
124.898
124.917
124.936
124.955
124.974
124.993
125.012
125.03
125.05
125.068
125.088
125.108
125.126
125.142
125.16
125.18
125.198
125.217
125.235
125.252
125.271
125.288
125.307
125.327
125.346
125.363
125.378
125.397
125.417
125.434
125.455
125.474
125.49
125.509
125.529
125.551
125.57
125.587
125.605
125.625
125.642
125.659
125.681
125.698
125.716
125.734
125.752
125.772
125.79
125.807
125.825
125.842
125.859
125.878
125.896
125.915
125.934
125.953
125.969
125.985
126.004
126.023
126.041
126.06
126.074
126.093
126.112
126.129
126.148
126.166
126.184
126.202
126.218
126.237
126.255
126.273
126.293
126.31
126.329
126.348
126.363
126.382
126.399
126.417
126.435
126.454
126.471
126.489
126.505
126.525
126.544
126.562
126.58
126.599
126.617
126.635
126.653
126.672
126.689
126.708
126.726
126.744
126.762
126.779
126.797
126.814
126.832
126.848
126.865
126.881
126.899
126.917
126.936
126.955
126.972
126.989
127.01
127.027
127.047
127.065
127.082
127.1
127.119
127.136
127.155
127.172
127.192
127.211
127.229
127.248
127.266
127.284
127.301
127.32
127.338
127.356
127.372
127.39
127.409
127.428
127.447
127.465
127.483
127.498
127.517
127.534
127.554
127.57
127.587
127.604
127.622
127.64
127.659
127.676
127.694
127.713
127.732
127.751
127.769
127.789
127.807
127.823
127.839
127.855
127.874
127.891
127.912
127.93
127.949
127.967
127.982
127.998
128.017
128.035
128.051
128.069
128.088
128.106
128.123
128.141
128.159
128.177
128.196
128.213
128.235
128.253
128.271
128.289
128.307
128.325
128.34
128.359
128.376
128.393
128.41
128.426
128.446
128.464
128.48
128.499
128.517
128.539
128.558
128.577
128.595
128.614
128.634
128.651
128.669
128.687
128.706
128.724
128.743
128.762
128.781
128.8
128.819
128.836
128.853
128.87
128.888
128.907
128.926
128.942
128.959
128.976
128.993
129.011
129.031
129.049
129.066
129.084
129.101
129.119
129.137
129.153
129.171
129.19
129.207
129.224
129.241
129.259
129.275
129.295
129.312
129.329
129.346
129.363
129.381
129.398
129.417
129.435
129.451
129.467
129.486
129.505
129.523
129.54
129.558
129.575
129.594
129.614
129.631
129.649
129.668
129.687
129.704
129.721
129.736
129.754
129.772
129.79
129.807
129.825
129.845
129.861
129.879
129.899
129.916
129.934
129.953
129.974
129.992
130.011
130.028
130.046
130.065
130.081
130.099
130.117
130.135
130.153
130.173
130.19
130.208
130.226
130.244
130.26
130.278
130.297
130.316
130.334
130.352
130.369
130.387
130.405
130.422
130.439
130.456
130.474
130.492
130.508
130.524
130.542
130.56
130.577
130.596
130.612
130.628
130.647
130.663
130.681
130.698
130.716
130.734
130.749
130.766
130.782
130.801
130.818
130.835
130.853
130.872
130.89
130.908
130.928
130.946
130.963
130.981
130.998
131.017
131.033
131.051
131.068
131.087
131.105
131.124
131.143
131.161
131.178
131.197
131.215
131.232
131.25
131.268
131.286
131.303
131.32
131.337
131.352
131.371
131.387
131.406
131.423
131.439
131.455
131.473
131.489
131.504
131.519
131.538
131.557
131.574
131.592
131.608
131.626
131.645
131.663
131.681
131.698
131.716
131.732
131.749
131.765
131.783
131.801
131.816
131.834
131.849
131.867
131.884
131.902
131.921
131.936
131.954
131.971
131.989
132.007
132.024
132.042
132.06
132.075
132.092
132.107
132.124
132.141
132.157
132.172
132.189
132.207
132.224
132.241
132.26
132.279
132.295
132.313
132.329
132.348
132.364
132.382
132.398
132.413
132.428
132.447
132.466
132.482
132.5
132.514
132.532
132.548
132.566
132.583
132.6
132.616
132.632
132.649
132.664
132.68
132.696
132.714
132.731
132.748
132.766
132.782
132.799
132.815
132.831
132.845
132.861
132.877
132.893
132.91
132.926
132.941
132.958
132.975
132.993
133.009
133.025
133.041
133.058
133.074
133.091
133.107
133.123
133.138
133.154
133.17
133.185
133.2
133.217
133.233
133.252
133.268
133.285
133.302
133.319
133.334
133.35
133.365
133.381
133.397
133.414
133.43
133.446
133.462
133.48
133.498
133.512
133.527
133.544
133.56
133.577
133.592
133.61
133.626
133.643
133.66
133.675
133.689
133.706
133.724
133.739
133.757
133.774
133.788
133.805
133.822
133.839
133.854
133.87
133.883
133.9
133.917
133.931
133.948
133.964
133.979
133.996
134.011
134.026
134.042
134.056
134.074
134.089
134.104
134.12
134.136
134.151
134.168
134.184
134.2
134.216
134.232
134.247
134.263
134.279
134.294
134.31
134.326
134.342
134.359
134.372
134.388
134.404
134.419
134.434
134.45
134.466
134.483
134.499
134.517
134.532
134.548
134.563
134.578
134.594
134.608
134.625
134.639
134.655
134.672
134.686
134.7
134.715
134.73
134.745
134.761
134.776
134.792
134.809
134.823
134.839
134.854
134.87
134.886
134.9
134.915
134.93
134.945
134.962
134.978
134.993
135.008
135.022
135.037
135.054
135.071
135.087
135.102
135.116
135.131
135.147
135.16
135.175
135.19
135.205
135.22
135.236
135.251
135.268
135.283
135.299
135.315
135.329
135.343
135.359
135.373
135.389
135.405
135.421
135.436
135.45
135.465
135.481
135.499
135.513
135.526
135.543
135.558
135.575
135.59
135.605
135.62
135.635
135.65
135.666
135.681
135.696
135.712
135.73
135.746
135.761
135.775
135.79
135.804
135.818
135.834
135.848
135.864
135.878
135.894
135.911
135.926
135.942
135.956
135.972
135.988
136.005
136.021
136.035
136.051
136.067
136.081
136.096
136.11
136.125
136.14
136.154
136.167
136.183
136.197
136.212
136.227
136.242
136.258
136.273
136.29
136.305
136.321
136.339
136.355
136.369
136.383
136.399
136.414
136.427
136.442
136.458
136.473
136.487
136.501
136.515
136.529
136.543
136.557
136.571
136.585
136.602
136.617
136.63
136.647
136.662
136.676
136.693
136.707
136.721
136.736
136.75
136.765
136.78
136.796
136.811
136.826
136.84
136.855
136.869
136.885
136.899
136.914
136.928
136.941
136.958
136.973
136.988
137.002
137.016
137.031
137.045
137.061
137.075
137.091
137.104
137.119
137.133
137.149
137.164
137.178
137.193
137.208
137.223
137.234
137.249
137.264
137.278
137.293
137.306
137.321
137.335
137.35
137.364
137.38
137.393
137.408
137.423
137.437
137.453
137.468
137.482
137.497
137.512
137.528
137.545
137.56
137.575
137.589
137.605
137.619
137.634
137.648
137.662
137.677
137.69
137.705
137.72
137.734
137.75
137.763
137.778
137.793
137.808
137.823
137.837
137.851
137.864
137.878
137.893
137.905
137.921
137.936
137.951
137.965
137.98
137.994
138.008
138.021
138.036
138.05
138.064
138.078
138.093
138.107
138.121
138.135
138.149
138.163
138.177
138.192
138.206
138.221
138.235
138.25
138.263
138.276
138.289
138.303
138.318
138.334
138.347
138.361
138.376
138.39
138.405
138.42
138.434
138.448
138.46
138.474
138.487
138.502
138.516
138.53
138.544
138.558
138.572
138.587
138.601
138.617
138.631
138.645
138.659
138.673
138.687
138.702
138.715
138.729
138.743
138.759
138.772
138.785
138.797
138.813
138.827
138.841
138.856
138.871
138.884
138.899
138.912
138.928
138.942
138.955
138.97
138.983
138.997
139.012
139.027
139.042
139.055
139.068
139.082
139.097
139.112
139.127
139.141
139.155
139.169
139.183
139.197
139.21
139.225
139.239
139.254
139.269
139.282
139.296
139.31
139.323
139.338
139.351
139.366
139.38
139.393
139.407
139.421
139.435
139.448
139.463
139.477
139.491
139.504
139.518
139.533
139.546
139.559
139.571
139.585
139.598
139.61
139.624
139.64
139.654
139.669
139.683
139.697
139.71
139.725
139.738
139.752
139.768
139.781
139.795
139.809
139.822
139.837
139.85
139.865
139.881
139.894
139.909
139.922
139.936
139.949
139.963
139.977
139.99
140.004
140.019
140.033
140.046
140.061
140.075
140.087
140.1
140.113
140.127
140.141
140.155
140.169
140.182
140.196
140.21
140.225
140.239
140.253
140.267
140.28
140.293
140.306
140.319
140.333
140.347
140.362
140.376
140.388
140.402
140.416
140.429
140.443
140.458
140.472
140.484
140.498
140.512
140.525
140.537
140.55
140.565
140.578
140.593
140.606
140.622
140.637
140.65
140.665
140.68
140.693
140.707
140.72
140.734
140.746
140.76
140.774
140.788
140.801
140.815
140.83
140.844
140.858
140.871
140.884
140.9
140.913
140.928
140.941
140.956
140.969
140.984
140.999
141.012
141.026
141.042
141.056
141.07
141.083
141.098
141.11
141.124
141.14
141.154
141.168
141.182
141.196
141.21
141.223
141.238
141.253
141.267
141.281
141.296
141.311
141.324
141.336
141.35
141.364
141.378
141.39
141.404
141.419
141.432
141.446
141.459
141.474
141.488
141.503
141.516
141.53
141.543
141.559
141.574
141.588
141.602
141.616
141.632
141.646
141.659
141.672
141.687
141.701
141.716
141.73
141.745
141.759
141.773
141.785
141.798
141.811
141.826
141.84
141.853
141.867
141.882
141.897
141.91
141.923
141.936
141.95
141.963
141.977
141.991
142.004
142.016
142.029
142.042
142.055
142.069
142.083
142.098
142.112
142.126
142.141
142.154
142.168
142.18
142.195
142.21
142.223
142.238
142.253
142.268
142.279
142.292
142.306
142.319
142.332
142.347
142.361
142.374
142.387
142.401
142.416
142.43
142.443
142.458
142.472
142.486
142.5
142.515
142.53
142.543
142.557
142.572
142.586
142.599
142.613
142.628
142.642
142.656
142.671
142.683
142.698
142.711
142.724
142.739
142.753
142.769
142.783
142.798
142.811
142.826
142.838
142.852
142.865
142.881
142.897
142.911
142.924
142.938
142.952
142.965
142.979
142.991
143.006
143.019
143.034
143.049
143.063
143.076
143.089
143.103
143.118
143.132
143.146
143.159
143.173
143.188
143.202
143.215
143.23
143.243
143.256
143.269
143.283
143.298
143.312
143.327
143.34
143.354
143.368
143.382
143.397
143.412
143.425
143.441
143.454
143.468
143.481
143.494
143.507
143.521
143.534
143.548
143.562
143.576
143.589
143.604
143.617
143.63
143.646
143.661
143.676
143.688
143.702
143.714
143.73
143.743
143.757
143.771
143.786
143.801
143.814
143.829
143.842
143.855
143.868
143.882
143.896
143.91
143.924
143.937
143.951
143.965
143.982
143.996
144.009
144.022
144.037
144.05
144.063
144.077
144.091
144.104
144.117
144.13
144.144
144.16
144.174
144.187
144.2
144.214
144.228
144.242
144.256
144.269
144.284
144.297
144.313
144.326
144.341
144.355
144.369
144.383
144.398
144.412
144.426
144.441
144.455
144.469
144.482
144.496
144.509
144.522
144.536
144.551
144.564
144.578
144.593
144.606
144.62
144.635
144.649
144.663
144.678
144.693
144.707
144.723
144.736
144.75
144.765
144.779
144.793
144.808
144.821
144.835
144.848
144.864
144.878
144.891
144.904
144.919
144.932
144.947
144.96
144.975
144.989
145.003
145.015
145.029
145.045
145.058
145.072
145.086
145.099
145.114
145.128
145.143
145.157
145.171
145.186
145.201
145.215
145.231
145.245
145.26
145.275
145.289
145.303
145.317
145.332
145.346
145.36
145.375
145.39
145.405
145.419
145.434
145.45
145.464
145.476
145.49
145.505
145.517
145.531
145.544
145.559
145.573
145.588
145.604
145.619
145.633
145.646
145.661
145.675
145.688
145.702
145.718
145.732
145.747
145.761
145.776
145.79
145.805
145.819
145.834
145.849
145.863
145.879
145.894
145.908
145.922
145.936
145.95
145.964
145.979
145.993
146.007
146.021
146.035
146.049
146.064
146.078
146.093
146.107
146.122
146.136
146.149
146.163
146.177
146.191
146.205
146.219
146.235
146.25
146.264
146.278
146.294
146.307
146.322
146.337
146.352
146.366
146.38
146.393
146.405
146.42
146.434
146.447
146.462
146.475
146.49
146.504
146.517
146.533
146.547
146.56
146.575
146.59
146.605
146.62
146.635
146.65
146.665
146.681
146.696
146.709
146.724
146.738
146.754
146.768
146.782
146.795
146.81
146.825
146.84
146.855
146.871
146.885
146.899
146.913
146.928
146.943
146.957
146.973
146.986
147
147.014
147.027
147.042
147.057
147.07
147.085
147.099
147.112
147.126
147.142
147.156
147.171
147.185
147.2
147.213
147.227
147.242
147.257
147.271
147.286
147.3
147.313
147.328
147.341
147.355
147.371
147.385
147.4
147.414
147.429
147.445
147.461
147.476
147.491
147.505
147.52
147.534
147.549
147.567
147.582
147.597
147.612
147.626
147.641
147.656
147.671
147.687
147.701
147.716
147.732
147.746
147.762
147.777
147.794
147.81
147.824
147.84
147.854
147.869
147.882
147.898
147.913
147.929
147.946
147.96
147.975
147.99
148.006
148.021
148.037
148.053
148.068
148.082
148.096
148.112
148.128
148.142
148.159
148.173
148.186
148.2
148.214
148.229
148.244
148.258
148.273
148.29
148.305
148.319
148.333
148.349
148.363
148.378
148.395
148.409
148.424
148.438
148.453
148.468
148.482
148.498
148.514
148.53
148.543
148.56
148.575
148.591
148.607
148.622
148.637
148.651
148.665
148.68
148.696
148.71
148.725
148.74
148.756
148.77
148.783
148.799
148.814
148.83
148.845
148.86
148.876
148.889
148.904
148.918
148.933
148.949
148.964
148.977
148.993
149.007
149.021
149.037
149.051
149.065
149.082
149.095
149.112
149.128
149.143
149.158
149.174
149.19
149.205
149.222
149.236
149.251
149.265
149.28
149.297
149.312
149.327
149.343
149.358
149.373
149.389
149.405
149.42
149.434
149.45
149.465
149.48
149.496
149.511
149.525
149.54
149.556
149.571
149.588
149.605
149.621
149.635
149.65
149.663
149.678
149.695
149.71
149.726
149.74
149.756
149.772
149.787
149.802
149.817
149.833
149.849
149.864
149.879
149.896
149.912
149.928
149.944
149.959
149.976
149.991
150.006
150.023
150.038
150.055
150.07
150.085
150.1
150.115
150.131
150.146
150.16
150.176
150.192
150.207
150.222
150.238
150.254
150.269
150.287
150.302
150.321
150.336
150.352
150.366
150.38
150.396
150.412
150.428
150.443
150.458
150.477
150.493
150.509
150.525
150.542
150.559
