2
2.5
2.83333
3.08333
3.28333
3.48333
3.76905
3.9619
4.0369
5.36375
6.67623
8.11854
9.78941
10.2719
11.335
12.5163
13.3378
14.0209
14.5035
14.979
15.4022
15.7772
16.1254
16.4248
16.7291
17.007
17.2604
17.5078
17.73
17.9376
18.1478
18.3574
18.5387
18.7251
18.8861
19.0676
19.2477
19.4262
19.5881
19.7523
19.9052
20.0487
20.1892
20.3055
20.4424
20.5695
20.6854
20.8034
20.9221
21.0304
21.1298
21.2465
21.3532
21.4556
21.5589
21.6545
21.7569
21.859
21.9545
22.0512
22.1484
22.2351
22.3166
22.4042
22.4894
22.5702
22.6561
22.7388
22.8278
22.9145
22.9862
23.0657
23.1402
23.2152
23.2911
23.3596
23.4328
23.5068
23.5794
23.6394
23.6997
23.7635
23.8214
23.885
23.946
24.0037
24.0545
24.1167
24.166
24.2208
24.2779
24.339
24.4028
24.4569
24.5149
24.5655
24.6227
24.6738
24.7233
24.7725
24.8186
24.8683
24.909
24.9543
24.9976
25.0495
25.0989
25.1399
25.1888
25.2363
25.2826
25.3257
25.3716
25.4186
25.4701
25.5082
25.5559
25.6013
25.6452
25.686
25.7222
25.7631
25.8065
25.8435
25.8804
25.9184
25.9616
26.0055
26.0463
26.088
26.1272
26.1667
26.2077
26.2485
26.2873
26.3225
26.3588
26.3967
26.4308
26.4627
26.4959
26.5319
26.5646
26.6005
26.6388
26.6723
26.7073
26.74
26.776
26.8093
26.846
26.8774
26.907
26.9387
26.9762
27.0031
27.0341
27.0674
27.0967
27.1255
27.1574
27.1867
27.2163
27.2504
27.2792
27.3118
27.3413
27.3684
27.3952
27.4244
27.4541
27.4842
27.5147
27.5441
27.5747
27.6026
27.633
27.6629
27.6875
27.713
27.7402
27.7688
27.7961
27.8212
27.8479
27.8745
27.9017
27.9283
27.9547
27.9787
28.007
28.0287
28.0535
28.0823
28.1082
28.1318
28.1592
28.1863
28.2107
28.2313
28.2558
28.2808
28.3042
28.3281
28.3533
28.3784
28.4011
28.4223
28.446
28.4731
28.4992
28.5242
28.5476
28.5698
28.5959
28.6203
28.6435
28.6664
28.6934
28.7151
28.7374
28.7601
28.7816
28.8031
28.8265
28.8468
28.8683
28.8878
28.9061
28.9278
28.9523
28.9739
28.9962
29.0206
29.0434
29.0659
29.0879
29.1091
29.1302
29.1513
29.1748
29.1947
29.2132
29.2344
29.2554
29.2749
29.2948
29.3137
29.3349
29.3522
29.3716
29.393
29.4148
29.4356
29.4554
29.4745
29.496
29.5171
29.5345
29.5531
29.5735
29.5933
29.6129
29.6335
29.6517
29.6709
29.6895
29.7081
29.7262
29.7445
29.7624
29.7808
29.7993
29.8171
29.8361
29.8549
29.8723
29.8897
29.9089
29.9265
29.9438
29.9628
29.9791
29.9981
30.0163
30.0335
30.0506
30.068
30.0847
30.1021
30.1206
30.1373
30.1541
30.1701
30.1861
30.2023
30.2175
30.2339
30.2502
30.2687
30.2847
30.3022
30.32
30.3372
30.3541
30.3702
30.3859
30.4028
30.4178
30.4355
30.4504
30.4682
30.4862
30.502
30.5194
30.5344
30.553
30.5675
30.5823
30.5978
30.6139
30.6324
30.6471
30.6625
30.6773
30.6927
30.7095
30.725
30.7424
30.7569
30.7732
30.79
30.8068
30.8233
30.8383
30.855
30.8706
30.8862
30.9028
30.9188
30.9342
30.9503
30.9651
30.98
30.9956
31.0109
31.0256
31.0392
31.0547
31.0702
31.0846
31.0997
31.1153
31.1303
31.1444
31.1577
31.1739
31.1886
31.2023
31.2157
31.2288
31.244
31.2606
31.2733
31.287
31.3003
31.3146
31.329
31.3462
31.3599
31.3744
31.3876
31.4013
31.4162
31.4308
31.4443
31.4575
31.4713
31.4849
31.4987
31.5129
31.5272
31.5408
31.5546
31.5686
31.5825
31.5966
31.6082
31.6222
31.6343
31.648
31.6617
31.6736
31.6879
31.7008
31.713
31.7283
31.7427
31.7562
31.7685
31.7814
31.7935
31.8067
31.8199
31.8328
31.8449
31.8584
31.8718
31.8853
31.8983
31.9112
31.9254
31.9373
31.9501
31.9617
31.9742
31.986
31.9991
32.0113
32.0232
32.0348
32.049
32.0618
32.0756
32.0874
32.1008
32.1118
32.1235
32.1344
32.1471
32.1599
32.1713
32.1839
32.1961
32.2094
32.2232
32.2363
32.2491
32.2627
32.2742
32.2867
32.2994
32.3114
32.3226
32.3347
32.3477
32.3601
32.372
32.3845
32.3957
32.4083
32.4204
32.4327
32.4463
32.4583
32.4696
32.4819
32.4937
32.5055
32.5182
32.531
32.5404
32.5525
32.5648
32.5772
32.5888
32.6006
32.6126
32.6249
32.6365
32.6485
32.6607
32.673
32.6852
32.6962
32.7082
32.7207
32.731
32.7437
32.7551
32.7674
32.7799
32.7918
32.8033
32.8176
32.8294
32.8401
32.8508
32.8622
32.8737
32.8845
32.8971
32.9085
32.9198
32.93
32.9401
32.9508
32.9617
32.9725
32.9829
32.9949
33.0062
33.0176
33.0306
33.0415
33.0517
33.063
33.073
33.0859
33.0973
33.1085
33.121
33.1306
33.1427
33.1544
33.1651
33.1758
33.1863
33.1977
33.2073
33.2181
33.2267
33.2378
33.2478
33.2588
33.2707
33.281
33.2916
33.303
33.3134
33.3247
33.3361
33.3468
33.3572
33.3675
33.3763
33.3869
33.3979
33.409
33.4203
33.43
33.4412
33.4518
33.4624
33.4732
33.4837
33.4943
33.504
33.5143
33.5257
33.5355
33.5453
33.5559
33.5661
33.5755
33.5862
33.5956
33.6052
33.6155
33.6254
33.6349
33.6447
33.6545
33.6643
33.6738
33.6857
33.696
33.7048
33.7143
33.7237
33.7335
33.7436
33.7533
33.7626
33.7715
33.7818
33.7914
33.8014
33.8109
33.8208
33.8317
33.8413
33.8523
33.8604
33.869
33.8792
33.8896
33.8994
33.9097
33.9206
33.93
33.9396
33.9491
33.9587
33.9682
33.9775
33.9871
33.9978
34.008
34.0179
34.0269
34.0368
34.0452
34.0549
34.0649
34.0751
34.084
34.0939
34.1025
34.1124
34.123
34.1331
34.1437
34.1539
34.1634
34.1732
34.1828
34.1905
34.2001
34.2095
34.2182
34.2282
34.239
34.2474
34.2576
34.2673
34.277
34.2871
34.2981
34.3075
34.3172
34.3256
34.3345
34.3437
34.3535
34.3626
34.3719
34.3807
34.3907
34.4002
34.4091
34.418
34.4274
34.4374
34.4456
34.4547
34.4649
34.4747
34.4848
34.4942
34.503
34.5127
34.5222
34.5304
34.5404
34.5512
34.5605
34.5695
34.5775
34.5875
34.5961
34.6041
34.6142
34.6222
34.6312
34.6392
34.6489
34.656
34.665
34.6735
34.6831
34.691
34.7
34.7088
34.7181
34.7268
34.7348
34.744
34.7528
34.7606
34.7684
34.7762
34.7851
34.7936
34.8019
34.811
34.8198
34.8275
34.8355
34.8438
34.8518
34.8606
34.869
34.8769
34.8854
34.8947
34.9039
34.913
34.9215
34.9295
34.938
34.9472
34.9545
34.9628
34.9712
34.9792
34.9886
34.9966
35.0051
35.0143
35.0227
35.0308
35.0398
35.0486
35.0572
35.0672
35.0758
35.0845
35.0928
35.1003
35.109
35.1181
35.1271
35.136
35.1452
35.1538
35.1624
35.1699
35.1786
35.1876
35.196
35.2049
35.2149
35.2225
35.2311
35.2399
35.249
35.2588
35.2675
35.2754
35.2846
35.2919
35.2997
35.3077
35.3157
35.3223
35.3305
35.3387
35.3467
35.3541
35.3623
35.3712
35.3786
35.387
35.3949
35.4028
35.4105
35.4179
35.4259
35.4343
35.4429
35.4515
35.4595
35.4687
35.4763
35.4846
35.4935
35.5016
35.5106
35.5187
35.5259
35.534
35.5427
35.55
35.5582
35.5666
35.5732
35.5815
35.5899
35.5975
35.6051
35.6125
35.6203
35.6276
35.6371
35.6446
35.6527
35.6603
35.6686
35.677
35.6849
35.6934
35.7013
35.7089
35.7167
35.725
35.7327
35.7406
35.7492
35.7571
35.7642
35.772
35.7789
35.7876
35.7961
35.8037
35.8118
35.8202
35.8269
35.8342
35.8423
35.8496
35.8585
35.8657
35.8739
35.8819
35.8901
35.8979
35.9061
35.9143
35.9217
35.9292
35.9363
35.9436
35.9511
35.9593
35.9671
35.9745
35.9821
35.9894
35.996
36.003
36.0105
36.0186
36.0264
36.0343
36.0408
36.0485
36.055
36.0626
36.0699
36.0771
36.0853
36.0927
36.0993
36.1066
36.1145
36.1223
36.1294
36.1367
36.1438
36.151
36.1584
36.1657
36.1734
36.1816
36.1893
36.197
36.2046
36.2127
36.221
36.2282
36.2358
36.2431
36.2502
36.2569
36.2638
36.2717
36.2787
36.2863
36.2942
36.3005
36.3081
36.316
36.3237
36.3314
36.3387
36.3461
36.3528
36.3594
36.3673
36.3738
36.3816
36.3889
36.3977
36.4049
36.4116
36.4185
36.4251
36.4322
36.4392
36.446
36.453
36.4605
36.468
36.4748
36.482
36.4896
36.4969
36.5034
36.5109
36.5183
36.5255
36.5326
36.5398
36.5468
36.5535
36.5606
36.5672
36.5743
36.5807
36.588
36.5953
36.6026
36.6092
36.617
36.6239
36.6313
36.6385
36.647
36.6541
36.6613
36.6693
36.6765
36.6831
36.6907
36.697
36.7042
36.7111
36.7179
36.7255
36.7321
36.739
36.7457
36.7528
36.7596
36.7674
36.7743
36.7817
36.7886
36.7954
36.8014
36.8079
36.8153
36.8222
36.8293
36.8364
36.843
36.85
36.8566
36.8635
36.8699
36.8766
36.8833
36.8902
36.8976
36.904
36.9113
36.9183
36.9253
36.9319
36.9392
36.9463
36.9524
36.9603
36.9668
36.9733
36.9798
36.9865
36.9931
36.9998
37.0072
37.0139
37.0202
37.0268
37.0336
37.0401
37.0463
37.0531
37.0592
37.0659
37.0726
37.0793
37.0859
37.0928
37.099
37.1063
37.1128
37.1199
37.1275
37.1348
37.1412
37.1483
37.1551
37.1607
37.1684
37.1753
37.1817
37.1881
37.1942
37.2005
37.2073
37.2146
37.2217
37.2288
37.2357
37.2424
37.2489
37.2551
37.2617
37.2684
37.2754
37.2826
37.2891
37.296
37.3027
37.309
37.3159
37.3223
37.3283
37.3346
37.3414
37.3473
37.3534
37.3598
37.3661
37.3728
37.3799
37.3862
37.3924
37.3997
37.4066
37.4136
37.42
37.426
37.4323
37.4389
37.4451
37.4513
37.4583
37.4644
37.4707
37.4772
37.4838
37.4904
37.4971
37.5035
37.5098
37.5155
37.5221
37.5282
37.5342
37.541
37.5468
37.5532
37.5599
37.5664
37.5733
37.5795
37.5863
37.5928
37.5987
37.605
37.6113
37.6182
37.6245
37.6305
37.6361
37.6427
37.6488
37.6551
37.6621
37.6674
37.6738
37.68
37.6862
37.6923
37.6985
37.7046
37.7108
37.7174
37.7237
37.7309
37.738
37.7448
37.7504
37.7563
37.7626
37.7683
37.7747
37.7811
37.7879
37.7948
37.801
37.8076
37.8137
37.8192
37.8247
37.832
37.8385
37.846
37.852
37.859
37.8647
37.8707
37.8769
37.8836
37.8896
37.8957
37.9012
37.9075
37.9143
37.9199
37.9268
37.9333
37.9392
37.9451
37.9516
37.9575
37.9635
37.9704
37.9769
37.9829
37.9888
37.9949
38.0009
38.0072
38.013
38.0189
38.0252
38.0311
38.0372
38.0434
38.0497
38.0558
38.062
38.0683
38.0747
38.0812
38.087
38.0935
38.0991
38.1048
38.1114
38.118
38.124
38.1297
38.1366
38.1421
38.1476
38.1532
38.159
38.165
38.1712
38.1767
38.1829
38.1891
38.1959
38.2018
38.208
38.2135
38.2196
38.2258
38.233
38.2391
38.2448
38.2507
38.2559
38.2627
38.2688
38.2743
38.2812
38.2869
38.2926
38.2984
38.304
38.311
38.3174
38.3235
38.3303
38.3362
38.3426
38.3479
38.3538
38.3595
38.3646
38.3701
38.3757
38.3814
38.3875
38.3936
38.3989
38.4048
38.4106
38.416
38.4218
38.4276
38.4333
38.4391
38.4447
38.4501
38.4559
38.4615
38.4675
38.473
38.4792
38.4858
38.4913
38.4972
38.5037
38.5096
38.5153
38.5212
38.5269
38.5325
38.5386
38.5451
38.5511
38.5571
38.5633
38.5694
38.5757
38.5818
38.5875
38.5934
38.5998
38.6055
38.6105
38.6159
38.622
38.6277
38.6331
38.6389
38.6446
38.6504
38.6562
38.6625
38.668
38.6746
38.6807
38.6861
38.6916
38.6966
38.7025
38.7076
38.7133
38.719
38.7252
38.7312
38.7373
38.7433
38.7491
38.7542
38.7601
38.7664
38.7725
38.7781
38.7841
38.7903
38.7965
38.8022
38.8078
38.8136
38.8192
38.825
38.8306
38.8363
38.8417
38.8473
38.8532
38.8587
38.8639
38.8701
38.8756
38.8811
38.8865
38.892
38.8979
38.903
38.909
38.9145
38.9206
38.926
38.9316
38.9371
38.9426
38.9484
38.9538
38.959
38.965
38.9702
38.9759
38.9821
38.9878
38.9931
38.9985
39.0047
39.0106
39.0159
39.0215
39.0264
39.0314
39.0366
39.0415
39.0465
39.0521
39.0575
39.0636
39.0695
39.075
39.0804
39.0852
39.0913
39.0973
39.1025
39.1079
39.1134
39.1186
39.124
39.1294
39.1353
39.1408
39.1467
39.1516
39.157
39.1623
39.1684
39.1736
39.1793
39.1844
39.1899
39.1965
39.2023
39.2077
39.213
39.2177
39.2231
39.2286
39.2347
39.2399
39.2452
39.25
39.2553
39.2605
39.2665
39.2715
39.276
39.2817
39.2872
39.2932
39.2979
39.3037
39.3091
39.3149
39.3208
39.326
39.3311
39.3366
39.3423
39.3475
39.3532
39.3583
39.364
39.3693
39.375
39.3808
39.3863
39.391
39.3953
39.4005
39.406
39.4112
39.4165
39.4218
39.4271
39.4322
39.4374
39.4429
39.4492
39.4544
39.4596
39.4648
39.47
39.4749
39.4805
39.4861
39.4916
39.4967
39.5017
39.5067
39.5119
39.5182
39.5234
39.5287
39.5345
39.54
39.5453
39.5497
39.5547
39.5609
39.5655
39.5708
39.5762
39.5819
39.5874
39.5927
39.5983
39.6039
39.6091
39.6142
39.6189
39.6241
39.6291
39.6344
39.6393
39.6436
39.6483
39.6534
39.6588
39.6645
39.6696
39.6748
39.6799
39.6852
39.6907
39.6963
39.7018
39.7068
39.7126
39.718
39.7235
39.7289
39.7346
39.7406
39.7457
39.7504
39.7559
39.7609
39.7663
39.7714
39.7767
39.7816
39.7877
39.7929
39.798
39.8031
39.808
39.8134
39.8188
39.8237
39.8287
39.8343
39.8394
39.8445
39.85
39.8547
39.8601
39.866
39.871
39.8762
39.8813
39.8861
39.891
39.8962
39.9019
39.9073
39.9125
39.9173
39.9228
39.9276
39.9336
39.9378
39.9433
39.9481
39.9536
39.9588
39.9641
39.9697
39.9749
39.9798
39.9841
39.99
39.9956
40.0012
40.0063
40.0117
40.0163
40.0213
40.0262
40.0314
40.0362
40.0411
40.0462
40.0513
40.0561
40.0613
40.0666
40.0717
40.0766
40.0821
40.0874
40.0924
40.0976
40.1026
40.1073
40.1122
40.1179
40.1233
40.1291
40.1342
40.139
40.1438
40.1493
40.1543
40.16
40.1652
40.171
40.1764
40.1817
40.187
40.1924
40.197
40.2021
40.2077
40.2128
40.2179
40.2231
40.2281
40.233
40.2376
40.2434
40.2485
40.2538
40.258
40.2625
40.2681
40.273
40.2779
40.2834
40.2887
40.2939
40.2988
40.3035
40.3085
40.3138
40.3197
40.3249
40.3296
40.335
40.34
40.3452
40.3501
40.3556
40.3607
40.3659
40.3707
40.3759
40.381
40.3858
40.3913
40.3966
40.4013
40.4058
40.4108
40.4165
40.4219
40.427
40.4323
40.4381
40.4433
40.4487
40.4533
40.4585
40.4634
40.4682
40.4733
40.4784
40.4838
40.4889
40.4935
40.498
40.5026
40.5078
40.5131
40.5177
40.5229
40.5274
40.532
40.5368
40.5419
40.547
40.5518
40.5563
40.5613
40.5664
40.5709
40.5755
40.5802
40.5849
40.5892
40.5943
40.5995
40.6045
40.6097
40.6144
40.6197
40.6249
40.6297
40.6345
40.6392
40.6441
40.6488
40.6536
40.6587
40.664
40.669
40.6738
40.6788
40.6839
40.689
40.6939
40.6991
40.7042
40.709
40.7134
40.7179
40.7229
40.7274
40.7332
40.7379
40.7429
40.7485
40.7535
40.7591
40.7642
40.7688
40.7737
40.7788
40.7835
40.7878
40.7925
40.7971
40.8015
40.807
40.8119
40.8165
40.8213
40.8258
40.8301
40.8351
40.8398
40.8449
40.8495
40.854
40.8587
40.8636
40.8685
40.873
40.8777
40.8829
40.8879
40.8921
40.8972
40.9018
40.9066
40.9115
40.9157
40.9205
40.9251
40.9298
40.9348
40.9398
40.9445
40.9489
40.9536
40.9586
40.9634
40.9685
40.9729
40.9779
40.9825
40.987
40.992
40.9966
41.0017
41.0064
41.0114
41.0163
41.0205
41.0248
41.0289
41.0338
41.0384
41.0433
41.0481
41.0532
41.0574
41.0619
41.0664
41.0711
41.0762
41.0809
41.0858
41.0904
41.0951
41.0997
41.104
41.1084
41.113
41.1178
41.1223
41.1271
41.1314
41.1362
41.141
41.1453
41.1497
41.1546
41.1598
41.1646
41.1695
41.1737
41.1789
41.1839
41.1889
41.1941
41.1988
41.2038
41.2084
41.2135
41.2187
41.2235
41.2282
41.2329
41.2369
41.2422
41.2463
41.2507
41.2564
41.2613
41.2664
41.2709
41.2755
41.2802
41.2853
41.2899
41.2945
41.2993
41.3045
41.309
41.314
41.3189
41.3234
41.3278
41.3324
41.3365
41.3413
41.3467
41.3507
41.356
41.3614
41.3656
41.3701
41.3746
41.38
41.3849
41.3892
41.3938
41.3982
41.4025
41.4073
41.4117
41.4161
41.4211
41.4265
41.4312
41.4358
41.44
41.4449
41.4492
41.4541
41.4588
41.4636
41.4686
41.4733
41.4778
41.482
41.4867
41.4908
41.4954
41.4998
41.5045
41.5094
41.5139
41.5182
41.5225
41.5271
41.5314
41.536
41.5401
41.5446
41.5492
41.5537
41.5578
41.5628
41.5672
41.5713
41.5757
41.5799
41.5844
41.5886
41.5925
41.5971
41.6022
41.6066
41.6114
41.6162
41.6206
41.6249
41.6297
41.6335
41.6378
41.643
41.6475
41.6525
41.6576
41.662
41.6658
41.6703
41.6747
41.6788
41.6834
41.6882
41.6925
41.6969
41.7015
41.706
41.7107
41.7145
41.7191
41.7239
41.7281
41.7325
41.7371
41.741
41.7453
41.7499
41.7543
41.7592
41.7637
41.768
41.7725
41.7768
41.7818
41.7862
41.7909
41.7953
41.7997
41.8043
41.8089
41.8133
41.8176
41.8223
41.8271
41.8313
41.8357
41.8401
41.8449
41.8496
41.8545
41.8588
41.8634
41.8676
41.872
41.8763
41.8809
41.8852
41.8892
41.8936
41.898
41.9024
41.9066
41.9115
41.9164
41.9209
41.9261
41.9311
41.9357
41.9399
41.9444
41.9491
41.9539
41.958
41.9625
41.9672
41.9719
41.9768
41.9816
41.9858
41.9907
41.9953
41.9996
42.0046
42.0087
42.0139
42.0182
42.0231
42.0273
42.0315
42.036
42.0412
42.0459
42.0506
42.055
42.0598
42.0643
42.0683
42.0732
42.0782
42.0827
42.0871
42.0917
42.0958
42.1002
42.1049
42.1094
42.1146
42.1185
42.1235
42.1277
42.1325
42.137
42.1412
42.1456
42.1504
42.1545
42.1587
42.1635
42.1679
42.1721
42.1764
42.1809
42.1861
42.1902
42.1947
42.1993
42.2038
42.2083
42.2129
42.2175
42.2216
42.2259
42.2299
42.2342
42.2384
42.2429
42.2475
42.2524
42.257
42.2615
42.266
42.2708
42.2752
42.2792
42.2834
42.2877
42.2927
42.2973
42.3012
42.3059
42.3101
42.3141
42.3182
42.3231
42.3272
42.3317
42.3358
42.3405
42.3445
42.3484
42.3528
42.3572
42.3616
42.366
42.3702
42.3744
42.3783
42.383
42.3875
42.3916
42.3963
42.401
42.4052
42.4095
42.4146
42.419
42.4231
42.4273
42.4319
42.436
42.4401
42.4446
42.4494
42.454
42.4582
42.4625
42.4672
42.4715
42.4761
42.4803
42.4848
42.4892
42.4935
42.4982
42.5024
42.5069
42.5118
42.5159
42.5199
42.5237
42.528
42.5326
42.5371
42.5418
42.5465
42.5506
42.5549
42.5592
42.5636
42.5679
42.5721
42.5766
42.581
42.5857
42.59
42.5944
42.5992
42.6033
42.6076
42.6123
42.6162
42.6206
42.6251
42.6295
42.6339
42.6384
42.6426
42.6465
42.6506
42.655
42.6597
42.6641
42.6681
42.6725
42.6767
42.6813
42.6854
42.6898
42.6944
42.6984
42.7026
42.7068
42.7113
42.7151
42.7192
42.7231
42.7273
42.7319
42.7362
42.7405
42.7456
42.7498
42.7544
42.7585
42.7633
42.7673
42.7716
42.7758
42.7802
42.7842
42.789
42.7934
42.7978
42.8019
42.8067
42.8111
42.8157
42.8199
42.8242
42.8283
42.8332
42.8377
42.8422
42.8468
42.8519
42.8561
42.8595
42.8641
42.8682
42.8722
42.8768
42.8816
42.8863
42.8899
42.8946
42.8989
42.9032
42.9073
42.9115
42.916
42.9205
42.9247
42.9285
42.9331
42.9375
42.9417
42.9461
42.9512
42.9556
42.9597
42.9641
42.9685
42.973
42.9774
42.9819
42.9859
42.9905
42.995
42.9999
43.0045
43.0079
43.0123
43.0164
43.0207
43.0247
43.0289
43.0332
43.0376
43.0425
43.047
43.0517
43.0564
43.0608
43.065
43.0686
43.0728
43.0772
43.0813
43.0851
43.0892
43.0933
43.0973
43.1008
43.1051
43.1097
43.1139
43.1185
43.1228
43.127
43.1312
43.1357
43.1402
43.1452
43.1498
43.1535
43.1579
43.1623
43.1667
43.1714
43.1763
43.1802
43.1845
43.1893
43.1928
43.1972
43.2016
43.2058
43.2106
43.2146
43.2191
43.223
43.2272
43.2312
43.2355
43.2391
43.2433
43.2475
43.2519
43.2558
43.2601
43.2646
43.2683
43.2724
43.2764
43.2808
43.285
43.2889
43.2929
43.2971
43.3016
43.3057
43.3095
43.3137
43.318
43.3224
43.3262
43.331
43.3351
43.3397
43.3442
43.3486
43.3527
43.3572
43.3615
43.3661
43.3702
43.3749
43.3788
43.3829
43.3872
43.3916
43.396
43.4001
43.4042
43.408
43.4119
43.4159
43.4198
43.4243
43.4293
43.4339
43.4383
43.4429
43.4468
43.4508
43.4551
43.4593
43.4633
43.4678
43.4723
43.476
43.4805
43.4851
43.4892
43.4933
43.4973
43.5017
43.5059
43.5097
43.5144
43.5185
43.5223
43.526
43.5303
43.5348
43.5396
43.5435
43.5477
43.5517
43.5561
43.5601
43.5641
43.568
43.5721
43.5768
43.581
43.585
43.5887
43.593
43.5973
43.6017
43.6063
43.6106
43.6146
43.6183
43.6226
43.6265
43.6308
43.6356
43.6399
43.6445
43.6487
43.6533
43.6579
43.6619
43.666
43.6698
43.6735
43.6782
43.6819
43.6859
43.6903
43.6946
43.6983
43.7023
43.7066
43.7107
43.715
43.7198
43.7238
43.7279
43.7323
43.7364
43.7409
43.7449
43.7489
43.7537
43.7581
43.7622
43.7665
43.7707
43.775
43.7792
43.7839
43.788
43.7918
43.7958
43.8004
43.8047
43.8093
43.8138
43.8178
43.822
43.8267
43.831
43.8354
43.84
43.844
43.8483
43.8522
43.8565
43.8608
43.8651
43.8693
43.8735
43.8778
43.8823
43.8868
43.8909
43.8954
43.8996
43.9037
43.9081
43.9124
43.9168
43.9212
43.9258
43.93
43.9341
43.9385
43.9428
43.9471
43.9509
43.9548
43.9593
43.9635
43.9674
43.9719
43.9756
43.9799
43.9847
43.9884
43.9924
43.9964
44.0002
44.0043
44.0083
44.0125
44.0163
44.0198
44.0241
44.0281
44.0324
44.0369
44.0411
44.0456
44.0498
44.0542
44.0585
44.0627
44.067
44.0711
44.0749
44.0791
44.0833
44.0875
44.0914
44.0954
44.0995
44.1034
44.1075
44.1119
44.1164
44.1203
44.1249
44.1295
44.1338
44.138
44.1423
44.1458
44.1499
44.1537
44.1582
44.1622
44.167
44.1709
44.1752
44.1791
44.183
44.1868
44.1906
44.1949
44.1992
44.2039
44.2079
44.2125
44.2164
44.2203
44.2243
44.2285
44.2323
44.2365
44.2405
44.2454
44.2496
44.2537
44.2574
44.2618
44.2656
44.2701
44.2738
44.2779
44.2824
44.2864
44.29
44.2941
44.298
44.3018
44.3063
44.3105
44.3147
44.3186
44.3227
44.327
44.3313
44.335
44.3387
44.3431
44.3473
44.3516
44.3552
44.3594
44.364
44.3678
44.3723
44.3763
44.3807
44.3846
44.3887
44.3927
44.3965
44.4008
44.405
44.4087
44.413
44.4168
44.4205
44.4247
44.4286
44.4323
44.4367
44.441
44.4455
44.4493
44.4535
44.4575
44.462
44.4664
44.4708
44.4753
44.4796
44.4834
44.4874
44.4917
44.4956
44.4992
44.5031
44.5079
44.5127
44.5165
44.5206
44.5249
44.5287
44.5326
44.5365
44.5408
44.5445
44.5486
44.553
44.5571
44.5613
44.5658
44.5694
44.5731
44.5777
44.5823
44.5861
44.5899
44.5937
44.5978
44.6016
44.605
44.6091
44.6129
44.6172
44.6217
44.6257
44.6302
44.6343
44.6378
44.642
44.6461
44.65
44.6543
44.6583
44.6621
44.666
44.67
44.674
44.678
44.6815
44.6852
44.6894
44.6935
44.6975
44.7015
44.7054
44.709
44.7129
44.7172
44.7208
44.7248
44.729
44.7334
44.7377
44.7423
44.7465
44.7508
44.7549
44.759
44.7636
44.7679
44.7721
44.7764
44.7806
44.7848
44.7888
44.7928
44.7966
44.8007
44.8046
44.8085
44.8125
44.8167
44.8211
44.8251
44.8294
44.8338
44.8381
44.8424
44.8466
44.8505
44.8543
44.8585
44.8621
44.8664
44.8713
44.8756
44.8804
44.8847
44.8888
44.8927
44.8965
44.9003
44.9043
44.9082
44.9134
44.9177
44.9218
44.926
44.9303
44.934
44.9383
44.9429
44.9471
44.9514
44.9552
44.9591
44.9634
44.9683
44.9723
44.9769
44.9808
44.9852
44.9892
44.9935
44.9976
45.0013
45.0054
45.0095
45.0137
45.0177
45.0222
45.0259
45.0305
45.0343
45.0383
45.0427
45.0466
45.0507
45.0546
45.0583
45.0624
45.0669
45.0705
45.0752
45.0794
45.0835
45.0878
45.0917
45.0957
45.0997
45.1039
45.1079
45.1129
45.1169
45.1207
45.125
45.1285
45.1325
45.1365
45.1406
45.1446
45.1486
45.1529
45.1567
45.1611
45.1648
45.1691
45.1731
45.1767
45.1812
45.1852
45.1893
45.1932
45.1973
45.2016
45.2052
45.2091
45.2132
45.2178
45.2219
45.226
45.2303
45.2346
45.2388
45.2423
45.2464
45.2507
45.2555
45.2598
45.2638
45.2677
45.2722
45.2761
45.2804
45.2847
45.2888
45.2927
45.2971
45.3008
45.3049
45.3089
45.3135
45.3175
45.3215
45.3253
45.3301
45.3343
45.3386
45.3425
45.3466
45.3511
45.3553
45.3591
45.3629
45.367
45.3717
45.3757
45.3801
45.3838
45.3882
45.3921
45.3961
45.3998
45.4042
45.4081
45.4122
45.4164
45.4205
45.4245
45.4286
45.433
45.4371
45.4414
45.4456
45.4497
45.4539
45.4579
45.4623
45.4662
45.47
45.4742
45.4777
45.4817
45.4859
45.4901
45.4941
45.4984
45.5023
45.5066
45.5109
45.5151
45.5193
45.5235
45.5274
45.5311
45.5359
45.5399
45.5447
45.5488
45.5526
45.5565
45.5602
45.5639
45.5676
45.5713
45.5758
45.5801
45.5842
45.5885
45.5926
45.5968
45.601
45.6053
45.6089
45.6128
45.6173
45.6218
45.6262
45.6305
45.6346
45.6387
45.6425
45.6468
45.6511
45.656
45.6601
45.6647
45.6688
45.6726
45.6767
45.6808
45.6852
45.6895
45.6937
45.6979
45.7021
45.7063
45.71
45.714
45.7179
45.722
45.7262
45.7308
45.7347
45.7388
45.7424
45.7463
45.7503
45.7543
45.758
45.7623
45.7666
45.7708
45.774
45.7783
45.782
45.786
45.7898
45.7942
45.7981
45.8023
45.8065
45.8107
45.8153
45.8195
45.8234
45.8271
45.8311
45.8352
45.8393
45.8434
45.8474
45.8513
45.8556
45.8596
45.8633
45.8672
45.8714
45.8755
45.8797
45.8835
45.8876
45.892
45.8959
45.9
45.904
45.908
45.9117
45.9155
45.9194
45.924
45.9281
45.9322
45.9366
45.9403
45.9443
45.9483
45.9527
45.9573
45.9616
45.9655
45.9699
45.9743
45.9781
45.9826
45.9867
45.9909
45.9953
45.9991
46.0033
46.0076
46.0118
46.016
46.0202
46.0244
46.0285
46.0327
46.0369
46.0415
46.0459
46.0499
46.0539
46.0581
46.0619
46.0666
46.071
46.0753
46.0793
46.0831
46.0877
46.092
46.0958
46.0999
46.1036
46.1075
46.1116
46.1155
46.1199
46.1242
46.128
46.1327
46.1369
46.1408
46.1447
46.1492
46.1537
46.1577
46.1617
46.1659
46.1702
46.174
46.1783
46.1825
46.1866
46.1903
46.1945
46.1989
46.2027
46.2069
46.2114
46.2153
46.2194
46.2229
46.2273
46.2314
46.2356
46.2399
46.244
46.2485
46.2524
46.2568
46.2608
46.2649
46.2688
46.273
46.2773
46.2815
46.286
46.2899
46.2941
46.2978
46.3015
46.3061
46.3103
46.3149
46.3196
46.3242
46.3284
46.3324
46.3367
46.3407
46.3447
46.3493
46.3537
46.358
46.3623
46.3661
46.37
46.3739
46.378
46.3818
46.3861
46.3903
46.3947
46.3986
46.4024
46.4065
46.411
46.4149
46.4197
46.4234
46.4273
46.4316
46.4354
46.4392
46.4432
46.4475
46.4517
46.4556
46.4597
46.4639
46.4683
46.4726
46.4766
46.4809
46.4844
46.4883
46.4923
46.4957
46.4995
46.5033
46.5076
46.5117
46.5154
46.5197
46.524
46.5286
46.5328
46.5371
46.5421
46.5461
46.5501
46.5543
46.5579
46.5619
46.5659
46.5697
46.5737
46.5779
46.582
46.5866
46.5902
46.5938
46.5975
46.6018
46.6065
46.6111
46.6153
46.6191
46.6229
46.6271
46.6319
46.6358
46.64
46.6437
46.6479
46.6519
46.6566
46.6609
46.6649
46.6692
46.6737
46.6785
46.683
46.6869
46.6908
46.6947
46.6991
46.7039
46.7085
46.7125
46.7168
46.7212
46.7258
46.73
46.7343
46.7387
46.7426
46.7467
46.7511
46.7556
46.7599
46.764
46.7682
46.7731
46.7765
46.7805
46.7848
46.7893
46.7933
46.7972
46.8014
46.8057
46.8103
46.8145
46.8188
46.8225
46.8268
46.8309
46.835
46.8389
46.8432
46.8475
46.8516
46.8559
46.8595
46.8639
46.8678
46.8714
46.8756
46.8803
46.8844
46.8882
46.8921
46.8965
46.9009
46.9049
46.9089
46.9132
46.9174
46.9212
46.925
46.9287
46.9328
46.9372
46.9415
46.9455
46.9496
46.9541
46.9584
46.9628
46.9668
46.9709
46.9748
46.9789
46.9827
46.9867
46.9906
46.9947
46.9993
47.0033
47.0078
47.0118
47.0155
47.02
47.0247
47.0292
47.0338
47.0378
47.042
47.0463
47.051
47.0553
47.0595
47.0638
47.0687
47.0729
47.0777
47.0819
47.086
47.0901
47.0943
47.0977
47.1015
47.1059
47.1105
47.1142
47.1185
47.1227
47.1271
47.1312
47.1357
47.1401
47.1441
47.1485
47.1528
47.1569
47.1609
47.1648
47.1685
47.1728
47.1771
47.1813
47.1847
47.1891
47.193
47.1972
47.2013
47.2055
47.21
47.2141
47.2186
47.2229
47.2272
47.2319
47.2363
47.2402
47.2443
47.249
47.2531
47.2575
47.2615
47.2656
47.27
47.274
47.2783
47.2825
47.2869
47.2913
47.2953
47.2997
47.3043
47.3085
47.3124
47.3163
47.3207
47.3246
47.3283
47.333
47.3368
47.3407
47.3447
47.3489
47.3534
47.3578
47.3622
47.3666
47.3711
47.3755
47.3797
47.3845
47.3888
47.3928
47.3968
47.4012
47.4052
47.4096
47.4137
47.4179
47.4224
47.4264
47.431
47.435
47.4393
47.4436
47.4476
47.4518
47.4558
47.4604
47.465
47.4689
47.4736
47.4777
47.4813
47.4852
47.4898
47.4936
47.4979
47.5023
47.5068
47.511
47.5152
47.5193
47.5233
47.5278
47.5323
47.5365
47.5404
47.5443
47.548
47.5525
47.557
47.5612
47.5655
47.5696
47.5742
47.5786
47.5826
47.5866
47.591
47.595
47.5995
47.6034
47.6079
47.6119
47.6162
47.6206
47.6248
47.6288
47.6331
47.6369
47.6415
47.6462
47.6501
47.6548
47.659
47.6636
47.668
47.6729
47.6772
47.6816
47.6854
47.6896
47.6943
47.699
47.7032
47.7072
47.7113
47.7161
47.7206
47.7242
47.7285
47.7328
47.737
47.7414
47.7457
47.75
47.7548
47.7593
47.7637
47.7679
47.7723
47.7771
47.7809
47.785
47.7893
47.7936
47.7976
47.8019
47.8062
47.8104
47.8146
47.819
47.8234
47.8278
47.8315
47.8359
47.8402
47.8446
47.8493
47.8535
47.8577
47.8617
47.8662
47.8707
47.8754
47.8793
47.8838
47.888
47.8927
47.8977
47.902
47.9063
47.9104
47.9148
47.9191
47.9242
47.9285
47.9328
47.9375
47.9417
47.9465
47.951
47.9552
47.9594
47.9638
47.9682
47.9727
47.9768
47.9808
47.9851
47.9888
47.9928
47.9974
48.0019
48.0063
48.0108
48.0153
48.0196
48.0241
48.0286
48.0328
48.0377
48.0421
48.0468
48.0508
48.0553
48.0597
48.0637
48.0683
48.0728
48.077
48.0816
48.0858
48.0899
48.0945
48.0986
48.1027
48.1067
48.1114
48.1153
48.1202
48.1248
48.1285
48.1325
48.1369
48.1414
48.146
48.1504
48.1545
48.1597
48.1638
48.1684
48.1726
48.1769
48.181
48.1855
48.1898
48.1943
48.1987
48.2037
48.2082
48.2131
48.2177
48.2222
48.2269
48.2319
48.2359
48.2405
48.2446
48.2489
48.2534
48.2582
48.2624
48.2672
48.2724
48.2773
48.2813
48.2856
48.2897
48.2947
48.2993
48.3036
48.3078
48.3117
48.3157
48.3207
48.3258
48.3302
48.3346
48.3395
48.3439
48.348
48.3523
48.3572
48.3621
48.3668
48.3718
48.3765
48.3809
48.3852
48.3897
48.3943
48.3981
48.4021
48.4067
48.411
48.4153
48.4195
48.4238
48.4285
48.4332
48.4377
48.4424
48.4468
48.4513
48.4553
48.4596
48.4635
48.4682
48.4724
48.4772
48.482
48.4866
48.491
48.4956
48.4998
48.5045
48.5089
48.5133
48.5177
48.5219
48.5264
48.5305
48.5345
48.5392
48.5436
48.5481
48.553
48.5577
48.562
48.5663
48.5707
48.5754
48.5804
48.5854
48.5896
48.594
48.5988
48.6034
48.6074
48.6117
48.6168
48.6211
48.6257
48.63
48.6341
48.6382
48.6424
48.647
48.6517
48.6567
48.6614
48.6656
48.6698
48.6739
48.6785
48.6832
48.688
48.693
48.6979
48.7021
48.7066
48.7115
48.7156
48.7201
48.7249
48.7294
48.7338
48.7389
48.7436
48.7478
48.7526
48.7569
48.7613
48.7657
48.7703
48.7752
48.7798
48.7843
48.7884
48.7929
48.7979
48.8026
48.8076
48.8127
48.8171
48.8221
48.8266
48.8308
48.8352
48.8396
48.8447
48.8496
48.8533
48.8575
48.8616
48.8662
48.8706
48.8753
48.8798
48.8842
48.8887
48.8934
48.8977
48.903
48.9078
48.9119
48.9165
48.9211
48.9261
48.9311
48.9358
48.94
48.9443
48.9489
48.9539
48.9589
48.963
48.9673
48.9719
48.9759
48.9804
48.9853
48.9899
48.9946
48.9993
49.0041
49.0082
49.0133
49.0181
49.0228
49.0278
49.0323
49.0369
49.0415
49.0461
49.0511
49.0559
49.0603
49.0654
49.0696
49.0749
49.0801
49.0842
49.0891
49.0938
49.0986
49.103
49.1072
49.1112
49.116
49.1208
49.1257
49.1298
49.1346
49.1388
49.1437
49.1485
49.153
49.1575
49.1622
49.1666
49.1711
49.1756
49.1807
49.186
49.1902
49.1952
49.2005
49.205
49.2097
49.2144
49.2194
49.2241
49.2292
49.2334
49.2376
49.2422
49.2466
49.2519
49.2567
49.2619
49.2667
49.2714
49.2757
49.2807
49.2855
49.29
49.2948
49.2996
49.3041
49.3092
49.3135
49.318
49.323
49.3272
49.3315
49.3359
49.341
49.3455
49.3502
49.3549
49.3596
49.3644
49.3696
49.3735
49.3782
49.3825
49.3872
49.3918
49.3961
49.4007
49.4049
49.4095
49.4138
49.4187
49.4231
49.4275
49.4322
49.4367
49.441
49.4456
49.4503
49.4552
49.4597
49.4646
49.4697
49.4744
49.4793
49.4841
49.4882
49.4924
49.4971
49.5018
49.5064
49.5111
49.5152
49.5198
49.5246
49.529
49.5337
49.5384
49.5434
49.548
49.5534
49.5581
49.5627
49.5674
49.5717
49.5763
49.5809
49.5859
49.5906
49.5955
49.5999
49.6046
49.6096
49.6142
49.6192
49.6241
49.6293
49.6351
49.6401
49.6448
49.6501
49.6548
49.6599
49.6646
49.6692
49.6737
49.6784
49.6826
49.6882
49.6933
49.6974
49.702
49.7072
49.7126
49.7167
49.7208
49.7253
49.73
49.7342
49.7386
49.7434
49.7479
49.7532
49.7576
49.7622
49.7669
49.7722
49.777
49.7816
49.7863
49.7906
49.7951
49.7997
49.8044
49.8096
49.8149
49.8192
49.8239
49.8284
49.8332
49.8383
49.8432
49.8477
49.8525
49.8573
49.8621
49.8667
49.8715
49.8772
49.8814
49.8861
49.8907
49.8956
49.9007
49.9052
49.9098
49.9146
49.9194
49.9248
49.9298
49.934
49.9391
49.9439
49.9485
49.9536
49.9583
49.9633
49.9683
49.9729
49.9778
49.9828
49.9875
49.992
49.9971
50.0022
50.0075
50.0123
50.0174
50.0223
50.0269
50.0317
50.0368
50.042
50.0471
50.0518
50.0572
50.0623
50.0668
50.0718
50.0767
50.0817
50.0865
50.0919
50.0968
50.1021
50.1066
50.1115
50.1166
50.1219
50.1268
50.1319
50.1367
50.1416
50.1471
50.1518
50.1569
50.1616
50.1667
50.1718
50.1765
50.181
50.1861
50.1911
50.196
50.2006
50.2058
50.2109
50.2156
50.2208
50.2263
50.2324
50.2374
50.2425
50.2476
50.2521
50.2572
50.2618
50.2668
50.272
50.2773
50.2822
50.2876
50.2926
50.2977
50.3023
50.3073
50.3122
50.3169
50.3219
50.3266
50.3317
50.3372
50.3424
50.3475
50.3525
50.3573
50.3626
50.3677
50.3733
50.3785
50.3841
50.3896
50.3947
50.3999
50.405
50.4099
50.4148
50.4197
50.4243
50.4291
50.4339
50.4386
50.4433
50.4484
50.4544
50.4594
50.4643
50.4695
50.4746
50.4799
50.4853
50.4902
50.4949
50.5001
50.5052
50.5095
50.5146
50.5196
50.5244
50.5298
50.535
50.5402
50.5454
50.5505
50.555
50.5599
50.5651
50.5701
50.5751
50.5805
50.5854
50.591
50.5955
50.6006
50.6057
50.6111
50.6163
50.6223
50.6278
50.6328
50.6374
50.642
50.647
50.6524
50.6575
50.6624
50.6672
50.6723
50.677
50.6818
50.6875
50.6925
50.6969
50.7017
50.7069
50.7123
50.7172
50.7224
50.7272
50.7325
50.738
50.7429
50.7487
50.7543
50.7595
50.7649
50.7699
50.775
50.7802
50.7858
50.791
50.7963
50.8018
50.8074
50.8132
50.8184
50.8232
50.8287
50.8341
50.8393
50.8444
50.8498
50.8551
50.8603
50.8651
50.8698
50.8746
50.8794
50.8848
50.8899
50.8949
50.9001
50.9052
50.9102
50.9153
50.9208
50.926
50.9311
50.9361
50.9412
50.9467
50.9519
50.9573
50.9629
50.9686
50.9745
50.9798
50.9857
50.9915
50.9969
51.0025
51.0082
51.0135
51.0188
51.0235
51.0288
51.0345
51.0405
51.0464
51.0522
51.0575
51.0625
51.0679
51.0734
51.0797
51.0853
51.0907
51.0965
51.102
51.1079
51.1135
51.1182
51.1241
51.1298
51.1351
51.1396
51.145
51.1501
51.1556
51.1617
51.1683
51.1735
51.1796
51.1853
51.1911
51.1968
51.2021
51.2074
51.2127
51.2179
51.2236
51.229
51.2343
51.2398
51.2455
51.2502
51.2563
51.2622
51.2677
51.2731
51.2788
51.2841
51.2893
51.2953
51.3009
51.3064
51.3124
51.3178
51.324
51.3297
51.3349
51.3398
51.3464
51.3514
51.357
51.3626
51.3679
51.3742
51.3794
51.3847
51.3902
51.3958
51.4012
51.4068
51.4123
51.4186
51.4243
51.4299
51.4354
51.4409
51.4465
51.452
51.457
51.4628
51.4686
51.4746
51.4797
51.4852
51.4904
51.4954
51.5011
51.5075
51.5127
51.5174
51.5227
51.5288
51.5349
51.541
51.5474
51.5531
51.5586
51.564
51.5704
51.5758
51.5818
51.5873
51.5927
51.5987
51.6043
51.6106
51.6166
51.6223
51.6288
51.635
51.641
51.6466
51.6513
51.6563
51.6624
51.668
51.673
51.6789
51.685
51.6905
51.6966
51.7022
51.7072
51.7139
51.7189
51.725
51.7305
51.737
51.7431
51.7489
51.7549
51.7606
51.7656
51.7715
51.7765
51.7828
51.7895
51.7961
51.8021
51.8082
51.8151
51.8209
51.8278
51.8329
51.8393
51.8455
51.8515
51.8571
51.8628
51.8689
51.8746
51.8797
51.8848
51.8909
51.8973
51.9025
51.9082
51.9146
51.9206
51.9259
51.9315
51.9373
51.943
51.9488
51.9543
51.9595
51.9655
51.9717
51.9777
51.9843
51.9902
51.9958
52.0023
52.0082
52.0148
52.0207
52.0266
52.033
52.0394
52.0451
52.0514
52.0571
52.0622
52.0687
52.0743
52.0798
52.0864
52.0934
52.0989
52.1053
52.1118
52.1175
52.123
52.1297
52.1364
52.1421
52.149
52.1551
52.161
52.1672
52.173
52.1789
52.1855
52.1911
52.1983
52.2046
52.211
52.2173
52.2229
52.2287
52.2353
52.2416
52.2489
52.2555
52.2612
52.2672
52.2737
52.2804
52.2861
52.2925
52.2986
52.3051
52.3119
52.3193
52.3254
52.3318
52.3384
52.3451
52.3511
52.3574
52.3634
52.3705
52.3771
52.3833
52.3902
52.3968
52.4035
52.4104
52.4179
52.424
52.4309
52.4372
52.4431
52.4492
52.4555
52.4618
52.4679
52.4747
52.4811
52.4883
52.4943
52.4999
52.5068
52.5133
52.5199
52.5256
52.5315
52.5378
52.5446
52.5514
52.5569
52.5636
52.5701
52.5768
52.5844
52.5911
52.5976
52.6042
52.6108
52.6173
52.6234
52.6302
52.6367
52.643
52.65
52.6572
52.6633
52.6699
52.6771
52.6838
52.6904
52.6973
52.7041
52.7109
52.717
52.7239
52.7298
52.7363
52.7422
52.749
52.7552
52.7623
52.769
52.7753
52.7818
52.7892
52.7959
52.8032
52.8097
52.817
52.8233
52.8295
52.8369
52.8438
52.8513
52.8579
52.8652
52.8724
52.8789
52.8854
52.8916
52.8977
52.9048
52.9115
52.9188
52.926
52.9326
52.9391
52.946
52.9527
52.9592
52.9665
52.9738
52.9802
52.9866
52.9939
53.0008
53.0072
53.0133
53.0196
53.0268
53.0334
53.0404
53.0469
53.0541
53.0614
53.0686
53.0763
53.0827
53.0904
53.0975
53.1052
53.112
53.1188
53.1256
53.1332
53.1398
53.1465
53.1533
53.1603
53.1674
53.1745
53.1806
53.1879
53.1952
53.2017
53.2089
53.2156
53.2228
53.2294
53.2378
53.2455
53.2526
53.2593
53.2673
53.2748
53.2833
53.2905
53.2976
53.3043
53.3108
53.3186
53.3258
53.3331
53.3403
53.3469
53.3543
53.3621
53.3692
53.376
53.3842
53.3915
53.3985
53.4054
53.4124
53.4195
53.4282
53.435
53.4432
53.451
53.4577
53.4655
53.4733
53.4811
53.4881
53.4956
53.5034
53.5102
53.5178
53.5258
53.5333
53.5409
53.5485
53.5559
53.5633
53.5716
53.5781
53.5848
53.5924
53.6001
53.6083
53.6162
53.6237
53.6314
53.6393
53.6466
53.6532
53.6611
53.6687
53.6759
53.684
53.6912
53.7001
53.7066
53.714
53.7228
53.7316
53.7389
53.7466
53.7535
53.761
53.7686
53.7769
53.7856
53.7935
53.8008
53.8084
53.8164
53.8235
53.8305
53.8377
53.8456
53.8526
53.8608
53.8689
53.8779
53.8872
53.896
53.9041
53.9119
53.9199
53.928
53.9362
53.9443
53.9523
53.9602
53.9686
53.9771
53.985
53.9929
54.0011
54.0096
54.0179
54.0262
54.0345
54.0429
54.05
54.0589
54.0668
54.0748
54.0832
54.0904
54.0982
54.1066
54.1153
54.123
54.131
54.1397
54.1476
54.1563
54.1652
54.1732
54.1813
54.1898
54.198
54.2066
54.215
54.2243
54.2334
54.2416
54.2509
54.2594
54.2694
54.2781
54.2872
54.2966
54.3059
54.3138
54.3219
54.3305
54.3397
54.3486
54.3572
54.3659
54.3742
54.3837
54.3933
54.4016
54.4109
54.4195
54.4273
54.4357
54.4438
54.453
54.4616
54.4706
54.4803
54.4887
54.4979
54.5066
54.5149
54.524
54.5336
54.543
54.5525
54.5628
54.5717
54.5801
54.5896
54.5984
54.6067
54.6164
54.6256
54.6362
54.6457
54.6557
54.6651
54.6742
54.6828
54.6921
54.7019
54.7106
54.721
54.7309
54.7389
54.7493
54.7585
54.7694
54.7781
54.787
54.7972
54.8061
54.8152
54.8262
54.8356
54.8455
54.8551
54.8654
54.8731
54.8829
54.8921
54.9026
54.9113
54.9215
54.9311
54.9407
54.9512
54.9614
54.9715
54.9809
54.9896
54.9999
55.0095
55.0194
55.03
55.0401
55.0496
55.0589
55.0687
55.0785
55.0886
55.0981
55.1083
55.1173
55.127
55.1371
55.1475
55.1577
55.1682
55.1781
55.1878
55.1983
55.2099
55.2217
55.2308
55.2402
55.2507
55.2618
55.2725
55.2837
55.2951
55.3054
55.3146
55.3256
55.3355
55.3466
55.3569
55.3671
55.3772
55.3876
55.3978
55.4085
55.4193
55.4292
55.4395
55.4494
55.461
55.4706
55.4816
55.4933
55.5049
55.5175
55.5283
55.5384
55.5494
55.5612
55.5733
55.5841
55.5951
55.6046
55.6155
55.6264
55.6367
55.6472
55.6571
55.6684
55.6802
55.691
55.7014
55.7139
55.7243
55.7352
55.7455
55.7569
55.7677
55.7806
55.7917
55.8035
55.8138
55.8251
55.8373
55.8485
55.8608
55.8719
55.8845
55.8951
55.9068
55.9198
55.9312
55.9424
55.9534
55.965
55.9765
55.987
55.9994
56.0123
56.0227
56.0347
56.0474
56.0598
56.0725
56.084
56.0958
56.1061
56.1169
56.1286
56.1419
56.1539
56.1655
56.1783
56.1886
56.1997
56.2119
56.225
56.237
56.2503
56.2639
56.275
56.2874
56.3001
56.312
56.3243
56.3362
56.3485
56.3606
56.3732
56.3856
56.3972
56.4106
56.423
56.4362
56.4485
56.4618
56.4738
56.4875
56.4997
56.5129
56.5264
56.5406
56.5544
56.5661
56.5798
56.593
56.6068
56.6205
56.6336
56.6473
56.6614
56.6757
56.6893
56.7024
56.7166
56.7286
56.7429
56.7568
56.7709
56.7844
56.7985
56.8132
56.8257
56.8391
56.8521
56.8666
56.8799
56.8922
56.9064
56.9218
56.9367
56.9508
56.9653
56.9802
56.9947
57.0094
57.0245
57.0383
57.0537
57.0674
57.0825
57.0971
57.1115
57.1258
57.1404
57.153
57.1668
57.1802
57.1964
57.2129
57.2275
57.242
57.2573
57.2724
57.2875
57.303
57.3187
57.337
57.3524
57.3677
57.3859
57.4005
57.4167
57.43
57.4473
57.4639
57.4787
57.4945
57.5121
57.532
57.5485
57.5635
57.5808
57.597
57.6139
57.6324
57.6496
57.6676
57.6837
57.6992
57.7168
57.7326
57.7514
57.7679
57.7867
57.8039
57.8222
57.8391
57.8552
57.8716
57.8904
57.9084
57.9248
57.9419
57.9607
57.9775
57.9947
58.0117
58.0301
58.0477
58.0685
58.0862
58.1077
58.1264
58.1418
58.1582
58.1777
58.1955
58.213
58.2321
58.249
58.2698
58.2902
58.3099
58.3292
58.3484
58.3681
58.3889
58.407
58.4287
58.4477
58.4636
58.4816
58.4994
58.5202
58.5413
58.5601
58.5816
58.6007
58.6213
58.6407
58.6616
58.6812
58.7041
58.7251
58.7425
58.7656
58.788
58.8103
58.8321
58.8529
58.8762
58.8961
58.9174
58.9378
58.9577
58.9824
59.0045
59.0256
59.0475
59.0713
59.0939
59.1174
59.1378
59.1583
59.1831
59.206
59.2305
59.2541
59.2786
59.2999
59.3221
59.3455
59.3715
59.3944
59.4219
59.445
59.4674
59.4933
59.5157
59.5407
59.5647
59.5882
59.6116
59.6365
59.663
59.6923
59.7171
59.7406
59.7647
59.789
59.8119
59.8356
59.8621
59.8866
59.915
59.9433
59.9704
59.9958
60.0213
60.0491
60.0813
60.1074
60.1349
60.1614
60.1867
60.2154
60.2435
60.268
60.2946
60.3198
60.3453
60.3735
60.4007
60.4295
60.4595
60.487
60.5146
60.5445
60.5742
60.6061
60.6356
60.6634
60.6929
60.7207
60.7501
60.7799
60.8118
60.8447
60.8756
60.9072
60.9379
60.9724
61.0045
61.0351
61.0647
61.0965
61.1286
61.1573
61.1903
61.2233
61.2576
61.2942
61.328
61.3607
61.4001
61.4367
61.4744
61.5115
61.5488
61.5847
61.6217
61.6545
61.6909
61.7247
61.7647
61.8045
61.837
61.8738
61.9135
61.951
61.9902
62.0304
62.0687
62.108
62.1505
62.1895
62.2297
62.2685
62.3092
62.3532
62.3965
62.4386
62.4842
62.5309
62.5766
62.6297
62.6795
62.7294
62.7809
62.8306
62.8823
62.9293
62.9706
63.0266
63.0797
63.132
63.1884
63.2407
63.2972
63.3481
63.4028
63.4652
63.525
63.5865
63.6494
63.7064
63.7665
63.8262
63.8917
63.9602
64.0373
64.1025
64.1759
64.244
64.322
64.4
64.4766
64.5608
64.6359
64.7108
64.795
64.8766
64.9638
65.0526
65.1429
65.2428
65.3447
65.4383
65.5547
65.6601
65.7724
65.8853
65.9948
66.104
66.2264
66.3499
66.4785
66.6061
66.7518
66.9213
67.0667
67.2197
67.3932
67.5551
67.7337
67.916
68.1456
68.3663
68.6076
68.9027
69.1787
69.5103
69.8475
70.1753
70.6409
71.0942
71.606
72.109
72.6598
73.3286
74.0643
74.8436
75.9209
81.3119
