1
2
2.5
2.83333
3.33333
3.53333
3.7
3.84286
4.21786
4.44008
6.79413
8.6746
11.4321
14.5559
18.115
20.4015
22.0968
23.4471
24.3767
25.0552
25.7119
26.304
26.8664
27.3807
27.8475
28.3087
28.7423
29.1646
29.5627
29.909
30.2517
30.5806
30.9192
31.2469
31.5731
31.8665
32.16
32.4328
32.7548
33.002
33.2614
33.5232
33.7535
33.9951
34.2319
34.4566
34.6874
34.8946
35.0879
35.3011
35.5091
35.6801
35.9051
36.0809
36.2635
36.4301
36.6025
36.777
36.9414
37.102
37.2517
37.4103
37.5665
37.711
37.8699
38.0018
38.1433
38.299
38.4468
38.5781
38.7135
38.8435
38.989
39.1154
39.2304
39.3564
39.4858
39.6048
39.7252
39.8548
39.9681
40.0874
40.2077
40.3253
40.4471
40.5683
40.7023
40.8118
40.9261
41.05
41.1868
41.2903
41.4142
41.5363
41.657
41.7894
41.9221
42.0424
42.1697
42.295
42.4034
42.5434
42.6737
42.808
42.9389
43.0628
43.2
43.3248
43.4678
43.6228
43.77
43.9044
44.0368
44.1781
44.3352
44.4904
44.6285
44.7915
44.9513
45.1255
45.3071
45.4849
45.6656
45.8391
46.0228
46.2224
46.4047
46.616
46.817
47.0129
47.2155
47.4209
47.6225
47.8378
48.0425
48.2407
48.4489
48.6507
48.877
49.0875
49.2903
49.5063
49.6913
49.892
50.0951
50.2627
50.436
50.6444
50.8245
51.0062
51.1846
51.3695
51.5509
51.7299
51.9061
52.0821
52.2373
52.4034
52.576
52.7436
52.9065
53.0883
53.2483
53.4018
53.5349
53.6839
53.8185
53.9579
54.0892
54.2178
54.3489
54.4923
54.6169
54.7509
54.8822
55.0124
55.118
55.2377
55.3598
55.4832
55.6073
55.7278
55.8417
55.9615
56.0818
56.1948
56.3068
56.4117
56.5214
56.6298
56.7356
56.845
56.9498
57.0584
57.1616
57.2773
57.3818
57.4843
57.5822
57.6865
57.7949
57.9006
58.0012
58.095
58.2073
58.3079
58.3998
58.5074
58.6014
58.6951
58.7891
58.876
58.963
59.0539
59.1527
59.2262
59.3194
59.4096
59.4895
59.5817
59.6737
59.7711
59.858
59.9384
60.0281
60.1181
60.2049
60.2913
60.385
60.4754
60.5587
60.6452
60.7298
60.8166
60.8989
60.9804
61.0704
61.1592
61.2437
61.3333
61.4229
61.5053
61.5869
61.6779
61.7593
61.84
61.9253
62.0086
62.0922
62.1805
62.2605
62.3382
62.4285
62.5062
62.5924
62.6702
62.7436
62.8339
62.92
62.9981
63.0742
63.1562
63.2353
63.3164
63.3937
63.4707
63.5504
63.6331
63.7124
63.7999
63.8849
63.9611
64.0376
64.1206
64.1977
64.2758
64.3454
64.4235
64.5032
64.5794
64.6555
64.7415
64.8259
64.9027
64.9804
65.0657
65.1384
65.2142
65.2974
65.3687
65.4497
65.5204
65.6003
65.6703
65.7462
65.8291
65.9091
65.9781
66.0519
66.1261
66.2026
66.2738
66.342
66.4226
66.4963
66.5697
66.6401
66.713
66.7913
66.863
66.932
67.0113
67.0827
67.1656
67.2362
67.3022
67.3754
67.451
67.5162
67.5785
67.6545
67.733
67.812
67.8765
67.9448
68.01
68.0822
68.1539
68.2221
68.2925
68.3609
68.4287
68.4945
68.5603
68.6303
68.7053
68.7771
68.8493
68.9151
68.986
69.0561
69.1168
69.1872
69.2552
69.3254
69.3974
69.4693
69.5353
69.601
69.671
69.7386
69.802
69.8628
69.9268
69.9864
70.0587
70.1318
70.1971
70.2664
70.3307
70.395
70.4618
70.5347
70.5925
70.6574
70.729
70.8009
70.8612
70.9305
71.0012
71.0662
71.1258
71.1883
71.2561
71.323
71.3882
71.4484
71.5092
71.5776
71.6362
71.6933
71.7505
71.8233
71.8882
71.9476
72.0109
72.0699
72.128
72.1865
72.2424
72.3044
72.361
72.4201
72.4773
72.5348
72.5946
72.6484
72.7047
72.761
72.8135
72.8749
72.931
72.9863
73.0441
73.0966
73.154
73.2077
73.264
73.3196
73.3777
73.432
73.4884
73.5483
73.6071
73.6599
73.7173
73.7728
73.8264
73.8822
73.9369
73.992
74.0458
74.1031
74.163
74.2182
74.2695
74.3213
74.3726
74.4267
74.4782
74.5267
74.5797
74.6375
74.6924
74.7503
74.7978
74.8446
74.8937
74.943
74.9926
75.0438
75.0902
75.144
75.1919
75.2464
75.2915
75.345
75.3931
75.4443
75.4985
75.5465
75.5952
75.6465
75.7023
75.7518
75.8026
75.8491
75.9014
75.95
76.0036
76.0524
76.1014
76.1515
76.197
76.2449
76.2931
76.342
76.3906
76.439
76.4836
76.5315
76.5764
76.6238
76.6703
76.7204
76.769
76.8124
76.8525
76.8994
76.9464
76.9894
77.0341
77.0838
77.1306
77.1746
77.2229
77.2668
77.313
77.3584
77.4064
77.4557
77.4968
77.5425
77.5827
77.6251
77.6675
77.7093
77.7561
77.8007
77.8472
77.8967
77.9416
77.9875
78.0292
78.0744
78.1204
78.162
78.2081
78.2514
78.301
78.3458
78.3944
78.4399
78.4829
78.5233
78.5695
78.621
78.6658
78.7136
78.7558
78.7958
78.8401
78.8822
78.9249
78.9711
79.0084
79.0513
79.093
79.143
79.1851
79.2311
79.271
79.3116
79.3528
79.3957
79.4353
79.4771
79.5213
79.5622
79.6028
79.6449
79.6896
79.732
79.7701
79.8138
79.851
79.8925
79.9351
79.9759
80.012
80.0516
80.0913
80.1372
80.1743
80.2149
80.255
80.2985
80.3396
80.383
80.4233
80.4642
80.5044
80.544
80.5848
80.6303
80.6635
80.7088
80.7458
80.7886
80.8268
80.8646
80.9055
80.9447
80.986
81.0273
81.0665
81.1077
81.1503
81.1917
81.2325
81.2674
81.3077
81.352
81.3892
81.4297
81.4655
81.5023
81.5433
81.5854
81.6235
81.6638
81.7035
81.7421
81.7815
81.8182
81.8569
81.9033
81.9461
81.985
82.0254
82.0603
82.1006
82.1449
82.1784
82.218
82.2596
82.3009
82.3413
82.384
82.4199
82.4583
82.4909
82.5312
82.5707
82.612
82.6579
82.6995
82.7366
82.7793
82.8199
82.8593
82.8964
82.937
82.9764
83.014
83.0545
83.0898
83.1308
83.1703
83.2104
83.2485
83.2879
83.3252
83.3603
83.4024
83.4442
83.4814
83.5218
83.5592
83.5968
83.634
83.6713
83.7103
83.7486
83.7885
83.8278
83.8621
83.9024
83.9388
83.9809
84.0206
84.0585
84.0961
84.132
84.169
84.206
84.2414
84.2791
84.315
84.3548
84.3906
84.4283
84.4674
84.5058
84.5454
84.588
84.6244
84.6596
84.6997
84.7381
84.7761
84.8099
84.8511
84.892
84.9315
84.9701
85.0078
85.0441
85.0826
85.1219
85.1623
85.2049
85.2452
85.2815
85.3193
85.3547
85.3872
85.426
85.4611
85.4989
85.5324
85.5671
85.6067
85.6479
85.6885
85.7266
85.7613
85.7964
85.8384
85.8747
85.9111
85.9527
85.9893
86.0225
86.0593
86.0935
86.1338
86.1706
86.2076
86.2512
86.2867
86.3261
86.3621
86.3991
86.4389
86.4741
86.5115
86.5493
86.5863
86.624
86.6596
86.7016
86.7334
86.7692
86.8066
86.8486
86.8872
86.9202
86.9573
86.9937
87.0325
87.0699
87.1075
87.1421
87.1756
87.2143
87.2512
87.2865
87.3258
87.3627
87.3991
87.4355
87.4723
87.5108
87.5476
87.583
87.6179
87.6527
87.6886
87.7244
87.7604
87.7956
87.83
87.8644
87.9011
87.9413
87.9785
88.0095
88.042
88.0754
88.1101
88.1423
88.1775
88.2142
88.2504
88.2851
88.3221
88.3544
88.3908
88.4278
88.4679
88.5076
88.5434
88.5783
88.6125
88.6472
88.6812
88.714
88.7472
88.7829
88.8214
88.8596
88.897
88.934
88.9719
89.0089
89.0421
89.0749
89.111
89.1461
89.1802
89.2165
89.2546
89.2928
89.3268
89.3613
89.3978
89.431
89.4611
89.4976
89.5336
89.5672
89.6028
89.6386
89.6733
89.7103
89.7454
89.7754
89.8128
89.8458
89.8774
89.91
89.9468
89.9827
90.0165
90.0473
90.0827
90.1153
90.1508
90.1874
90.2208
90.2539
90.2859
90.3187
90.3546
90.3884
90.4213
90.4559
90.4919
90.5279
90.5654
90.5971
90.6312
90.6627
90.6961
90.7272
90.7604
90.7929
90.8276
90.8617
90.8977
90.9322
90.9637
90.9953
91.0278
91.0636
91.0997
91.132
91.1659
91.1984
91.2302
91.2621
91.2942
91.3251
91.3586
91.3886
91.4203
91.4545
91.4851
91.5133
91.5462
91.5806
91.6144
91.65
91.685
91.7175
91.7514
91.7827
91.8161
91.8517
91.8871
91.9196
91.9488
91.9833
92.0166
92.0507
92.0849
92.1206
92.1521
92.185
92.2164
92.2487
92.2805
92.3139
92.3461
92.3755
92.4096
92.4432
92.4792
92.5113
92.5416
92.5782
92.61
92.6398
92.6727
92.7028
92.7334
92.7637
92.7942
92.8251
92.8561
92.89
92.9258
92.9552
92.984
93.0134
93.0455
93.0766
93.1074
93.1385
93.1688
93.2022
93.235
93.2696
93.3024
93.3327
93.3653
93.3936
93.4259
93.4542
93.4852
93.518
93.5498
93.5787
93.6117
93.642
93.6723
93.7014
93.7361
93.7698
93.8034
93.8291
93.858
93.888
93.92
93.9529
93.9844
94.0173
94.0481
94.081
94.1145
94.144
94.1767
94.2086
94.2394
94.2749
94.3079
94.3393
94.3695
94.3993
94.4289
94.4624
94.4943
94.5278
94.5593
94.5897
94.6209
94.6467
94.6798
94.7105
94.7436
94.773
94.8025
94.8343
94.8628
94.894
94.9262
94.9551
94.9841
95.0152
95.0468
95.0775
95.1118
95.143
95.1731
95.2025
95.232
95.2629
95.2914
95.323
95.3529
95.3857
95.4157
95.4473
95.4743
95.5042
95.5355
95.5663
95.5947
95.6222
95.6551
95.6852
95.7123
95.742
95.7716
95.8036
95.8349
95.8601
95.8894
95.9221
95.9523
95.9836
96.015
96.0457
96.0742
96.1025
96.1291
96.1587
96.1863
96.2136
96.2473
96.2759
96.3053
96.3349
96.3642
96.394
96.4225
96.4525
96.4816
96.511
96.5455
96.5724
96.6014
96.6301
96.657
96.6863
96.7121
96.7387
96.7662
96.7963
96.8283
96.8559
96.886
96.9153
96.9455
96.9703
96.9979
97.0265
97.0507
97.0786
97.1111
97.1409
97.1689
97.1974
97.2249
97.2527
97.2798
97.3072
97.3371
97.3628
97.3933
97.4251
97.455
97.482
97.509
97.5407
97.5682
97.5949
97.6235
97.6526
97.6792
97.711
97.7392
97.7708
97.8
97.8268
97.8533
97.8794
97.907
97.9329
97.961
97.99
98.0176
98.0433
98.0723
98.1034
98.1342
98.1622
98.1892
98.2173
98.2451
98.2751
98.3026
98.3302
98.3577
98.3855
98.4131
98.4387
98.4678
98.498
98.5243
98.55
98.5754
98.6047
98.6336
98.6625
98.6894
98.7183
98.7457
98.7741
98.8022
98.8286
98.8557
98.8791
98.9047
98.9329
98.9591
98.9821
99.0122
99.039
99.0691
99.0969
99.1241
99.1532
99.1811
99.211
99.2389
99.2643
99.2896
99.3143
99.3394
99.3638
99.3923
99.4186
99.4442
99.4706
99.499
99.5225
99.5485
99.5771
99.6026
99.63
99.6577
99.6836
99.7101
99.7377
99.7652
99.7918
99.8191
99.846
99.8745
99.8992
99.9233
99.9477
99.9731
99.9998
100.023
100.047
100.073
100.098
100.123
100.15
100.179
100.206
100.231
100.257
100.282
100.308
100.332
100.356
100.381
100.406
100.432
100.456
100.48
100.504
100.53
100.555
100.579
100.604
100.63
100.653
100.679
100.706
100.729
100.756
100.779
100.805
100.832
100.856
100.884
100.907
100.931
100.954
100.974
101
101.027
101.051
101.075
101.098
101.123
101.148
101.174
101.199
101.226
101.25
101.271
101.295
101.317
101.341
101.363
101.387
101.41
101.435
101.459
101.483
101.505
101.529
101.553
101.577
101.598
101.622
101.647
101.672
101.697
101.72
101.743
101.768
101.791
101.814
101.836
101.858
101.88
101.904
101.925
101.949
101.971
101.993
102.017
102.038
102.062
102.084
102.109
102.131
102.152
102.175
102.196
102.22
102.242
102.266
102.289
102.312
102.335
102.357
102.383
102.406
102.431
102.452
102.475
102.499
102.519
102.54
102.563
102.586
102.61
102.635
102.656
102.678
102.7
102.724
102.748
102.769
102.793
102.817
102.84
102.863
102.884
102.906
102.928
102.953
102.976
102.998
103.018
103.041
103.064
103.087
103.108
103.131
103.152
103.174
103.197
103.223
103.243
103.268
103.289
103.311
103.331
103.352
103.373
103.393
103.416
103.436
103.457
103.48
103.501
103.521
103.54
103.56
103.581
103.604
103.625
103.649
103.671
103.693
103.714
103.734
103.756
103.776
103.798
103.82
103.843
103.864
103.884
103.904
103.926
103.947
103.969
103.994
104.015
104.037
104.058
104.08
104.101
104.121
104.143
104.163
104.182
104.206
104.228
104.25
104.271
104.289
104.312
104.333
104.352
104.375
104.394
104.418
104.437
104.461
104.481
104.502
104.522
104.543
104.566
104.589
104.611
104.632
104.653
104.671
104.689
104.709
104.73
104.749
104.77
104.792
104.813
104.835
104.855
104.88
104.901
104.925
104.946
104.967
104.989
105.011
105.03
105.05
105.073
105.094
105.116
105.134
105.158
105.179
105.201
105.223
105.244
105.266
105.287
105.307
105.328
105.35
105.37
105.392
105.412
105.433
105.454
105.475
105.495
105.514
105.534
105.555
105.577
105.598
105.62
105.641
105.665
105.686
105.708
105.73
105.751
105.776
105.798
105.818
105.839
105.86
105.879
105.901
105.921
105.943
105.964
105.989
106.008
106.03
106.051
106.071
106.092
106.113
106.134
106.154
106.175
106.197
106.219
106.239
106.264
106.282
106.305
106.327
106.35
106.373
106.394
106.412
106.435
106.456
106.479
106.5
106.52
106.541
106.563
106.584
106.604
106.625
106.646
106.667
106.69
106.712
106.735
106.756
106.775
106.796
106.818
106.839
106.86
106.881
106.902
106.923
106.946
106.97
106.993
107.011
107.032
107.056
107.079
107.101
107.122
107.143
107.165
107.189
107.211
107.234
107.257
107.278
107.299
107.318
107.341
107.363
107.385
107.408
107.429
107.447
107.471
107.494
107.517
107.537
107.557
107.579
107.599
107.62
107.641
107.662
107.683
107.704
107.725
107.745
107.767
107.787
107.809
107.83
107.852
107.875
107.896
107.919
107.938
107.959
107.983
108.005
108.025
108.048
108.068
108.089
108.109
108.13
108.151
108.173
108.197
108.217
108.239
108.262
108.284
108.305
108.327
108.351
108.371
108.393
108.415
108.438
108.457
108.479
108.502
108.525
108.543
108.565
108.587
108.609
108.632
108.655
108.675
108.7
108.721
108.742
108.763
108.785
108.807
108.83
108.851
108.873
108.897
108.916
108.94
108.959
108.981
109.002
109.023
109.044
109.066
109.087
109.11
109.13
109.152
109.172
109.195
109.215
109.238
109.258
109.281
109.303
109.326
109.347
109.367
109.389
109.411
109.432
109.451
109.472
109.493
109.515
109.539
109.563
109.586
109.608
109.628
109.648
109.668
109.692
109.714
109.734
109.754
109.776
109.8
109.823
109.846
109.868
109.89
109.911
109.934
109.956
109.977
109.999
110.019
110.04
110.061
110.082
110.104
110.127
110.152
110.174
110.196
110.216
110.24
110.263
110.285
110.305
110.328
110.351
110.374
110.396
110.418
110.438
110.46
110.482
110.503
110.524
110.548
110.573
110.595
110.615
110.639
110.661
110.68
110.702
110.725
110.746
110.767
110.788
110.811
110.835
110.856
110.879
110.899
110.921
110.941
110.963
110.985
111.007
111.028
111.052
111.073
111.094
111.116
111.137
111.16
111.182
111.201
111.222
111.244
111.266
111.289
111.311
111.332
111.353
111.375
111.397
111.419
111.441
111.462
111.484
111.506
111.529
111.551
111.575
111.597
111.618
111.642
111.665
111.688
111.71
111.729
111.752
111.775
111.798
111.82
111.843
111.863
111.884
111.905
111.926
111.947
111.969
111.987
112.01
112.037
112.058
112.08
112.104
112.127
112.15
112.172
112.193
112.216
112.237
112.258
112.278
112.3
112.324
112.347
112.369
112.39
112.412
112.436
112.458
112.48
112.505
112.528
112.551
112.571
112.594
112.615
112.638
112.658
112.681
112.704
112.727
112.748
112.771
112.791
112.813
112.834
112.856
112.878
112.901
112.924
112.946
112.971
112.992
113.012
113.036
113.057
113.077
113.1
113.124
113.147
113.171
113.193
113.215
113.238
113.258
113.282
113.305
113.326
113.346
113.367
113.389
113.411
113.431
113.452
113.475
113.496
113.517
113.538
113.56
113.582
113.602
113.626
113.645
113.669
113.691
113.714
113.735
113.759
113.779
113.802
113.822
113.841
113.865
113.888
113.912
113.937
113.959
113.982
114.003
114.024
114.048
114.07
114.091
114.113
114.136
114.16
114.181
114.204
114.226
114.248
114.27
114.293
114.317
114.339
114.362
114.386
114.407
114.429
114.453
114.475
114.496
114.517
114.538
114.56
114.582
114.603
114.623
114.647
114.67
114.691
114.711
114.735
114.758
114.781
114.802
114.827
114.847
114.869
114.891
114.912
114.933
114.953
114.976
114.999
115.021
115.044
115.063
115.084
115.106
115.13
115.15
115.173
115.193
115.217
115.241
115.264
115.287
115.31
115.333
115.354
115.376
115.4
115.422
115.443
115.467
115.492
115.515
115.537
115.559
115.582
115.601
115.623
115.648
115.672
115.693
115.714
115.738
115.761
115.782
115.803
115.825
115.848
115.87
115.892
115.914
115.936
115.958
115.977
116
116.02
116.042
116.065
116.085
116.109
116.133
116.154
116.175
116.199
116.221
116.243
116.264
116.286
116.306
116.326
116.351
116.373
116.396
116.419
116.439
116.461
116.485
116.507
116.53
116.553
116.575
116.599
116.623
116.646
116.671
116.693
116.713
116.736
116.757
116.779
116.799
116.822
116.843
116.866
116.887
116.909
116.928
116.95
116.974
117
117.024
117.046
117.067
117.088
117.113
117.133
117.155
117.177
117.198
117.22
117.243
117.264
117.287
117.31
117.33
117.354
117.377
117.404
117.427
117.45
117.471
117.49
117.511
117.533
117.556
117.579
117.6
117.621
117.644
117.668
117.69
117.712
117.736
117.759
117.784
117.806
117.828
117.849
117.874
117.898
117.92
117.941
117.963
117.986
118.008
118.032
118.055
118.076
118.098
118.12
118.143
118.166
118.188
118.211
118.234
118.257
118.278
118.302
118.325
118.345
118.37
118.392
118.416
118.436
118.455
118.479
118.5
118.526
118.546
118.569
118.59
118.612
118.633
118.657
118.681
118.701
118.721
118.743
118.767
118.788
118.808
118.829
118.855
118.877
118.899
118.919
118.941
118.964
118.987
119.008
119.03
119.054
119.075
119.097
119.119
119.141
119.162
119.184
119.209
119.231
119.255
119.274
119.298
119.319
119.34
119.362
119.384
119.407
119.43
119.452
119.472
119.493
119.514
119.536
119.561
119.583
119.604
119.625
119.651
119.674
119.697
119.719
119.741
119.762
119.783
119.806
119.827
119.85
119.872
119.896
119.918
119.94
119.961
119.982
120.003
120.026
120.047
120.07
120.092
120.114
120.137
120.159
120.183
120.208
120.23
120.252
120.276
120.297
120.317
120.338
120.362
120.385
120.406
120.429
120.452
120.474
120.496
120.518
120.542
120.564
120.586
120.607
120.627
120.648
120.667
120.689
120.712
120.733
120.755
120.776
120.797
120.821
120.841
120.864
120.886
120.907
120.93
120.951
120.973
120.993
121.014
121.036
121.058
121.08
121.102
121.122
121.144
121.165
121.189
121.209
121.229
121.25
121.269
121.291
121.311
121.334
121.357
121.378
121.401
121.424
121.445
121.464
121.484
121.506
121.527
121.547
121.569
121.595
121.615
121.637
121.657
121.679
121.697
121.718
121.738
121.76
121.779
121.802
121.824
121.844
121.866
121.887
121.908
121.929
121.95
121.971
121.994
122.016
122.039
122.06
122.079
122.1
122.12
122.141
122.163
122.18
122.205
122.225
122.247
122.268
122.288
122.308
122.329
122.35
122.375
122.397
122.417
122.439
122.46
122.479
122.498
122.52
122.541
122.561
122.581
122.602
122.623
122.643
122.666
122.686
122.707
122.729
122.751
122.772
122.792
122.814
122.836
122.858
122.879
122.898
122.919
122.942
122.964
122.984
123.004
123.025
123.045
123.07
123.091
123.113
123.133
123.154
123.176
123.196
123.218
123.238
123.256
123.275
123.295
123.313
123.337
123.357
123.379
123.401
123.424
123.445
123.465
123.488
123.51
123.53
123.55
123.569
123.588
123.61
123.629
123.649
123.668
123.69
123.71
123.73
123.751
123.769
123.79
123.812
123.835
123.856
123.877
123.898
123.918
123.937
123.959
123.98
124.001
124.025
124.045
124.066
124.087
124.108
124.13
124.149
124.169
124.192
124.213
124.233
124.254
124.275
124.295
124.317
124.339
124.36
124.379
124.401
124.42
124.441
124.463
124.485
124.506
124.526
124.545
124.569
124.589
124.608
124.628
124.647
124.671
124.691
124.712
124.735
124.756
124.777
124.798
124.816
124.836
124.855
124.875
124.894
124.917
124.938
124.961
124.982
125.001
125.023
125.044
125.063
125.082
125.102
125.122
125.145
125.165
125.185
125.208
125.227
125.25
125.271
125.289
125.31
125.331
125.351
125.371
125.391
125.414
125.432
125.453
125.473
125.496
125.514
125.537
125.559
125.578
125.599
125.622
125.646
125.666
125.69
125.711
125.732
125.752
125.772
125.792
125.812
125.832
125.85
125.87
125.89
125.909
125.93
125.954
125.974
125.994
126.014
126.031
126.05
126.069
126.091
126.11
126.129
126.15
126.171
126.191
126.21
126.23
126.251
126.272
126.293
126.312
126.331
126.351
126.37
126.391
126.413
126.435
126.455
126.478
126.499
126.52
126.54
126.562
126.581
126.604
126.624
126.645
126.666
126.688
126.713
126.734
126.754
126.776
126.797
126.816
126.835
126.857
126.877
126.897
126.915
126.934
126.954
126.976
126.995
127.015
127.034
127.055
127.077
127.095
127.117
127.138
127.156
127.176
127.196
127.214
127.234
127.255
127.276
127.297
127.317
127.338
127.359
127.379
127.401
127.423
127.442
127.461
127.482
127.499
127.519
127.538
127.559
127.577
127.597
127.617
127.636
127.655
127.677
127.697
127.717
127.736
127.757
127.777
127.797
127.816
127.839
127.858
127.878
127.898
127.919
127.939
127.958
127.979
127.999
128.018
128.037
128.055
128.078
128.097
128.117
128.138
128.159
128.18
128.197
128.216
128.236
128.256
128.276
128.295
128.313
128.332
128.352
128.374
128.395
128.414
128.433
128.453
128.474
128.495
128.513
128.535
128.553
128.575
128.594
128.614
128.634
128.655
128.676
128.695
128.716
128.734
128.753
128.772
128.791
128.81
128.828
128.848
128.867
128.885
128.905
128.926
128.946
128.965
128.984
129.004
129.024
129.044
129.066
129.087
129.106
129.124
129.144
129.164
129.182
129.202
129.222
129.241
129.261
129.281
129.302
129.321
129.337
129.357
129.376
129.396
129.417
129.438
129.457
129.476
129.495
129.515
129.537
129.555
129.575
129.595
129.614
129.635
129.656
129.673
129.691
129.711
129.73
129.75
129.768
129.787
129.807
129.828
129.848
129.869
129.887
129.908
129.928
129.947
129.968
129.986
130.005
130.026
130.044
130.062
130.08
130.099
130.119
130.138
130.158
130.176
130.194
130.213
130.233
130.251
130.27
130.288
130.307
130.327
130.346
130.363
130.384
130.403
130.422
130.443
130.46
130.48
130.5
130.52
130.538
130.558
130.578
130.596
130.614
130.632
130.649
130.667
130.688
130.71
130.729
130.748
130.768
130.784
130.803
130.822
130.839
130.86
130.878
130.897
130.915
130.933
130.952
130.972
130.992
131.012
131.03
131.047
131.065
131.082
131.101
131.118
131.14
131.159
131.176
131.194
131.213
131.231
131.25
131.269
131.287
131.305
131.323
131.343
131.363
131.381
131.399
131.416
131.434
131.452
131.471
131.489
131.507
131.524
131.54
131.558
131.579
131.597
131.617
131.636
131.654
131.674
131.692
131.708
131.727
131.745
131.763
131.782
131.799
131.817
131.836
131.854
131.872
131.89
131.907
131.926
131.945
131.965
131.983
132.002
132.021
132.038
132.057
132.076
132.093
132.112
132.127
132.144
132.161
132.181
132.2
132.22
132.238
132.256
132.274
132.292
132.312
132.33
132.348
132.366
132.384
132.402
132.419
132.437
132.455
132.475
132.493
132.51
132.53
132.547
132.568
132.584
132.603
132.62
132.638
132.654
132.671
132.689
132.707
132.725
132.746
132.764
132.782
132.8
132.82
132.838
132.856
132.876
132.893
132.911
132.928
132.944
132.961
132.979
132.997
133.015
133.032
133.051
133.067
133.085
133.103
133.121
133.14
133.157
133.175
133.193
133.211
133.23
133.248
133.266
133.284
133.3
133.318
133.335
133.354
133.371
133.389
133.404
133.421
133.439
133.456
133.472
133.49
133.508
133.527
133.544
133.56
133.577
133.594
133.612
133.629
133.648
133.663
133.681
133.698
133.716
133.732
133.75
133.768
133.783
133.8
133.816
133.833
133.852
133.869
133.887
133.905
133.922
133.938
133.956
133.975
133.992
134.01
134.027
134.046
134.063
134.079
134.099
134.115
134.133
134.151
134.166
134.184
134.202
134.22
134.237
134.254
134.271
134.288
134.304
134.321
134.337
134.354
134.372
134.39
134.408
134.427
134.442
134.459
134.477
134.495
134.512
134.53
134.547
134.564
134.582
134.598
134.616
134.634
134.651
134.671
134.69
134.706
134.721
134.739
134.756
134.774
134.792
134.809
134.826
134.845
134.861
134.878
134.897
134.914
134.932
134.949
134.967
134.985
135.001
135.019
135.036
135.052
135.069
135.087
135.105
135.123
135.142
135.158
135.177
135.195
135.212
135.229
135.246
135.263
135.28
135.298
135.317
135.334
135.353
135.371
135.388
135.404
135.422
135.44
135.458
135.474
135.491
135.51
135.528
135.545
135.562
135.578
135.594
135.611
135.63
135.646
135.664
135.682
135.699
135.718
135.735
135.751
135.769
135.786
135.804
135.822
135.839
135.858
135.877
135.894
135.912
135.929
135.947
135.963
135.979
135.997
136.015
136.031
136.048
136.066
136.083
136.1
136.118
136.136
136.154
136.17
136.187
136.205
136.223
136.239
136.255
136.272
136.29
136.307
136.323
136.339
136.358
136.374
136.391
136.409
136.425
136.444
136.46
136.477
136.493
136.511
136.526
136.543
136.558
136.575
136.592
136.61
136.628
136.647
136.665
136.683
136.699
136.716
136.734
136.75
136.766
136.784
136.799
136.815
136.832
136.849
136.866
136.883
136.9
136.919
136.936
136.954
136.97
136.989
137.006
137.023
137.04
137.058
137.074
137.093
137.108
137.124
137.143
137.161
137.179
137.195
137.213
137.23
137.247
137.264
137.279
137.298
137.315
137.333
137.349
137.369
137.384
137.401
137.418
137.435
137.453
137.47
137.487
137.503
137.52
137.539
137.556
137.572
137.589
137.607
137.626
137.643
137.658
137.676
137.694
137.712
137.729
137.746
137.763
137.779
137.795
137.812
137.829
137.846
137.864
137.882
137.899
137.917
137.934
137.949
137.968
137.983
138.001
138.018
138.036
138.054
138.072
138.089
138.106
138.124
138.139
138.155
138.171
138.19
138.208
138.225
138.243
138.261
138.279
138.295
138.311
138.331
138.349
138.365
138.383
138.399
138.415
138.431
138.447
138.465
138.482
138.5
138.518
138.535
138.552
138.569
138.586
138.603
138.621
138.638
138.656
138.672
138.69
138.707
138.725
138.743
138.762
138.779
138.798
138.815
138.833
138.849
138.867
138.884
138.901
138.918
138.936
138.952
138.97
138.987
139.003
139.022
139.038
139.056
139.073
139.092
139.109
139.126
139.141
139.159
139.177
139.195
139.213
139.23
139.247
139.266
139.282
139.3
139.319
139.335
139.351
139.367
139.385
139.402
139.419
139.436
139.452
139.471
139.489
139.506
139.523
139.541
139.558
139.575
139.596
139.613
139.63
139.647
139.664
139.681
139.698
139.715
139.732
139.75
139.768
139.784
139.802
139.817
139.834
139.85
139.867
139.883
139.9
139.918
139.935
139.953
139.972
139.99
140.005
140.021
140.04
140.057
140.075
140.093
140.109
140.127
140.147
140.164
140.181
140.197
140.214
140.23
140.248
140.266
140.282
140.299
140.316
140.331
140.347
140.365
140.381
140.396
140.415
140.432
140.448
140.464
140.482
140.499
140.516
140.534
140.55
140.569
140.586
140.602
140.618
140.636
140.652
140.668
140.684
140.702
140.718
140.733
140.75
140.766
140.783
140.801
140.817
140.833
140.85
140.866
140.882
140.898
140.915
140.931
140.946
140.962
140.977
140.993
141.01
141.025
141.041
141.057
141.073
141.089
141.107
141.123
141.138
141.153
141.168
141.183
141.201
141.216
141.231
141.247
141.263
141.278
141.295
141.311
141.328
141.345
141.363
141.379
141.395
141.412
141.429
141.445
141.463
141.479
141.495
141.511
141.529
141.545
141.561
141.578
141.595
141.611
141.626
141.641
141.655
141.673
141.69
141.707
141.721
141.74
141.758
141.775
141.792
141.808
141.823
141.839
141.854
141.87
141.885
141.902
141.918
141.934
141.949
141.965
141.981
141.996
142.013
142.029
142.046
142.061
142.075
142.09
142.105
142.12
142.139
142.155
142.17
142.185
142.2
142.215
142.23
142.246
142.262
142.277
142.294
142.312
142.329
142.347
142.363
142.38
142.397
142.413
142.427
142.443
142.459
142.475
142.49
142.505
142.52
142.535
142.551
142.566
142.581
142.597
142.613
142.629
142.645
142.658
142.674
142.689
142.703
142.72
142.735
142.751
142.767
142.783
142.799
142.813
142.828
142.843
142.859
142.875
142.888
142.904
142.919
142.935
142.95
142.964
142.98
142.994
143.01
143.025
143.043
143.059
143.075
143.09
143.104
143.119
143.134
143.15
143.165
143.183
143.199
143.215
143.23
143.245
143.259
143.273
143.288
143.304
143.32
143.336
143.35
143.365
143.381
143.396
143.411
143.427
143.443
143.457
143.472
143.488
143.503
143.517
143.531
143.547
143.563
143.579
143.594
143.611
143.624
143.639
143.654
143.668
143.681
143.696
143.71
143.726
143.741
143.758
143.774
143.789
143.803
143.818
143.832
143.848
143.863
143.877
143.893
143.908
143.924
143.94
143.954
143.97
143.984
143.999
144.012
144.027
144.041
144.056
144.072
144.085
144.099
144.113
144.128
144.143
144.157
144.171
144.187
144.202
144.217
144.231
144.245
144.26
144.275
144.289
144.303
144.32
144.334
144.349
144.365
144.381
144.396
144.411
144.425
144.44
144.452
144.468
144.481
144.497
144.512
144.526
144.54
144.554
144.569
144.583
144.598
144.613
144.628
144.645
144.66
144.675
144.688
144.703
144.717
144.731
144.748
144.761
144.777
144.79
144.805
144.82
144.836
144.849
144.863
144.877
144.892
144.907
144.92
144.935
144.949
144.962
144.976
144.989
145.004
145.018
145.031
145.044
145.058
145.071
145.084
145.098
145.113
145.128
145.142
145.157
145.173
145.187
145.202
145.214
145.228
145.242
145.257
145.273
145.287
145.302
145.315
145.328
145.343
145.357
145.37
145.385
145.399
145.415
145.43
145.445
145.459
145.473
145.488
145.503
145.52
145.534
145.549
145.564
145.578
145.592
145.604
145.619
145.632
145.646
145.661
145.675
145.689
145.703
145.716
145.73
145.745
145.759
145.772
145.786
145.799
145.812
145.825
145.839
145.854
145.866
145.879
145.894
145.91
145.923
145.937
145.95
145.964
145.976
145.99
146.004
146.018
146.031
146.043
146.058
146.071
146.085
146.097
146.112
146.125
146.138
146.153
146.166
146.18
146.191
146.205
146.22
146.234
146.247
146.261
146.274
146.287
146.299
146.313
146.326
146.339
146.353
146.364
146.378
146.39
146.404
146.417
146.432
146.446
146.461
146.473
146.487
146.501
146.514
146.526
146.54
146.554
146.566
146.58
146.593
146.606
146.62
146.633
146.646
146.661
146.674
146.687
146.701
146.714
146.727
146.739
146.753
146.767
146.781
146.795
146.81
146.821
146.835
146.847
146.861
146.875
146.888
146.902
146.917
146.93
146.944
146.957
146.971
146.984
146.996
147.011
147.023
147.036
147.049
147.061
147.074
147.087
147.101
147.114
147.127
147.139
147.152
147.166
147.18
147.193
147.206
147.219
147.232
147.244
147.259
147.273
147.286
147.3
147.313
147.326
147.34
147.353
147.366
147.379
147.392
147.404
147.416
147.43
147.443
147.456
147.468
147.481
147.494
147.507
147.52
147.534
147.546
147.558
147.57
147.582
147.595
147.608
147.62
147.633
147.646
147.659
147.672
147.685
147.7
147.713
147.726
147.738
147.752
147.764
147.775
147.788
147.802
147.815
147.827
147.839
147.853
147.865
147.878
147.892
147.904
147.917
147.93
147.942
147.954
147.967
147.98
147.993
148.005
148.017
148.03
148.043
148.055
148.067
148.081
148.094
148.107
148.119
148.132
148.145
148.158
148.171
148.183
148.194
148.206
148.218
148.232
148.243
148.256
148.268
148.281
148.293
148.304
148.317
148.33
148.343
148.354
148.367
148.381
148.394
148.406
148.417
148.43
148.442
148.455
148.468
148.481
148.494
148.506
148.519
148.533
148.544
148.557
148.569
148.582
148.593
148.606
148.62
148.631
148.644
148.657
148.669
148.681
148.693
148.705
148.718
148.728
148.742
148.754
148.767
148.779
148.791
148.802
148.814
148.826
148.839
148.852
148.865
148.877
148.889
148.901
148.913
148.926
148.938
148.951
148.964
148.977
148.99
149.003
149.016
149.03
149.042
149.054
149.066
149.078
149.091
149.102
149.115
149.127
149.14
149.152
149.164
149.174
149.186
149.199
149.212
149.224
149.237
149.249
149.261
149.273
149.285
149.297
149.31
149.322
149.335
149.347
149.359
149.372
149.383
149.394
149.406
149.418
149.43
149.441
149.454
149.466
149.479
149.491
149.503
149.515
149.528
149.54
149.552
149.564
149.575
149.588
149.603
149.615
149.628
149.64
149.651
149.664
149.676
149.687
149.699
149.712
149.724
149.736
149.748
149.761
149.774
149.787
149.798
149.81
149.822
149.834
149.847
149.859
149.87
149.882
149.896
149.906
149.919
149.932
149.943
149.956
149.967
149.98
149.992
150.004
150.015
150.027
150.038
150.05
150.062
150.074
150.084
150.097
150.108
150.12
150.132
150.145
150.156
150.167
150.18
150.192
150.203
150.217
150.229
150.241
150.254
150.265
150.277
150.289
150.3
150.312
150.324
150.335
150.347
150.358
150.37
150.381
150.394
150.407
150.419
150.43
150.441
150.454
150.464
150.476
150.487
150.499
150.513
150.526
150.538
150.551
150.562
150.574
150.587
150.599
150.611
150.624
150.635
150.646
150.657
150.668
150.679
150.692
150.704
150.715
150.726
150.738
150.749
150.761
150.772
150.785
150.797
150.809
150.82
150.831
150.844
150.856
150.869
150.881
150.893
150.905
150.915
150.928
150.941
150.952
150.963
150.975
150.988
150.999
151.011
151.023
151.034
151.046
151.058
151.069
151.081
151.092
151.103
151.114
151.124
151.135
151.147
151.16
151.171
151.183
151.195
151.206
151.218
151.23
151.243
151.255
151.266
151.278
151.289
151.302
151.315
151.325
151.338
151.349
151.361
151.374
151.385
151.397
151.407
151.419
151.431
151.443
151.457
151.469
151.482
151.492
151.503
151.514
151.526
151.537
151.548
151.56
151.571
151.583
151.594
151.606
151.618
151.63
151.643
151.656
151.667
151.678
151.691
151.702
151.713
151.724
151.737
151.749
151.759
151.769
151.781
151.793
151.805
151.816
151.828
151.839
151.851
151.862
151.873
151.884
151.896
151.907
151.92
151.931
151.943
151.955
151.968
151.98
151.991
152.003
152.014
152.025
152.036
152.048
152.061
152.072
152.085
152.097
152.109
152.121
152.132
152.144
152.156
152.167
152.178
152.189
152.2
152.211
152.222
152.234
152.245
152.256
152.267
152.279
152.291
152.302
152.313
152.324
152.335
152.347
152.358
152.37
152.382
152.395
152.408
152.419
