2
2.5
2.83333
3.33333
3.53333
3.7
3.84286
3.96786
4.09286
6.17554
7.4501
8.96406
10.4135
10.8684
11.8293
12.7237
13.4054
13.9274
14.4064
14.8159
15.213
15.53
15.8223
16.0918
16.3414
16.5731
16.8027
16.9949
17.1893
17.3713
17.5375
17.7107
17.8537
17.9881
18.1349
18.2975
18.424
18.5556
18.6865
18.7975
18.9042
19.007
19.1077
19.2019
19.3025
19.4063
19.4977
19.5837
19.6837
19.7746
19.8608
19.9408
20.0191
20.107
20.1945
20.2778
20.3574
20.4305
20.4997
20.5731
20.6481
20.7269
20.7941
20.8734
20.941
21.0061
21.08
21.1531
21.2255
21.2916
21.3512
21.409
21.4746
21.5329
21.601
21.6675
21.7254
21.7886
21.8429
21.9071
21.9636
22.0199
22.0707
22.1207
22.1738
22.2305
22.2884
22.3416
22.3922
22.4398
22.4963
22.5488
22.5992
22.649
22.6947
22.7452
22.7967
22.8497
22.8978
22.9458
22.9936
23.0494
23.0951
23.1451
23.1861
23.2296
23.2738
23.3195
23.3714
23.4128
23.4596
23.5039
23.5479
23.5962
23.6324
23.6772
23.7192
23.7587
23.7977
23.8389
23.8825
23.9279
23.9766
24.0143
24.0567
24.0936
24.1306
24.17
24.2125
24.2544
24.2915
24.3277
24.365
24.4032
24.4409
24.4795
24.5195
24.554
24.5921
24.6339
24.6728
24.7076
24.7466
24.7844
24.8204
24.8506
24.8875
24.9222
24.9591
24.9951
25.0288
25.0679
25.1015
25.1355
25.1664
25.1961
25.2293
25.2632
25.2966
25.3327
25.3636
25.3938
25.4275
25.4593
25.493
25.5265
25.561
25.5942
25.6264
25.658
25.6925
25.7232
25.7518
25.7885
25.818
25.8496
25.8801
25.9112
25.9421
25.9727
26.0032
26.0343
26.0626
26.0912
26.1202
26.1513
26.179
26.207
26.2363
26.2619
26.2897
26.3206
26.348
26.3763
26.4039
26.4328
26.4615
26.4916
26.5173
26.546
26.5757
26.6003
26.6287
26.6592
26.6893
26.7143
26.7403
26.7663
26.7947
26.8208
26.8474
26.8698
26.8974
26.9273
26.9559
26.9843
27.0073
27.0369
27.062
27.0913
27.116
27.1433
27.17
27.1944
27.2195
27.2468
27.2736
27.2991
27.3233
27.3454
27.3714
27.3961
27.4235
27.4485
27.4767
27.4965
27.5214
27.5442
27.5667
27.5908
27.6116
27.638
27.6596
27.6833
27.7067
27.7309
27.7561
27.78
27.8038
27.8244
27.8466
27.8676
27.8935
27.9154
27.9374
27.9601
27.9836
28.0065
28.0285
28.0497
28.0702
28.0906
28.1113
28.1313
28.1507
28.1714
28.1946
28.2194
28.2426
28.2608
28.2831
28.3035
28.3255
28.3449
28.3637
28.3851
28.4059
28.4264
28.4474
28.4664
28.4876
28.508
28.5302
28.55
28.5671
28.5874
28.609
28.6278
28.6471
28.6682
28.6874
28.7071
28.7273
28.7467
28.7675
28.7863
28.8059
28.8241
28.8473
28.869
28.8866
28.9053
28.9234
28.9417
28.9615
28.9803
29.001
29.0196
29.0385
29.0581
29.0753
29.0965
29.1147
29.1325
29.1518
29.1704
29.1901
29.2092
29.2274
29.246
29.2633
29.2826
29.2994
29.3156
29.3325
29.3502
29.368
29.385
29.4008
29.42
29.4366
29.4522
29.4722
29.4916
29.5096
29.5261
29.5458
29.5632
29.5787
29.5949
29.6105
29.6271
29.6454
29.6639
29.6798
29.6975
29.7131
29.7295
29.7465
29.763
29.7807
29.7968
29.8118
29.8282
29.8446
29.8625
29.8778
29.894
29.9095
29.9272
29.9409
29.9583
29.976
29.9927
30.0078
30.0238
30.041
30.0592
30.076
30.0909
30.1067
30.1249
30.142
30.1581
30.1732
30.19
30.207
30.223
30.2376
30.2531
30.268
30.2841
30.3003
30.3163
30.3312
30.3472
30.3626
30.3792
30.3931
30.4071
30.4226
30.4368
30.4504
30.4664
30.4809
30.4945
30.5101
30.5251
30.5416
30.5561
30.5693
30.5876
30.6008
30.6153
30.6299
30.6447
30.6596
30.674
30.6885
30.7025
30.7183
30.7332
30.7478
30.7618
30.7763
30.7913
30.8065
30.82
30.834
30.8486
30.8627
30.8769
30.8913
30.9051
30.9187
30.9335
30.9467
30.9606
30.9761
30.9914
31.0064
31.0222
31.0357
31.049
31.0635
31.0776
31.0908
31.1058
31.1208
31.1357
31.1481
31.163
31.1767
31.1916
31.2047
31.2175
31.232
31.2461
31.2594
31.2724
31.2865
31.3006
31.3133
31.3287
31.3441
31.3571
31.3689
31.3815
31.3942
31.4084
31.4215
31.4346
31.4467
31.4593
31.4733
31.4862
31.4998
31.5118
31.5248
31.5378
31.5505
31.5632
31.5733
31.5863
31.5998
31.6112
31.6246
31.6369
31.6481
31.6622
31.6741
31.687
31.6987
31.7108
31.7244
31.7358
31.7489
31.7612
31.7755
31.7885
31.8009
31.8145
31.827
31.841
31.8556
31.8671
31.8775
31.8909
31.9033
31.9153
31.9273
31.9402
31.9521
31.9645
31.9765
31.9875
31.9996
32.0111
32.0244
32.035
32.0484
32.0606
32.0731
32.0853
32.0983
32.1104
32.1212
32.1337
32.1459
32.1579
32.1702
32.1836
32.1954
32.207
32.2189
32.2324
32.2457
32.2583
32.2695
32.2813
32.2931
32.3037
32.3163
32.3276
32.34
32.3523
32.3653
32.3756
32.3862
32.3976
32.4083
32.4195
32.4302
32.4409
32.4544
32.4657
32.4771
32.4885
32.5014
32.5139
32.5262
32.5376
32.549
32.5604
32.5718
32.5826
32.5937
32.6046
32.6156
32.6264
32.6372
32.6489
32.6605
32.6713
32.6816
32.6907
32.7022
32.7138
32.724
32.735
32.7467
32.7572
32.7674
32.7774
32.7878
32.7994
32.8105
32.8204
32.8325
32.843
32.8544
32.8655
32.8754
32.8863
32.8973
32.9072
32.9187
32.9301
32.9407
32.9523
32.9631
32.9732
32.9853
32.9973
33.0079
33.0179
33.0295
33.041
33.0519
33.0624
33.0726
33.084
33.0957
33.1069
33.118
33.1276
33.1378
33.1479
33.1601
33.1699
33.1805
33.1914
33.202
33.2115
33.2217
33.2321
33.2425
33.2534
33.2657
33.2751
33.2854
33.2957
33.3069
33.3173
33.3264
33.3362
33.3461
33.3568
33.3668
33.3778
33.3889
33.3995
33.4096
33.4193
33.4295
33.4388
33.4481
33.4578
33.4682
33.4784
33.4888
33.4993
33.5087
33.5201
33.5292
33.5386
33.5479
33.5582
33.5676
33.5768
33.588
33.5985
33.6085
33.6179
33.6279
33.6378
33.6477
33.6567
33.6654
33.6759
33.6857
33.6951
33.7055
33.715
33.7245
33.7334
33.7433
33.7529
33.762
33.7724
33.7824
33.7913
33.8022
33.8109
33.8215
33.8314
33.84
33.8498
33.8587
33.869
33.879
33.8886
33.8975
33.9075
33.9173
33.9274
33.9371
33.9465
33.9562
33.966
33.9752
33.9837
33.9926
34.0009
34.0104
34.0199
34.029
34.0375
34.0474
34.0576
34.0675
34.0775
34.086
34.0949
34.1046
34.1144
34.124
34.1332
34.142
34.1509
34.1613
34.1715
34.1814
34.1899
34.1998
34.2099
34.2191
34.2277
34.2369
34.2456
34.2547
34.2641
34.2732
34.2819
34.2919
34.3009
34.3095
34.3184
34.3273
34.3366
34.3457
34.3536
34.3618
34.3705
34.3799
34.3886
34.3981
34.407
34.4156
34.4242
34.4334
34.4424
34.4516
34.4603
34.4706
34.4791
34.488
34.4972
34.5052
34.5138
34.5218
34.53
34.5392
34.5471
34.5557
34.5641
34.5721
34.5802
34.5884
34.5973
34.6063
34.6152
34.6243
34.6329
34.6405
34.6482
34.6574
34.6675
34.676
34.6835
34.6913
34.7002
34.7095
34.7171
34.7262
34.7345
34.743
34.7518
34.76
34.7684
34.7766
34.7849
34.794
34.8021
34.8113
34.8199
34.8306
34.8387
34.8486
34.8579
34.8662
34.8748
34.8831
34.8922
34.9021
34.9114
34.9198
34.9292
34.9372
34.9451
34.953
34.9616
34.9708
34.9794
34.9884
34.9964
35.0041
35.0124
35.0201
35.0281
35.0371
35.0449
35.0524
35.0596
35.0687
35.077
35.0851
35.0931
35.1008
35.1086
35.1166
35.1249
35.1334
35.1411
35.1496
35.1583
35.1656
35.1732
35.1822
35.1903
35.199
35.2074
35.2153
35.2234
35.2322
35.2401
35.2493
35.258
35.2656
35.2733
35.2815
35.2903
35.2991
35.3062
35.3136
35.3213
35.3291
35.3375
35.345
35.353
35.3605
35.3686
35.377
35.3846
35.3927
35.4008
35.4085
35.4164
35.4243
35.4323
35.4397
35.4481
35.4564
35.4636
35.4712
35.4785
35.4864
35.4947
35.5039
35.5114
35.5187
35.5277
35.5365
35.5444
35.5516
35.5599
35.5679
35.5758
35.5831
35.5907
35.5978
35.6055
35.6126
35.6204
35.6278
35.6356
35.6434
35.6516
35.6604
35.6675
35.6753
35.6833
35.6901
35.6968
35.7041
35.7121
35.7197
35.7281
35.7353
35.7428
35.7506
35.7594
35.7667
35.7755
35.7834
35.7916
35.7994
35.807
35.8141
35.8213
35.8291
35.8374
35.8455
35.8534
35.861
35.869
35.8769
35.8843
35.893
35.9001
35.9075
35.9147
35.921
35.9285
35.9359
35.9434
35.9503
35.9575
35.965
35.9722
35.9796
35.9876
35.9949
36.0031
36.0106
36.018
36.0249
36.0325
36.0396
36.0466
36.0536
36.0609
36.0677
36.0754
36.082
36.0887
36.0962
36.1025
36.1108
36.1186
36.1261
36.1333
36.1402
36.147
36.1548
36.1629
36.1701
36.1769
36.1849
36.1924
36.1994
36.2062
36.2135
36.2204
36.2274
36.2346
36.2423
36.2495
36.2566
36.2644
36.271
36.2792
36.2865
36.2947
36.3026
36.3109
36.3175
36.3245
36.332
36.3384
36.3457
36.3531
36.3603
36.3675
36.3744
36.3815
36.389
36.3963
36.4035
36.4099
36.4168
36.4241
36.4322
36.4399
36.4471
36.4536
36.4606
36.4671
36.4748
36.4813
36.4882
36.4953
36.502
36.5083
36.5149
36.5224
36.5292
36.5365
36.5437
36.5508
36.5583
36.5658
36.5729
36.5802
36.5878
36.5952
36.6029
36.6102
36.6177
36.6242
36.6312
36.6388
36.6458
36.6528
36.6599
36.6662
36.6734
36.6809
36.6886
36.6958
36.7027
36.7092
36.716
36.7223
36.7293
36.7362
36.7437
36.7511
36.7578
36.765
36.7717
36.7794
36.7863
36.7935
36.7997
36.8066
36.8139
36.821
36.8273
36.8336
36.8401
36.847
36.8542
36.8614
36.8674
36.8749
36.8823
36.8889
36.8952
36.9026
36.9093
36.917
36.924
36.9305
36.9378
36.9447
36.9513
36.9578
36.9654
36.9716
36.9799
36.9866
36.9937
37.0011
37.0081
37.0152
37.0216
37.0283
37.0351
37.0416
37.0487
37.0566
37.0622
37.0692
37.0761
37.0827
37.0899
37.097
37.1039
37.1119
37.1195
37.1263
37.1329
37.14
37.1474
37.1541
37.1608
37.167
37.1739
37.1803
37.1877
37.1942
37.2006
37.2077
37.2144
37.221
37.2277
37.2347
37.2412
37.2475
37.2533
37.2598
37.2661
37.2724
37.2788
37.2855
37.292
37.2985
37.3051
37.3118
37.3175
37.3242
37.331
37.3377
37.3446
37.3508
37.358
37.3646
37.371
37.3774
37.384
37.3904
37.3971
37.4035
37.4091
37.4164
37.4229
37.4298
37.4364
37.4426
37.4496
37.4562
37.4628
37.4692
37.4759
37.4828
37.4898
37.4953
37.5026
37.5088
37.5157
37.5216
37.5287
37.5359
37.5436
37.5499
37.5566
37.5626
37.57
37.5765
37.5826
37.5894
37.5962
37.6029
37.609
37.6151
37.6219
37.6295
37.6352
37.6426
37.6493
37.6558
37.6618
37.6678
37.6739
37.6804
37.6871
37.6935
37.6998
37.7067
37.7128
37.72
37.7267
37.7339
37.7406
37.7471
37.7532
37.7597
37.7662
37.7729
37.7796
37.7856
37.7916
37.7978
37.8041
37.8107
37.8169
37.8231
37.8299
37.8364
37.8422
37.8489
37.8558
37.8629
37.8701
37.8769
37.8837
37.891
37.8971
37.903
37.9097
37.9162
37.9227
37.9291
37.9347
37.9403
37.9465
37.9532
37.9597
37.9656
37.9727
37.9786
37.9853
37.9921
37.9985
38.0048
38.0111
38.0177
38.0237
38.0302
38.037
38.0436
38.0502
38.0573
38.0638
38.0701
38.0768
38.0836
38.0899
38.0958
38.1023
38.1083
38.115
38.1216
38.1275
38.1343
38.1408
38.1474
38.1537
38.16
38.166
38.1729
38.1791
38.1853
38.1913
38.1981
38.2052
38.2123
38.2197
38.2264
38.2328
38.2394
38.2458
38.2516
38.2585
38.2647
38.2712
38.2773
38.2831
38.2887
38.2954
38.3015
38.3077
38.314
38.3207
38.3267
38.3329
38.3384
38.3443
38.3504
38.357
38.3628
38.3694
38.375
38.3817
38.3887
38.3943
38.4002
38.4069
38.4129
38.4192
38.4258
38.4325
38.4388
38.445
38.4511
38.4584
38.4648
38.4709
38.4767
38.4826
38.4883
38.4939
38.5002
38.506
38.5124
38.5185
38.5239
38.5305
38.5368
38.5431
38.5489
38.5545
38.5599
38.5659
38.5726
38.5785
38.5844
38.5903
38.5965
38.6034
38.6098
38.6164
38.623
38.6301
38.6359
38.6419
38.6485
38.6544
38.6603
38.6663
38.6729
38.6797
38.6858
38.6921
38.6984
38.7044
38.7112
38.7175
38.7247
38.731
38.7369
38.7425
38.749
38.7559
38.7622
38.7683
38.7743
38.7797
38.786
38.7926
38.798
38.803
38.8091
38.8158
38.8212
38.8269
38.8336
38.8409
38.8477
38.8538
38.8598
38.8661
38.8724
38.8779
38.8835
38.8898
38.8955
38.901
38.9069
38.9131
38.9199
38.9258
38.9321
38.9379
38.9439
38.9503
38.9558
38.9616
38.968
38.974
38.9801
38.9859
38.9922
38.9995
39.0057
39.0119
39.0188
39.0246
39.0304
39.0368
39.0428
39.0489
39.0546
39.0608
39.0673
39.0738
39.0799
39.0858
39.0917
39.0984
39.1051
39.1117
39.1176
39.1235
39.1301
39.1359
39.1418
39.1472
39.1538
39.1594
39.1646
39.171
39.1766
39.1833
39.1894
39.1957
39.2019
39.2075
39.2134
39.2193
39.2255
39.2311
39.2365
39.2416
39.2476
39.2532
39.2597
39.2659
39.2722
39.2782
39.2842
39.2903
39.2956
39.3013
39.3081
39.3138
39.3194
39.3261
39.3324
39.3387
39.3446
39.3497
39.3553
39.3611
39.3669
39.3728
39.3784
39.3843
39.3894
39.3955
39.4014
39.4067
39.4124
39.4187
39.4242
39.4294
39.4351
39.4416
39.4474
39.4532
39.4586
39.4644
39.4698
39.4759
39.4826
39.4879
39.4936
39.499
39.5048
39.5104
39.5163
39.522
39.528
39.5331
39.5394
39.5456
39.5514
39.5572
39.5633
39.5686
39.5742
39.5795
39.5854
39.5915
39.5971
39.6037
39.6101
39.6158
39.6217
39.6274
39.6335
39.6391
39.6445
39.6497
39.6555
39.6613
39.6675
39.6724
39.6781
39.6837
39.6901
39.696
39.7018
39.7068
39.7122
39.7183
39.7234
39.7303
39.7357
39.7413
39.7472
39.7527
39.7582
39.7639
39.77
39.7758
39.7823
39.7886
39.7943
39.8003
39.8062
39.8116
39.8175
39.8231
39.829
39.835
39.8403
39.8456
39.8511
39.8565
39.8616
39.8677
39.8733
39.8784
39.8837
39.8893
39.8953
39.9008
39.9068
39.9124
39.9188
39.9238
39.9297
39.9359
39.9415
39.9474
39.9536
39.9589
39.9648
39.9704
39.9763
39.9822
39.9881
39.9944
39.9998
40.0059
40.0117
40.0173
40.0231
40.0293
40.035
40.0411
40.0467
40.0528
40.0588
40.0642
40.0707
40.0765
40.0824
40.0875
40.0928
40.0978
40.1037
40.109
40.115
40.1203
40.1258
40.1322
40.1373
40.1429
40.1491
40.1546
40.1605
40.1659
40.1714
40.1772
40.1824
40.1879
40.1934
40.1989
40.2048
40.2097
40.2157
40.2206
40.2258
40.2315
40.2377
40.2435
40.2491
40.2548
40.2603
40.2663
40.2714
40.2767
40.2821
40.2877
40.2928
40.2986
40.3042
40.3094
40.315
40.3205
40.3263
40.3323
40.3385
40.3448
40.35
40.3554
40.3607
40.366
40.3717
40.3771
40.3821
40.3876
40.3928
40.3983
40.4042
40.4099
40.4158
40.4218
40.4275
40.4329
40.4391
40.4451
40.4499
40.455
40.4609
40.4664
40.4714
40.4768
40.4818
40.4876
40.493
40.4991
40.5044
40.5105
40.5165
40.5232
40.5283
40.5341
40.5402
40.5459
40.5514
40.5568
40.5622
40.5674
40.5728
40.5781
40.5834
40.5891
40.5945
40.6009
40.6065
40.612
40.6173
40.6226
40.6281
40.6335
40.6387
40.6441
40.6502
40.6562
40.6614
40.6666
40.672
40.6769
40.6824
40.6885
40.6935
40.699
40.7046
40.7093
40.7149
40.7206
40.7262
40.7323
40.7376
40.7437
40.7492
40.7549
40.7603
40.7653
40.7705
40.776
40.7817
40.7872
40.7926
40.7978
40.8038
40.8092
40.8147
40.8203
40.8264
40.8316
40.8367
40.8423
40.8482
40.8535
40.859
40.8645
40.87
40.8752
40.8807
40.8861
40.8924
40.8983
40.9031
40.908
40.9129
40.9177
40.9228
40.9271
40.9324
40.9376
40.9431
40.9488
40.9542
40.96
40.9652
40.9704
40.9762
40.9812
40.9873
40.9924
40.9982
41.0039
41.0097
41.0158
41.0214
41.0274
41.0337
41.039
41.0443
41.049
41.0539
41.06
41.0656
41.0716
41.0771
41.082
41.0883
41.0942
41.0997
41.1051
41.1104
41.1161
41.1211
41.1268
41.1318
41.1372
41.1425
41.1479
41.1541
41.1597
41.1653
41.1703
41.1762
41.1816
41.1866
41.1921
41.1979
41.2032
41.2079
41.2136
41.2189
41.2243
41.2305
41.2358
41.2411
41.2463
41.2511
41.2563
41.262
41.2669
41.2722
41.2767
41.2819
41.2866
41.2916
41.2972
41.3023
41.3077
41.3124
41.3187
41.3237
41.329
41.3342
41.3398
41.3448
41.35
41.3554
41.3611
41.3672
41.373
41.378
41.3832
41.3883
41.3937
41.3989
41.4043
41.4092
41.4152
41.4205
41.4254
41.4309
41.4364
41.4417
41.4468
41.4524
41.4577
41.4624
41.4679
41.4736
41.4792
41.4841
41.4894
41.495
41.5
41.5054
41.5103
41.5161
41.5215
41.5263
41.5318
41.5372
41.5424
41.549
41.5543
41.5593
41.5642
41.5693
41.5747
41.5807
41.5854
41.5903
41.5953
41.6009
41.6063
41.6119
41.6172
41.6223
41.6275
41.6329
41.6383
41.6435
41.6495
41.655
41.6597
41.6652
41.6707
41.676
41.6815
41.6873
41.6928
41.6982
41.7034
41.7083
41.7134
41.7182
41.7231
41.7288
41.7342
41.7393
41.7445
41.7492
41.7537
41.7594
41.7651
41.7704
41.7755
41.7812
41.7865
41.792
41.7976
41.8028
41.8086
41.8139
41.8192
41.8247
41.8298
41.8355
41.8406
41.8457
41.851
41.8567
41.8623
41.868
41.8736
41.8794
41.8848
41.8901
41.8952
41.9002
41.9052
41.9099
41.9148
41.9203
41.9258
41.9315
41.9368
41.9417
41.9469
41.9518
41.9569
41.9626
41.9679
41.973
41.9786
41.9836
41.9894
41.9947
42.0005
42.0049
42.0099
42.015
42.0198
42.0255
42.0311
42.0356
42.0411
42.0456
42.0513
42.0565
42.0619
42.0677
42.0726
42.0777
42.0824
42.0875
42.0925
42.0979
42.1032
42.1086
42.1137
42.1191
42.124
42.1294
42.1347
42.1394
42.1443
42.1495
42.1547
42.1599
42.1644
42.1696
42.1745
42.1799
42.1853
42.1904
42.1954
42.2004
42.206
42.2109
42.2166
42.2217
42.227
42.2329
42.2382
42.2427
42.248
42.253
42.2588
42.2639
42.2682
42.2739
42.279
42.2843
42.2892
42.2947
42.3006
42.3066
42.3116
42.3165
42.3216
42.3262
42.3313
42.3361
42.341
42.346
42.3511
42.3557
42.3609
42.3658
42.3709
42.376
42.3812
42.3867
42.3915
42.3972
42.4021
42.4073
42.4122
42.4171
42.4226
42.4282
42.4336
42.4384
42.4435
42.4489
42.4544
42.4597
42.4652
42.47
42.4753
42.4799
42.485
42.4907
42.4955
42.5005
42.506
42.5108
42.5165
42.5221
42.528
42.5324
42.5376
42.5433
42.5486
42.5541
42.5594
42.5641
42.5697
42.5744
42.5795
42.5844
42.5893
42.5946
42.5996
42.6043
42.6093
42.6151
42.6205
42.6252
42.6304
42.6356
42.6407
42.6453
42.6507
42.6561
42.661
42.6662
42.6714
42.6769
42.6822
42.6875
42.6924
42.6982
42.7034
42.7082
42.7136
42.7187
42.7237
42.7288
42.7338
42.7386
42.7436
42.7486
42.7535
42.7587
42.7648
42.7696
42.7752
42.7804
42.7857
42.7904
42.7959
42.801
42.806
42.8113
42.8167
42.8215
42.8267
42.8316
42.8369
42.8418
42.8472
42.8527
42.8579
42.863
42.868
42.8727
42.8778
42.8826
42.8878
42.8924
42.8973
42.9025
42.9071
42.9122
42.917
42.9232
42.9277
42.9333
42.9379
42.9432
42.9479
42.9535
42.9585
42.9634
42.9685
42.9732
42.9777
42.9828
42.988
42.9932
42.9986
43.0043
43.0096
43.0149
43.0201
43.0249
43.0299
43.0348
43.0402
43.0454
43.0496
43.0541
43.0588
43.0633
43.0683
43.0733
43.0785
43.0829
43.0879
43.0927
43.0973
43.102
43.1072
43.1127
43.1182
43.1229
43.1283
43.1341
43.1392
43.1438
43.1495
43.155
43.1598
43.1648
43.1697
43.1752
43.1803
43.1855
43.1913
43.197
43.2015
43.2073
43.2125
43.2177
43.2226
43.2272
43.2321
43.2365
43.2414
43.2461
43.2512
43.2566
43.2622
43.2678
43.2729
43.2784
43.284
43.2888
43.2935
43.2984
43.3032
43.3081
43.3135
43.3186
43.3237
43.3291
43.3351
43.3405
43.3462
43.3512
43.3562
43.3614
43.3664
43.3714
43.3766
43.3814
43.3863
43.3916
43.3964
43.4019
43.4071
43.4121
43.4166
43.4219
43.4271
43.4321
43.4379
43.4431
43.4481
43.4527
43.4576
43.4625
43.468
43.4733
43.4783
43.4827
43.4881
43.493
43.4976
43.5024
43.5075
43.5126
43.5177
43.5229
43.5277
43.5328
43.5379
43.543
43.5475
43.5527
43.5576
43.5627
43.5679
43.5729
43.5777
43.5828
43.5883
43.5937
43.5983
43.603
43.6082
43.6137
43.6196
43.6248
43.6302
43.6348
43.64
43.6446
43.6495
43.6546
43.6601
43.6648
43.67
43.6753
43.6804
43.6854
43.69
43.6951
43.6998
43.705
43.7101
43.7153
43.7208
43.7256
43.7304
43.7357
43.7411
43.7458
43.7507
43.756
43.7612
43.7662
43.7714
43.7756
43.7807
43.7853
43.7902
43.795
43.8
43.8052
43.8101
43.8153
43.8199
43.8251
43.8296
43.8347
43.8403
43.8453
43.8505
43.8557
43.8607
43.8662
43.8719
43.8772
43.8825
43.8879
43.8931
43.8986
43.9032
43.908
43.9127
43.918
43.9236
43.9288
43.9333
43.9386
43.9441
43.9488
43.9542
43.9584
43.9634
43.9682
43.9731
43.9778
43.9833
43.9883
43.9932
43.9986
44.0039
44.0088
44.0133
44.0182
44.0229
44.0275
44.0329
44.038
44.0433
44.0483
44.0534
44.0582
44.0634
44.0683
44.0731
44.0776
44.0826
44.0871
44.0921
44.0968
44.1021
44.1074
44.1125
44.1177
44.1227
44.1275
44.1328
44.1374
44.1421
44.1463
44.1514
44.1558
44.1603
44.1651
44.1705
44.1749
44.1793
44.1849
44.1892
44.1941
44.1986
44.2035
44.2085
44.2141
44.2192
44.2246
44.2292
44.2342
44.2396
44.2448
44.2502
44.2556
44.2602
44.2653
44.2697
44.2756
44.281
44.2858
44.2904
44.2959
44.3014
44.3062
44.3113
44.3156
44.3206
44.3251
44.3296
44.3343
44.3392
44.3446
44.3492
44.3542
44.3591
44.3646
44.3698
44.3749
44.3804
44.3851
44.3901
44.3944
44.3988
44.404
44.4096
44.4144
44.4201
44.4254
44.4304
44.4351
44.4403
44.4449
44.45
44.4546
44.4601
44.4654
44.4706
44.4754
44.4811
44.486
44.491
44.4962
44.5011
44.5066
44.5114
44.5171
44.5218
44.5265
44.5317
44.5364
44.5417
44.5469
44.5519
44.5564
44.5618
44.5674
44.5723
44.5772
44.5821
44.5868
44.5911
44.5965
44.6017
44.6065
44.6111
44.6159
44.6209
44.6257
44.6313
44.6363
44.6413
44.6459
44.6512
44.6563
44.6617
44.6669
44.671
44.6761
44.6814
44.6862
44.6914
44.6965
44.7014
44.7064
44.7108
44.7154
44.7205
44.7252
44.7305
44.7354
44.7407
44.7461
44.7503
44.7552
44.76
44.7652
44.77
44.7756
44.7806
44.7853
44.7905
44.7953
44.8002
44.8051
44.8099
44.8149
44.8198
44.8257
44.8312
44.8361
44.8413
44.8461
44.8518
44.8565
44.8618
44.8669
44.8717
44.8762
44.8813
44.8866
44.892
44.8968
44.9019
44.9071
44.912
44.918
44.9229
44.9278
44.9323
44.9371
44.9423
44.9475
44.9532
44.9581
44.963
44.9681
44.972
44.9768
44.9819
44.9869
44.9923
44.9969
45.0014
45.0059
45.0105
45.016
45.0212
45.0257
45.0309
45.0359
45.0408
45.0457
45.0501
45.0554
45.0594
45.0641
45.0691
45.0741
45.0791
45.0846
45.0893
45.0938
45.0989
45.1037
45.109
45.1142
45.1188
45.1237
45.1286
45.1332
45.1386
45.1431
45.1484
45.1534
45.1583
45.1634
45.1684
45.1727
45.1778
45.1828
45.1869
45.1917
45.1963
45.201
45.2062
45.2111
45.216
45.2206
45.2253
45.2303
45.2353
45.2399
45.2452
45.2501
45.2551
45.2604
45.2648
45.2691
45.2741
45.2785
45.2833
45.2881
45.2934
45.2984
45.3036
45.3083
45.3133
45.3189
45.3244
45.3297
45.3345
45.3397
45.3449
45.3498
45.3553
45.3601
45.3653
45.3702
45.3753
45.3805
45.3856
45.3904
45.3956
45.4005
45.4048
45.41
45.4148
45.4188
45.4239
45.4284
45.4328
45.438
45.443
45.4485
45.4536
45.4587
45.4637
45.4686
45.4737
45.479
45.4847
45.4899
45.4947
45.5004
45.5055
45.5103
45.5151
45.5198
45.5243
45.5294
45.5341
45.5393
45.5443
45.5489
45.5542
45.5591
45.5637
45.5685
45.5733
45.5784
45.5834
45.5883
45.5929
45.5977
45.6029
45.6081
45.6132
45.6181
45.6232
45.6283
45.633
45.6377
45.6429
45.6478
45.6535
45.6582
45.6628
45.668
45.6728
45.6783
45.6832
45.6886
45.6935
45.6987
45.703
45.7081
45.7132
45.7181
45.7226
45.7275
45.7328
45.7379
45.743
45.7481
45.7527
45.7576
45.7622
45.7667
45.7715
45.7766
45.7827
45.788
45.7933
45.7979
45.8035
45.8086
45.8134
45.8179
45.8229
45.8277
45.8323
45.8375
45.8427
45.8473
45.8523
45.8572
45.8624
45.8674
45.8725
45.8779
45.8829
45.8875
45.8915
45.8967
45.901
45.906
45.9112
45.916
45.9206
45.9255
45.9301
45.9348
45.9402
45.9449
45.9497
45.9547
45.9603
45.9653
45.97
45.9748
45.9798
45.9852
45.99
45.9954
46.0007
46.0054
46.01
46.0148
46.0198
46.025
46.0302
46.035
46.0399
46.0442
46.0494
46.0547
46.0602
46.0651
46.0702
46.0757
46.0807
46.0855
46.091
46.0962
46.1023
46.107
46.1126
46.1175
46.1221
46.1269
46.1321
46.1372
46.1424
46.147
46.152
46.1566
46.1613
46.1666
46.1713
46.1763
46.1814
46.1857
46.1907
46.1966
46.2009
46.206
46.2113
46.2161
46.2208
46.2261
46.2312
46.2359
46.2407
46.2451
46.2502
46.2557
46.2603
46.2653
46.2704
46.2748
46.28
46.2852
46.2901
46.2952
46.2998
46.3046
46.309
46.3145
46.3198
46.3247
46.3299
46.3353
46.3404
46.3449
46.3496
46.3544
46.3595
46.3642
46.369
46.3738
46.3787
46.3835
46.3881
46.3929
46.3978
46.4024
46.4076
46.4125
46.4169
46.4214
46.426
46.4315
46.4364
46.4414
46.4465
46.4515
46.4563
46.4622
46.4669
46.4715
46.4763
46.4811
46.486
46.491
46.4961
46.5009
46.5059
46.5111
46.5159
46.5206
46.526
46.5306
46.5352
46.5403
46.5452
46.5502
46.555
46.5602
46.565
46.5703
46.5753
46.5796
46.5841
46.5894
46.5945
46.5991
46.6037
46.6091
46.6137
46.6184
46.6234
46.6286
46.6336
46.6388
46.6443
46.6494
46.6542
46.6596
46.6643
46.669
46.6739
46.6791
46.6838
46.689
46.6936
46.699
46.7036
46.7085
46.714
46.7195
46.7245
46.7294
46.7342
46.7389
46.7435
46.7482
46.7534
46.7586
46.7634
46.7681
46.7732
46.7782
46.7837
46.788
46.7933
46.798
46.8033
46.8093
46.8142
46.8191
46.8243
46.829
46.834
46.8388
46.8438
46.8484
46.8533
46.8586
46.8632
46.8679
46.8729
46.8782
46.8836
46.8885
46.8936
46.8981
46.9034
46.9088
46.9132
46.9181
46.9228
46.9276
46.9325
46.9375
46.9428
46.9478
46.9529
46.9573
46.9621
46.9666
46.9714
46.9761
46.9815
46.9857
46.9908
46.9956
47.0004
47.0064
47.0112
47.0156
47.0205
47.0255
47.0303
47.0345
47.0398
47.0453
47.0506
47.0556
47.0606
47.0655
47.0702
47.075
47.0797
47.085
47.0898
47.0944
47.0989
47.104
47.1093
47.1142
47.1191
47.1235
47.1277
47.1326
47.138
47.1426
47.1479
47.1531
47.1584
47.1635
47.1683
47.1734
47.1778
47.183
47.1875
47.193
47.1986
47.2029
47.2078
47.2129
47.2178
47.2232
47.2285
47.2332
47.2381
47.2433
47.2482
47.2537
47.2589
47.2632
47.2684
47.2731
47.2788
47.284
47.2886
47.2932
47.2982
47.3028
47.3074
47.3122
47.3169
47.3216
47.3271
47.3328
47.338
47.3431
47.3475
47.3534
47.3578
47.363
47.3682
47.3731
47.3785
47.3834
47.3883
47.393
47.3979
47.4037
47.4094
47.4145
47.4198
47.4246
47.4294
47.4339
47.4393
47.444
47.4489
47.454
47.4595
47.4644
47.4693
47.4746
47.4792
47.4846
47.489
47.4938
47.4987
47.5035
47.5082
47.5123
47.5171
47.5214
47.5266
47.531
47.5357
47.5409
47.5455
47.5503
47.5552
47.5603
47.5653
47.5699
47.5757
47.5801
47.5846
47.59
47.5952
47.6003
47.6056
47.611
47.6168
47.6223
47.6275
47.6324
47.637
47.6414
47.6462
47.651
47.6558
47.6608
47.6658
47.671
47.6762
47.682
47.6873
47.6922
47.6973
47.7023
47.7076
47.7116
47.7163
47.7217
47.7268
47.7321
47.737
47.7425
47.7473
47.7529
47.7575
47.7623
47.7673
47.7723
47.7772
47.7825
47.7871
47.7919
47.7971
47.8021
47.8076
47.8123
47.8171
47.8228
47.828
47.8335
47.8385
47.844
47.8491
47.8546
47.86
47.865
47.8698
47.8744
47.8797
47.8842
47.8898
47.8944
47.8995
47.9049
47.9099
47.9145
47.9189
47.9239
47.9293
47.9344
47.9392
47.9441
47.9486
47.9537
47.9586
47.9634
47.9685
47.9737
47.979
47.9838
47.9889
47.9932
47.9982
48.0034
48.0083
48.0135
48.0181
48.0234
48.0289
48.0339
48.0391
48.0449
48.0499
48.0549
48.0602
48.0655
48.0707
48.0754
48.0807
48.0854
48.0908
48.0962
48.1014
48.106
48.111
48.1154
48.1205
48.1254
48.1307
48.1353
48.1404
48.1453
48.1501
48.155
48.1599
48.1648
48.1704
48.1753
48.1809
48.1859
48.1906
48.1958
48.2012
48.2064
48.211
48.216
48.2208
48.2256
48.2309
48.2364
48.2419
48.2465
48.2515
48.2568
48.2617
48.2667
48.2719
48.2772
48.2822
48.2873
48.2923
48.2974
48.3023
48.3074
48.3124
48.3172
48.3219
48.3275
48.3322
48.3379
48.343
48.3479
48.3533
48.3581
48.3637
48.369
48.3745
48.3798
48.3844
48.3896
48.3948
48.3998
48.4048
48.4096
48.4152
48.42
48.4255
48.4303
48.4349
48.4397
48.4448
48.4495
48.4544
48.4591
48.4637
48.4688
48.4736
48.4794
48.4848
48.4904
48.496
48.5013
48.506
48.5114
48.5165
48.5219
48.5271
48.5325
48.5374
48.5428
48.5473
48.5519
48.5569
48.5619
48.5665
48.5715
48.5761
48.5811
48.5865
48.5917
48.5973
48.6022
48.6071
48.6129
48.618
48.6226
48.6279
48.6325
48.6382
48.643
48.6478
48.6523
48.6575
48.6629
48.6686
48.6731
48.6786
48.6834
48.6884
48.6936
48.6995
48.7044
48.7092
48.7147
48.72
48.7256
48.7306
48.7361
48.7417
48.7473
48.7529
48.7586
48.7631
48.7676
48.7724
48.7777
48.7822
48.7872
48.7925
48.7973
48.8027
48.8076
48.8131
48.8185
48.8234
48.828
48.8327
48.8379
48.8436
48.8487
48.8534
48.8591
48.864
48.869
48.8742
48.8799
48.8849
48.8903
48.8958
48.9009
48.9053
48.9102
48.9154
48.9204
48.9254
48.9305
48.9356
48.9405
48.9456
48.9504
48.9551
48.9602
48.9657
48.9718
48.9768
48.9823
48.9871
48.9924
48.9975
49.0028
49.0079
49.0128
49.0185
49.0237
49.0285
49.0336
49.039
49.0443
49.049
49.054
49.0591
49.0644
49.0695
49.0751
49.0805
49.0858
49.0914
49.0967
49.1019
49.107
49.1119
49.1177
49.1223
49.1275
49.1328
49.1382
49.1439
49.1493
49.1545
49.1596
49.1654
49.1702
49.1755
49.1809
49.1854
49.1902
49.1949
49.2006
49.2061
49.2114
49.2164
49.2213
49.2264
49.2313
49.2368
49.2429
49.2484
49.2529
49.2582
49.2638
49.269
49.2736
49.2788
49.2843
49.2896
49.2948
49.3003
49.3051
49.3101
49.3154
49.3202
49.3256
49.3316
49.3379
49.3436
49.3496
49.3548
49.3605
49.3661
49.3711
49.3766
49.3816
49.3873
49.3927
49.3977
49.4033
49.4083
49.4139
49.4193
49.4245
49.4298
49.4361
49.4408
49.4459
49.4508
49.456
49.4615
49.4668
49.472
49.4777
49.4826
49.4878
49.4932
49.4986
49.5037
49.5092
49.5142
49.519
49.5241
49.5293
49.5342
49.5396
49.5451
49.5504
49.5554
49.5606
49.5654
49.5702
49.5756
49.5806
49.5862
49.5909
49.5962
49.6011
49.606
49.6119
49.6173
49.623
49.6288
49.6336
49.6389
49.6443
49.6497
49.655
49.6604
49.6656
49.6708
49.6766
49.6816
49.6864
49.6924
49.698
49.7031
49.7083
49.7141
49.7199
49.7257
49.7318
49.7367
49.742
49.7475
49.7539
49.7592
49.7648
49.7706
49.7758
49.782
49.7873
49.7925
49.7979
49.8028
49.8082
49.814
49.8193
49.8253
49.8301
49.8345
49.8398
49.8451
49.8497
49.8554
49.8612
49.8665
49.8724
49.8779
49.883
49.8891
49.8945
49.8998
49.9054
49.911
49.9166
49.9219
49.9278
49.9333
49.9391
49.945
49.95
49.9553
49.9601
49.9652
49.9712
49.9765
49.9818
49.9878
49.994
49.9992
50.0045
50.0092
50.0152
50.0203
50.0264
50.0319
50.0371
50.0421
50.0481
50.0538
50.0592
50.065
50.0705
50.0761
50.0819
50.0878
50.0932
50.0986
50.1044
50.1098
50.1151
50.1203
50.1262
50.1317
50.1374
50.1429
50.1486
50.1538
50.1588
50.1644
50.1697
50.1752
50.1814
50.1872
50.193
50.1981
50.2037
50.2093
50.2146
50.2196
50.2249
50.2302
50.2354
50.2405
50.2458
50.2504
50.2556
50.2622
50.2682
50.2734
50.2787
50.2845
50.29
50.2954
50.3007
50.3064
50.3116
50.3169
50.3228
50.3284
50.3331
50.3386
50.3449
50.3504
50.3557
50.3612
50.3677
50.3735
50.3786
50.3849
50.3905
50.3959
50.4015
50.4076
50.4129
50.4184
50.424
50.4294
50.4351
50.4411
50.4466
50.4522
50.4579
50.4629
50.469
50.4744
50.4803
50.4858
50.4914
50.497
50.5024
50.5076
50.513
50.5187
50.5245
50.5302
50.5366
50.5422
50.5479
50.5543
50.5598
50.5658
50.5713
50.5769
50.5824
50.588
50.5935
50.5995
50.6052
50.6111
50.6168
50.6223
50.6279
50.6335
50.6397
50.6448
50.6503
50.6564
50.6618
50.6671
50.673
50.6791
50.6842
50.689
50.6947
50.7011
50.7074
50.7126
50.7181
50.7234
50.729
50.7347
50.7402
50.7456
50.751
50.7568
50.7633
50.7685
50.7738
50.7798
50.7862
50.7917
50.7972
50.8026
50.8084
50.8136
50.8197
50.826
50.8322
50.8386
50.8445
50.8498
50.8551
50.861
50.8666
50.8722
50.8788
50.8836
50.8897
50.8961
50.9017
50.908
50.9142
50.9203
50.9252
50.9311
50.9365
50.9423
50.9482
50.9535
50.9588
50.9646
50.9701
50.9756
50.9819
50.9881
50.9943
51.0003
51.0067
51.0124
51.0188
51.0239
51.0297
51.0359
51.0418
51.0484
51.0544
51.0607
51.0667
51.0728
51.0787
51.0854
51.0916
51.0973
51.1032
51.1084
51.1145
51.1211
51.1273
51.1327
51.1391
51.1452
51.1512
51.1574
51.1631
51.1689
51.1751
51.1814
51.187
51.193
51.1989
51.205
51.2108
51.2171
51.2236
51.2299
51.236
51.2426
51.2488
51.2551
51.2608
51.2676
51.273
51.2788
51.2843
51.29
51.2959
51.302
51.3084
51.3145
51.3204
51.3257
51.3317
51.3381
51.3448
51.3511
51.3577
51.3635
51.3698
51.3764
51.3827
51.3884
51.394
51.4002
51.4068
51.4129
51.4183
51.4247
51.43
51.4371
51.4427
51.449
51.4554
51.4619
51.4681
51.4737
51.4797
51.4861
51.4919
51.4985
51.5051
51.5114
51.518
51.5241
51.53
51.536
51.5416
51.548
51.5539
51.5603
51.566
51.572
51.5781
51.5845
51.5907
51.5972
51.603
51.6085
51.6144
51.6205
51.6267
51.6334
51.6392
51.6453
51.6521
51.6582
51.6654
51.6716
51.6784
51.6853
51.6916
51.6981
51.7045
51.7098
51.716
51.7223
51.7277
51.7339
51.7407
51.7469
51.7522
51.7577
51.7637
51.7702
51.7769
51.7831
51.7896
51.7959
51.8022
51.8083
51.8141
51.82
51.8258
51.8325
51.8383
51.8446
51.8509
51.8582
51.8643
51.87
51.8761
51.8814
51.8871
51.8934
51.899
51.9042
51.9111
51.9173
51.9229
51.9295
51.936
51.942
51.9483
51.9545
51.9618
51.9688
51.9751
51.9818
51.9882
51.9944
52.0004
52.0074
52.0142
52.0199
52.0266
52.0336
52.0398
52.0461
52.0531
52.0601
52.0669
52.0733
52.0797
52.0862
52.0926
52.0988
52.1051
52.1114
52.1178
52.1235
52.1306
52.1372
52.1434
52.1507
52.1566
52.1627
52.1691
52.1756
52.1812
52.1876
52.1942
52.2014
52.2074
52.2141
52.2214
52.2282
52.2345
52.2412
52.2478
52.2547
52.261
52.2669
52.2731
52.28
52.2875
52.2941
52.3005
52.3071
52.3128
52.3199
52.3263
52.3331
52.3398
52.3465
52.3537
52.3608
52.3676
52.3741
52.3805
52.3872
52.3933
52.3997
52.4064
52.4129
52.419
52.4257
52.4324
52.4386
52.4448
52.4515
52.4579
52.4649
52.4713
52.4774
52.484
52.4908
52.4975
52.5045
52.5125
52.5185
52.5251
52.5308
52.5369
52.5434
52.5498
52.5573
52.5645
52.5705
52.5776
52.5836
52.5902
52.5966
52.6033
52.6103
52.6166
52.624
52.6308
52.6378
52.644
52.6509
52.6568
52.6628
52.669
52.676
52.6824
52.6895
52.6961
52.7026
52.7092
52.7159
52.7234
52.7297
52.7363
52.743
52.75
52.7568
52.7637
52.7708
52.7771
52.7835
52.7898
52.7972
52.804
52.8108
52.8173
52.8243
52.8308
52.8378
52.8447
52.8508
52.8562
52.8636
52.8695
52.8765
52.8829
52.8896
52.8966
52.9035
52.9101
52.9169
52.9234
52.9304
52.9382
52.9452
52.9527
52.959
52.966
52.9728
52.9798
52.9875
52.9939
53.0009
53.0079
53.0153
53.0223
53.0297
53.0367
53.0437
53.0507
53.0575
53.0645
53.0721
53.0785
53.0855
53.0912
53.0985
53.1056
53.1127
53.1194
53.126
53.1324
53.14
53.1474
53.1543
53.1617
53.1683
53.1757
53.1827
53.1887
53.196
53.2032
53.2106
53.2185
53.2251
53.2323
53.2396
53.2469
53.2543
53.2613
53.2689
53.2762
53.2837
53.2909
53.2978
53.3046
53.3109
53.3173
53.3243
53.3312
53.3384
53.3458
53.3536
53.3609
53.368
53.3755
53.3836
53.3911
53.398
53.4055
53.4134
53.4203
53.4266
53.4334
53.4403
53.4473
53.4549
53.4613
53.4684
53.4751
53.4824
53.4893
53.4967
53.5035
53.5122
53.5197
53.5281
53.5361
53.5434
53.5515
53.5586
53.5657
53.572
53.5794
53.5861
53.5936
53.6009
53.6081
53.6149
53.6222
53.6301
53.6378
53.6454
53.6519
53.6596
53.6675
53.6744
53.6823
53.6893
53.6978
53.7042
53.7114
53.7183
53.7251
53.7321
53.739
53.7464
53.7528
53.7595
53.7665
53.7741
53.7812
53.7887
53.7953
53.8023
53.8103
53.8186
53.8259
53.8331
53.8404
53.8497
53.8574
53.8642
53.8715
53.878
53.8862
53.8936
53.9017
53.9093
53.9172
53.9247
53.9314
53.9402
53.9476
53.9542
53.961
53.969
53.977
53.9848
53.9929
54.0009
54.0082
54.0153
54.0227
54.0299
54.0373
54.0445
54.0521
54.0608
54.0695
54.0776
54.0851
54.0928
54.1009
54.1078
54.1153
54.1225
54.1306
54.1385
54.1461
54.1539
54.1615
54.1683
54.1759
54.184
54.1917
54.1983
54.2065
54.2138
54.221
54.2277
54.2354
54.2435
54.2509
54.2579
54.2656
54.2737
54.282
54.2896
54.2967
54.304
54.3118
54.3199
54.3275
54.3347
54.3425
54.3512
54.3596
54.3669
54.3747
54.3826
54.3895
54.3979
54.4063
54.4146
54.4223
54.4308
54.4386
54.4468
54.4554
54.4635
54.4719
54.4793
54.4865
54.4959
54.5036
54.5112
54.5203
54.5287
54.5356
54.5432
54.5519
54.5596
54.5664
54.5749
54.5823
54.5911
54.5999
54.6074
54.6145
54.6222
54.6304
54.6395
54.6475
54.6547
54.6631
54.6712
54.6803
54.6896
54.6975
54.7058
54.7145
54.7238
54.7321
54.7405
54.7494
54.7569
54.7654
54.7735
54.7807
54.7893
54.797
54.8052
54.8128
54.8209
54.8285
54.8368
54.8458
54.8548
54.8635
54.872
54.8811
54.889
54.8971
54.9054
54.9148
54.9234
54.9317
54.9401
54.9491
54.958
54.9667
54.9739
54.9829
54.9913
55.0007
55.0094
55.0179
55.0254
55.0342
55.0418
55.0508
55.0589
55.066
55.0743
55.0823
55.0911
55.0991
55.1078
55.1158
55.1249
55.1335
55.1418
55.1494
55.1584
55.1668
55.176
55.1854
55.1931
55.2014
55.2097
55.2192
55.2279
55.2361
55.2444
55.2537
55.2619
55.2699
55.2783
55.2867
55.296
55.3052
55.3132
55.3234
55.3317
55.3405
55.3505
55.361
55.3689
55.3775
55.3862
55.3945
55.4027
55.4115
55.4191
55.4272
55.4367
55.4452
55.4548
55.4629
55.4719
55.4801
55.4892
55.4975
55.5069
55.5146
55.5238
55.5332
55.5418
55.5511
55.5604
55.5698
55.5785
55.5879
55.5969
55.606
55.6138
55.6225
55.631
55.6399
55.6483
55.6578
55.6664
55.6758
55.6852
55.6932
55.7023
55.7117
55.7203
55.7294
55.7373
55.7454
55.7549
55.7641
55.7728
55.7811
55.79
55.7984
55.8081
55.8173
55.8262
55.8362
55.8459
55.8556
55.8644
55.8747
55.8837
55.8925
55.9025
55.9112
55.9219
55.9312
55.9405
55.9488
55.9582
55.9675
55.9759
55.9846
55.9949
56.0045
56.0133
56.0222
56.0311
56.0404
56.0496
56.0588
56.0679
56.0769
56.0866
56.0966
56.1067
56.1158
56.1257
56.136
56.1457
56.1542
56.1641
56.1726
56.1816
56.191
56.1992
56.208
56.2176
56.2278
56.2375
56.2474
56.2573
56.2684
56.2776
56.2872
56.2973
56.3071
56.317
56.3267
56.3357
56.3449
56.354
56.3639
56.3733
56.3833
56.394
56.4042
56.4137
56.4236
56.4323
56.4412
56.4515
56.4608
56.4704
56.4795
56.4898
56.5
56.51
56.5194
56.529
56.5386
56.5465
56.5549
56.5641
56.5755
56.5855
56.5973
56.6065
56.6162
56.6258
56.6349
56.6445
56.6541
56.6645
56.6752
56.6845
56.6935
56.7038
56.7136
56.7237
56.7343
56.7451
56.7544
56.7642
56.7734
56.7836
56.7935
56.8032
56.8129
56.8227
56.8321
56.8421
56.8517
56.8611
56.8722
56.8826
56.8924
56.9025
56.9135
56.9232
56.9317
56.9425
56.9533
56.9624
56.9716
56.9825
56.9929
57.0017
57.0122
57.021
57.0312
57.0406
57.0511
57.0614
57.071
57.0803
57.0923
57.1037
57.1137
57.124
57.1343
57.1444
57.1546
57.1646
57.1762
57.1875
57.1973
57.2077
57.2181
57.2293
57.2401
57.2507
57.2611
57.2726
57.2833
57.2922
57.3013
57.3114
57.3215
57.3314
57.3419
57.3534
57.3627
57.3729
57.3833
57.3941
57.405
57.4162
57.4275
57.4384
57.4499
57.4616
57.473
57.4828
57.4931
57.5029
57.5143
57.524
57.5346
57.5457
57.5572
57.5666
57.5781
57.5907
57.6022
57.6127
57.6226
57.6341
57.6448
57.6552
57.6654
57.6769
57.6874
57.6983
57.7088
57.7197
57.7312
57.7429
57.7548
57.7659
57.7785
57.7905
57.8021
57.814
57.825
57.8367
57.849
57.8599
57.8722
57.8838
57.8956
57.9054
57.9158
57.9272
57.9395
57.9512
57.9624
57.9749
57.986
57.9987
58.0104
58.0204
58.032
58.0423
58.0544
58.066
58.0788
58.0896
58.1007
58.1126
58.1244
58.1349
58.1475
58.1607
58.1723
58.1847
58.1949
58.2058
58.2186
58.231
58.2453
58.2567
58.267
58.2797
58.2914
58.3037
58.3158
58.3281
58.3395
58.3516
58.3634
58.3775
58.3908
58.4041
58.4182
58.4304
58.4432
58.4575
58.4686
58.4804
58.4923
58.5051
58.5178
58.5289
58.541
58.5554
58.5685
58.5818
58.5942
58.6067
58.6188
58.6311
58.6427
58.6566
58.6689
58.6818
58.6942
58.7079
58.7224
58.7359
58.7477
58.7616
58.7736
58.7874
58.8011
58.8151
58.8294
58.8431
58.8573
58.8706
58.8839
58.8976
58.9114
58.9241
58.938
58.9506
58.964
58.9771
58.9909
59.0041
59.016
59.0314
59.0452
59.0599
59.0746
59.0882
59.1039
59.1187
59.1326
59.1471
59.1629
59.1776
59.1909
59.2045
59.2174
59.2305
59.245
59.2584
59.2723
59.2838
59.2972
59.311
59.3242
59.3396
59.3546
59.3692
59.3847
59.3975
59.412
59.4257
59.4414
59.4538
59.4704
59.4855
59.4995
59.5172
59.5321
59.5476
59.5639
59.5781
59.5933
59.6077
59.6242
59.6403
59.6573
59.6732
59.6891
59.7033
59.7216
59.7371
59.7528
59.768
59.7817
59.7967
59.8119
59.8293
59.8454
59.8625
59.8785
59.8942
59.9086
59.9226
59.939
59.9572
59.9738
59.9893
60.0048
60.023
60.0386
60.0569
60.0743
60.0891
60.105
60.1208
60.1382
60.1548
60.1711
60.187
60.2036
60.2207
60.2389
60.2555
60.2742
60.2891
60.3047
60.3206
60.3373
60.3528
60.37
60.388
60.4039
60.4228
60.4409
60.4581
60.4754
60.4937
60.51
60.5268
60.5449
60.5631
60.5821
60.6006
60.6197
60.6375
60.6555
60.6737
60.691
60.7078
60.7264
60.7453
60.7658
60.7826
60.8007
60.8188
60.8359
60.8525
60.871
60.8878
60.9077
60.9291
60.9467
60.9684
60.9863
61.0062
61.0242
61.0428
61.0602
61.0813
61.0997
61.119
61.1399
61.1599
61.1789
61.1974
61.2189
61.2398
61.262
61.2822
61.302
61.3227
61.3445
61.3669
61.3862
61.4055
61.4246
61.442
61.4636
61.4836
61.5057
61.5283
61.5504
61.5699
61.5914
61.6136
61.636
61.6574
61.6795
61.7017
61.7215
61.741
61.7648
61.7885
61.8091
61.8299
61.8532
61.8762
61.9009
61.9252
61.9464
61.9707
61.9948
62.0163
62.0412
62.0666
62.0883
62.1101
62.1363
62.157
62.1791
62.2004
62.221
62.2428
62.2664
62.2906
62.3151
62.3396
62.3634
62.3842
62.4074
62.4318
62.4577
62.4803
62.505
62.532
62.556
62.5832
62.6078
62.6348
62.66
62.688
62.7163
62.7411
62.7671
62.7918
62.815
62.8409
62.8694
62.8946
62.9195
62.9475
62.9737
63.0012
63.0268
63.0558
63.0844
63.112
63.1406
63.169
63.2036
63.2349
63.2633
63.2927
63.3196
63.3497
63.3769
63.4096
63.4414
63.4691
63.5028
63.5335
63.5626
63.5935
63.6262
63.6586
63.6963
63.7283
63.7618
63.7904
63.8217
63.8509
63.8826
63.913
63.9443
63.9712
64.006
64.0393
64.0688
64.1021
64.138
64.1723
64.2012
64.2349
64.2713
64.3038
64.3374
64.3741
64.4106
64.4465
64.4833
64.5183
64.554
64.5905
64.6278
64.6654
64.7014
64.7407
64.7777
64.8157
64.8553
64.8927
64.9305
64.9716
65.0095
65.0485
65.092
65.1338
65.1741
65.2162
65.2574
65.2983
65.3361
65.3808
65.4232
65.4629
65.5018
65.5448
65.5907
65.6322
65.6851
65.7299
65.7801
65.8262
65.8687
65.9135
65.9582
66.0095
66.0597
66.1056
66.1588
66.2046
66.2578
66.3084
66.3659
66.4205
66.4838
66.5404
66.5981
66.6476
66.7012
66.7604
66.8206
66.8786
66.936
67.0014
67.0651
67.1261
67.1887
67.2551
67.318
67.388
67.4574
67.5289
67.5964
67.6769
67.7525
67.8264
67.9036
67.9848
68.0801
68.1622
68.243
68.3319
68.4164
68.4936
68.5748
68.668
68.7587
68.8467
68.9496
69.0384
69.1497
69.2598
69.3708
69.4788
69.5933
69.7329
69.8684
70.0048
70.1462
70.3087
70.4938
70.6707
70.8636
71.0439
71.2589
71.4688
71.7368
72.0163
72.31
72.6949
73.1657
73.6976
74.4078
75.2104
76.3024
85.0102
