1
2
2.5
2.83333
3.08333
3.28333
4.28333
4.56905
4.94405
5.38849
7.14686
9.53
12.0997
15.0958
18.1652
20.171
21.5524
22.6861
23.6884
24.6329
25.405
26.2363
26.9696
27.743
28.385
29.1041
29.7029
30.3142
30.9052
31.3954
31.8406
32.3159
32.712
33.1573
33.5303
33.9327
34.3034
34.6661
35.0329
35.3424
35.6752
35.9922
36.2793
36.5391
36.8369
37.1296
37.3874
37.686
37.9248
38.1754
38.4338
38.6657
38.9333
39.1557
39.3895
39.5948
39.8149
40.0309
40.2456
40.4472
40.6299
40.8356
41.0375
41.236
41.4312
41.6479
41.8554
42.0294
42.2166
42.4065
42.6048
42.7845
42.9812
43.1676
43.3647
43.5321
43.7292
43.9081
44.0821
44.2659
44.4462
44.6277
44.8221
45.007
45.1884
45.4003
45.5845
45.7829
45.9779
46.1658
46.3434
46.5278
46.7082
46.8962
47.0737
47.2429
47.4046
47.5714
47.7396
47.9059
48.0859
48.2387
48.3997
48.5592
48.7086
48.8805
49.0509
49.1957
49.3431
49.5074
49.6687
49.8069
49.9626
50.1032
50.2445
50.38
50.5147
50.663
50.8021
50.938
51.0714
51.2011
51.3374
51.462
51.5849
51.7204
51.8375
51.9647
52.0994
52.2282
52.3536
52.4869
52.5995
52.7305
52.852
52.9749
53.0892
53.2091
53.3339
53.4773
53.6054
53.7262
53.8443
53.9649
54.0729
54.1879
54.3295
54.454
54.5767
54.6969
54.8056
54.9226
55.0359
55.153
55.2748
55.3946
55.5192
55.6512
55.7808
55.9028
56.0381
56.1572
56.2806
56.4064
56.5272
56.6494
56.7689
56.8911
57.0071
57.1283
57.2417
57.3722
57.4825
57.5906
57.7018
57.814
57.9278
58.0476
58.1562
58.2709
58.3827
58.483
58.5915
58.7051
58.8284
58.9328
59.0369
59.1526
59.2617
59.3655
59.4753
59.587
59.6876
59.7913
59.9053
60.0087
60.1139
60.2178
60.3235
60.4358
60.54
60.6399
60.7502
60.854
60.9498
61.0533
61.1593
61.2705
61.369
61.4712
61.5782
61.6901
61.7903
61.907
62.007
62.1096
62.2136
62.3088
62.4106
62.5002
62.5987
62.6955
62.7977
62.9014
62.9941
63.0863
63.1786
63.269
63.3652
63.4554
63.5447
63.6378
63.7333
63.8273
63.9171
64.0011
64.0981
64.2005
64.2879
64.3848
64.4779
64.575
64.6658
64.7606
64.851
64.937
65.0282
65.1186
65.2177
65.3096
65.4004
65.4981
65.5806
65.6706
65.7584
65.8407
65.9269
66.015
66.1036
66.1856
66.2656
66.3544
66.4447
66.539
66.6267
66.7101
66.7945
66.8819
66.9685
67.0552
67.1312
67.2216
67.3083
67.3878
67.4623
67.5414
67.6281
67.7055
67.781
67.8652
67.9417
68.0289
68.1165
68.1947
68.2705
68.3376
68.4246
68.5047
68.5846
68.6657
68.7457
68.8261
68.9065
68.9851
69.0565
69.1263
69.201
69.2801
69.354
69.4208
69.4957
69.5642
69.6395
69.7132
69.7868
69.8569
69.9347
70.0186
70.0876
70.1549
70.2204
70.2884
70.3584
70.423
70.4908
70.5609
70.6277
70.7002
70.7705
70.8372
70.9022
70.9705
71.0447
71.107
71.1751
71.2401
71.305
71.3686
71.4367
71.498
71.5663
71.6269
71.6942
71.7554
71.8166
71.8815
71.9431
72.0177
72.0794
72.1408
72.2045
72.2696
72.3345
72.4073
72.4718
72.5413
72.6068
72.6735
72.7378
72.8029
72.8639
72.9255
72.9838
73.0437
73.1092
73.1703
73.2295
73.2922
73.3526
73.4155
73.4805
73.5401
73.5989
73.6564
73.7217
73.7874
73.8455
73.9033
73.9586
74.0211
74.0772
74.1366
74.1872
74.2507
74.3032
74.3714
74.4335
74.4965
74.5562
74.6111
74.6714
74.7316
74.7889
74.8477
74.9066
74.9615
75.0263
75.0837
75.144
75.2011
75.259
75.3141
75.3718
75.4276
75.4825
75.539
75.5938
75.6489
75.7055
75.7575
75.8123
75.8636
75.9188
75.9709
76.0185
76.0717
76.124
76.1745
76.226
76.2849
76.3369
76.3864
76.4379
76.49
76.5412
76.5927
76.6459
76.7017
76.7557
76.8052
76.856
76.9019
76.9536
77.0028
77.0511
77.0998
77.1483
77.2026
77.2554
77.3019
77.3499
77.3979
77.4429
77.4889
77.5353
77.5881
77.6402
77.6879
77.7348
77.7842
77.8322
77.8823
77.9267
77.979
78.0243
78.075
78.1263
78.1767
78.2218
78.2672
78.3164
78.3585
78.4019
78.4438
78.4905
78.5417
78.5886
78.6309
78.6776
78.7235
78.7693
78.8202
78.8675
78.9114
78.9558
79.0021
79.0425
79.0862
79.1333
79.1806
79.2254
79.267
79.3146
79.3569
79.4004
79.4422
79.4877
79.5332
79.5757
79.6198
79.6639
79.7067
79.7521
79.7985
79.8404
79.8839
79.9272
79.9652
80.0097
80.0552
80.0995
80.1418
80.1835
80.2226
80.2644
80.3093
80.3479
80.3904
80.4314
80.4763
80.5174
80.5519
80.594
80.6338
80.6777
80.7188
80.7609
80.8008
80.8378
80.8802
80.9271
80.9705
81.0125
81.0512
81.0915
81.1315
81.1718
81.2141
81.2568
81.3009
81.3425
81.3833
81.4238
81.4629
81.5032
81.5459
81.587
81.6243
81.6708
81.7119
81.7509
81.7952
81.8341
81.8764
81.9208
81.9645
81.9976
82.0406
82.0793
82.1196
82.159
82.1975
82.2449
82.2858
82.3319
82.371
82.4116
82.4488
82.4893
82.5282
82.5681
82.6077
82.6468
82.6854
82.7239
82.7662
82.8099
82.8507
82.8872
82.9283
82.9717
83.016
83.0543
83.0903
83.1319
83.1722
83.2105
83.2511
83.2912
83.3313
83.3729
83.4156
83.4519
83.492
83.5314
83.5699
83.6173
83.6558
83.6917
83.7349
83.7717
83.8139
83.8556
83.894
83.9367
83.9786
84.0164
84.0572
84.096
84.1351
84.177
84.2203
84.2596
84.3001
84.346
84.3875
84.4245
84.4637
84.5111
84.5533
84.6014
84.6412
84.6816
84.7229
84.7651
84.8049
84.8473
84.8872
84.9228
84.9592
84.9993
85.0408
85.0868
85.1295
85.1715
85.2107
85.2519
85.2949
85.3375
85.3794
85.4225
85.464
85.5086
85.5492
85.5896
85.6282
85.6686
85.7116
85.7551
85.7951
85.8372
85.8755
85.9188
85.9593
85.9991
86.0426
86.0835
86.1306
86.1686
86.2035
86.244
86.2823
86.3224
86.3638
86.4049
86.4455
86.4852
86.5262
86.5666
86.6097
86.6512
86.6921
86.7341
86.7757
86.8122
86.8523
86.8887
86.9329
86.9738
87.0153
87.0563
87.0971
87.1356
87.1749
87.2139
87.2493
87.2879
87.3325
87.3741
87.4153
87.4551
87.4943
87.5356
87.5787
87.6236
87.6613
87.7053
87.743
87.7846
87.8256
87.8635
87.9033
87.9415
87.9867
88.0303
88.074
88.1182
88.1525
88.1901
88.2268
88.2658
88.3043
88.3449
88.3826
88.4216
88.4595
88.5012
88.5417
88.5853
88.6213
88.6614
88.7029
88.745
88.781
88.822
88.864
88.9049
88.9461
88.9869
89.0295
89.0706
89.1097
89.1484
89.189
89.2323
89.2704
89.3138
89.3554
89.4012
89.4381
89.4764
89.5186
89.56
89.6008
89.6394
89.6821
89.7227
89.7622
89.8016
89.8451
89.8841
89.9233
89.9643
90.0087
90.0439
90.09
90.1299
90.1732
90.2107
90.2527
90.2933
90.3321
90.3742
90.4141
90.4573
90.496
90.5351
90.5753
90.6123
90.6524
90.6879
90.7297
90.7744
90.8133
90.8545
90.8966
90.9355
90.9718
91.0057
91.0441
91.0811
91.121
91.1555
91.1962
91.2371
91.2746
91.316
91.3581
91.3972
91.4375
91.4799
91.5169
91.5555
91.5914
91.6318
91.6689
91.7078
91.7463
91.7895
91.8279
91.864
91.9004
91.9417
91.9784
92.0147
92.0517
92.0872
92.126
92.1654
92.2017
92.2409
92.2788
92.3184
92.3563
92.3945
92.4331
92.4651
92.4992
92.5351
92.5721
92.6133
92.6501
92.686
92.7226
92.763
92.7997
92.8342
92.874
92.9078
92.9462
92.982
93.0217
93.0548
93.0901
93.1247
93.162
93.197
93.2294
93.2657
93.3021
93.3414
93.3793
93.4184
93.4608
93.4928
93.53
93.565
93.6011
93.638
93.6705
93.708
93.7439
93.779
93.818
93.853
93.8842
93.922
93.9602
93.9937
94.0256
94.061
94.0935
94.1307
94.1644
94.2031
94.2347
94.2711
94.3074
94.3408
94.3711
94.4068
94.4406
94.4738
94.5095
94.5406
94.5762
94.6109
94.644
94.6767
94.7087
94.7391
94.7777
94.8086
94.8361
94.8705
94.9039
94.939
94.9775
95.0067
95.0424
95.0747
95.1094
95.1419
95.1757
95.2088
95.243
95.2767
95.3104
95.3451
95.3775
95.4089
95.4422
95.4742
95.5065
95.5378
95.571
95.604
95.6359
95.6672
95.6997
95.7314
95.7627
95.8022
95.8328
95.8668
95.8995
95.9308
95.9664
95.9973
96.0305
96.0633
96.0997
96.1305
96.1639
96.1979
96.2325
96.2644
96.2985
96.3305
96.3621
96.3964
96.4342
96.4652
96.497
96.5305
96.5619
96.5976
96.6294
96.6659
96.7004
96.7308
96.7607
96.796
96.8321
96.8662
96.8989
96.9327
96.9628
96.9961
97.0266
97.0577
97.0887
97.1221
97.1551
97.1875
97.221
97.2513
97.2839
97.3155
97.3461
97.3795
97.4115
97.4425
97.4788
97.5087
97.5406
97.57
97.5991
97.6298
97.6595
97.6914
97.7241
97.7544
97.7862
97.8179
97.8476
97.8821
97.9159
97.9479
97.98
98.0107
98.0408
98.0759
98.111
98.1394
98.1679
98.1984
98.2339
98.2633
98.2933
98.3223
98.3506
98.3785
98.4088
98.4401
98.4675
98.4999
98.5296
98.5599
98.5909
98.6228
98.6536
98.6848
98.7164
98.749
98.7783
98.8059
98.8349
98.8637
98.8968
98.9292
98.9613
98.9926
99.0222
99.0536
99.0877
99.1159
99.153
99.1839
99.2183
99.2476
99.2776
99.3109
99.3417
99.3753
99.4067
99.4382
99.4722
99.5028
99.533
99.5618
99.5924
99.6267
99.6579
99.6868
99.7178
99.7468
99.7763
99.8067
99.8346
99.8627
99.8938
99.9281
99.96
99.9887
100.019
100.051
100.082
100.111
100.144
100.178
100.21
100.244
100.274
100.302
100.328
100.359
100.392
100.423
100.456
100.487
100.515
100.547
100.576
100.607
100.64
100.67
100.7
100.73
100.767
100.795
100.824
100.859
100.893
100.926
100.957
100.988
101.016
101.048
101.082
101.115
101.146
101.177
101.21
101.237
101.266
101.294
101.327
101.356
101.387
101.419
101.45
101.479
101.511
101.543
101.573
101.606
101.635
101.665
101.695
101.728
101.766
101.796
101.829
101.858
101.893
101.923
101.955
101.984
102.014
102.049
102.08
102.112
102.145
102.177
102.208
102.24
102.272
102.304
102.334
102.366
102.4
102.432
102.465
102.495
102.525
102.554
102.584
102.615
102.644
102.676
102.708
102.742
102.772
102.806
102.835
102.868
102.902
102.93
102.961
102.994
103.022
103.052
103.082
103.114
103.148
103.183
103.212
103.244
103.275
103.304
103.337
103.367
103.399
103.431
103.462
103.494
103.523
103.555
103.587
103.618
103.647
103.677
103.711
103.742
103.772
103.805
103.84
103.871
103.901
103.931
103.961
103.992
104.022
104.055
104.086
104.117
104.147
104.177
104.21
104.243
104.275
104.305
104.337
104.364
104.396
104.425
104.458
104.489
104.522
104.553
104.584
104.612
104.646
104.679
104.709
104.74
104.769
104.801
104.831
104.867
104.898
104.931
104.958
104.989
105.018
105.046
105.075
105.104
105.134
105.167
105.194
105.22
105.249
105.279
105.311
105.343
105.373
105.406
105.434
105.466
105.496
105.523
105.553
105.586
105.617
105.648
105.682
105.709
105.739
105.771
105.799
105.828
105.854
105.881
105.909
105.938
105.968
105.997
106.028
106.059
106.088
106.116
106.144
106.171
106.201
106.233
106.262
106.294
106.323
106.35
106.379
106.409
106.438
106.469
106.5
106.529
106.557
106.587
106.616
106.645
106.675
106.704
106.735
106.763
106.792
106.82
106.848
106.878
106.908
106.934
106.963
106.993
107.022
107.049
107.076
107.104
107.133
107.162
107.194
107.224
107.25
107.279
107.307
107.338
107.365
107.397
107.426
107.458
107.484
107.515
107.543
107.574
107.599
107.628
107.658
107.685
107.716
107.746
107.776
107.806
107.836
107.865
107.891
107.921
107.948
107.98
108.009
108.037
108.065
108.093
108.12
108.146
108.174
108.202
108.231
108.26
108.289
108.317
108.347
108.376
108.404
108.432
108.463
108.489
108.518
108.548
108.574
108.6
108.633
108.661
108.694
108.721
108.747
108.774
108.802
108.831
108.86
108.886
108.915
108.939
108.966
108.994
109.022
109.053
109.08
109.11
109.141
109.171
109.196
109.226
109.254
109.282
109.309
109.337
109.367
109.392
109.42
109.445
109.47
109.5
109.53
109.558
109.584
109.613
109.64
109.665
109.691
109.715
109.745
109.774
109.801
109.828
109.855
109.886
109.911
109.939
109.965
109.996
110.027
110.053
110.079
110.106
110.131
110.157
110.185
110.212
110.242
110.272
110.298
110.326
110.353
110.381
110.407
110.432
110.46
110.487
110.513
110.538
110.566
110.594
110.622
110.65
110.679
110.706
110.738
110.765
110.792
110.816
110.844
110.874
110.899
110.926
110.95
110.979
111.008
111.037
111.066
111.094
111.123
111.149
111.177
111.205
111.232
111.261
111.291
111.317
111.343
111.369
111.395
111.42
111.447
111.474
111.502
111.531
111.558
111.584
111.61
111.637
111.665
111.689
111.716
111.741
111.767
111.795
111.821
111.849
111.879
111.906
111.933
111.96
111.984
112.009
112.037
112.061
112.092
112.12
112.143
112.168
112.194
112.22
112.246
112.272
112.299
112.324
112.348
112.377
112.402
112.427
112.453
112.48
112.505
112.531
112.561
112.585
112.609
112.632
112.663
112.687
112.712
112.738
112.762
112.788
112.814
112.843
112.866
112.891
112.915
112.939
112.962
112.99
113.017
113.042
113.067
113.091
113.116
113.141
113.163
113.186
113.212
113.238
113.26
113.285
113.312
113.334
113.359
113.385
113.407
113.433
113.456
113.483
113.508
113.531
113.555
113.58
113.602
113.629
113.653
113.68
113.706
113.729
113.752
113.777
113.802
113.825
113.85
113.872
113.892
113.915
113.939
113.961
113.984
114.006
114.031
114.057
114.083
114.109
114.131
114.155
114.178
114.203
114.228
114.25
114.271
114.297
114.32
114.342
114.366
114.389
114.41
114.433
114.457
114.481
114.504
114.527
114.551
114.575
114.599
114.622
114.645
114.668
114.692
114.714
114.74
114.764
114.788
114.814
114.838
114.863
114.887
114.912
114.935
114.959
114.985
115.005
115.029
115.056
115.079
115.101
115.125
115.148
115.172
115.197
115.22
115.244
115.269
115.292
115.316
115.34
115.366
115.388
115.413
115.437
115.457
115.481
115.504
115.531
115.551
115.578
115.602
115.625
115.647
115.673
115.696
115.721
115.744
115.769
115.797
115.819
115.844
115.864
115.887
115.911
115.935
115.959
115.983
116.004
116.026
116.047
116.07
116.094
116.116
116.14
116.162
116.184
116.207
116.23
116.254
116.274
116.296
116.318
116.337
116.362
116.386
116.409
116.431
116.456
116.479
116.505
116.528
116.551
116.576
116.6
116.623
116.646
116.668
116.689
116.713
116.733
116.754
116.78
116.805
116.828
116.851
116.876
116.9
116.925
116.949
116.972
116.995
117.016
117.039
117.062
117.086
117.109
117.13
117.15
117.173
117.196
117.218
117.241
117.264
117.286
117.308
117.331
117.353
117.374
117.398
117.422
117.445
117.467
117.489
117.513
117.533
117.555
117.576
117.598
117.621
117.646
117.668
117.689
117.712
117.732
117.757
117.777
117.802
117.824
117.845
117.868
117.889
117.913
117.937
117.959
117.982
118.004
118.026
118.049
118.07
118.093
118.114
118.136
118.157
118.178
118.2
118.224
118.244
118.267
118.288
118.309
118.333
118.353
118.372
118.394
118.417
118.44
118.463
118.483
118.504
118.527
118.547
118.571
118.594
118.611
118.634
118.657
118.679
118.702
118.723
118.744
118.766
118.786
118.81
118.832
118.856
118.874
118.895
118.915
118.937
118.961
118.983
119.004
119.025
119.048
119.067
119.087
119.11
119.131
119.151
119.174
119.196
119.218
119.238
119.257
119.279
119.298
119.319
119.341
119.363
119.385
119.406
119.428
119.45
119.475
119.497
119.519
119.54
119.561
119.584
119.602
119.626
119.644
119.666
119.688
119.71
119.732
119.755
119.773
119.795
119.815
119.837
119.86
119.88
119.9
119.923
119.944
119.966
119.986
120.01
120.03
120.052
120.075
120.096
120.115
120.136
120.156
120.179
120.201
120.222
120.244
120.267
120.287
120.309
120.328
120.345
120.365
120.384
120.405
120.424
120.447
120.467
120.488
120.509
120.528
120.549
120.57
120.594
120.616
120.636
120.658
120.676
120.698
120.717
120.738
120.758
120.78
120.802
120.821
120.841
120.859
120.88
120.901
120.921
120.94
120.961
120.982
121.003
121.022
121.044
121.065
121.085
121.105
121.125
121.145
121.168
121.188
121.207
121.226
121.247
121.268
121.289
121.308
121.331
121.35
121.372
121.391
121.411
121.433
121.451
121.47
121.488
121.507
121.527
121.545
121.565
121.582
121.604
121.628
121.649
121.669
121.687
121.708
121.726
121.747
121.767
121.79
121.809
121.828
121.848
121.87
121.892
121.911
121.933
121.952
121.972
121.993
122.015
122.034
122.053
122.074
122.096
122.115
122.135
122.158
122.178
122.197
122.217
122.237
122.256
122.275
122.295
122.315
122.335
122.354
122.372
122.393
122.416
122.435
122.456
122.477
122.498
122.516
122.537
122.555
122.579
122.599
122.619
122.639
122.66
122.679
122.699
122.717
122.738
122.757
122.779
122.8
122.818
122.839
122.858
122.877
122.9
122.918
122.937
122.956
122.975
122.993
123.013
123.032
123.053
123.074
123.094
123.113
123.132
123.151
123.171
123.191
123.21
123.231
123.25
123.268
123.286
123.306
123.327
123.346
123.366
123.385
123.405
123.424
123.447
123.467
123.485
123.506
123.525
123.543
123.563
123.581
123.599
123.619
123.636
123.655
123.676
123.694
123.713
123.732
123.751
123.771
123.792
123.809
123.828
123.847
123.865
123.884
123.903
123.921
123.94
123.958
123.976
123.996
124.014
124.031
124.053
124.071
124.089
124.108
124.125
124.144
124.16
124.178
124.196
124.215
124.232
124.25
124.269
124.289
124.308
124.329
124.348
124.365
124.384
124.402
124.42
124.436
124.451
124.471
124.492
124.511
124.529
124.546
124.565
124.582
124.602
124.62
124.641
124.658
124.678
124.696
124.713
124.73
124.748
124.764
124.782
124.798
124.817
124.835
124.853
124.872
124.89
124.908
124.924
124.942
124.959
124.98
124.999
125.018
125.036
125.055
125.072
125.09
125.111
125.129
125.147
125.164
125.182
125.199
125.215
125.233
125.253
125.27
125.289
125.309
125.327
125.347
125.366
125.384
125.403
125.419
125.437
125.454
125.473
125.491
125.511
125.527
125.545
125.562
125.578
125.595
125.611
125.628
125.647
125.663
125.683
125.702
125.72
125.739
125.756
125.772
125.79
125.809
125.828
125.846
125.862
125.881
125.899
125.919
125.935
125.951
125.97
125.988
126.006
126.022
126.039
126.057
126.075
126.092
126.11
126.126
126.143
126.161
126.179
126.196
126.214
126.231
126.25
126.267
126.284
126.301
126.318
126.335
126.352
126.37
126.388
126.405
126.423
126.44
126.457
126.475
126.492
126.509
126.526
126.542
126.559
126.576
126.595
126.612
126.63
126.646
126.66
126.677
126.694
126.711
126.73
126.746
126.764
126.779
126.797
126.813
126.83
126.848
126.865
126.882
126.898
126.914
126.932
126.949
126.967
126.984
127
127.018
127.036
127.051
127.069
127.086
127.102
127.119
127.137
127.154
127.172
127.189
127.205
127.222
127.237
127.253
127.271
127.286
127.304
127.322
127.34
127.356
127.372
127.39
127.406
127.422
127.439
127.455
127.472
127.489
127.508
127.525
127.542
127.558
127.573
127.589
127.606
127.622
127.638
127.656
127.672
127.691
127.711
127.727
127.742
127.759
127.777
127.794
127.812
127.828
127.843
127.859
127.877
127.892
127.908
127.924
127.939
127.955
127.971
127.987
128.004
128.021
128.039
128.055
128.073
128.091
128.106
128.123
128.14
128.158
128.174
128.189
128.207
128.223
128.242
128.259
128.273
128.289
128.306
128.323
128.341
128.356
128.373
128.389
128.404
128.42
128.438
128.453
128.469
128.487
128.503
128.522
128.538
128.554
128.572
128.587
128.605
128.623
128.641
128.656
128.671
128.687
128.703
128.719
128.735
128.751
128.768
128.786
128.801
128.816
128.832
128.849
128.866
128.884
128.899
128.915
128.931
128.948
128.963
128.98
128.997
129.014
129.03
129.046
129.063
129.08
129.094
129.112
129.129
129.144
129.161
129.178
129.194
129.209
129.225
129.24
129.255
129.273
129.289
129.303
129.319
129.334
129.352
129.367
129.382
129.399
129.415
129.43
129.447
129.461
129.478
129.493
129.508
129.525
129.542
129.558
129.575
129.59
129.605
129.621
129.636
129.652
129.667
129.683
129.698
129.711
129.728
129.743
129.758
129.774
129.788
129.804
129.82
129.837
129.853
129.87
129.886
129.901
129.917
129.932
129.949
129.964
129.979
129.994
130.009
130.025
130.041
130.055
130.071
130.086
130.103
130.118
130.133
130.15
130.165
130.18
130.196
130.21
130.226
130.243
130.259
130.276
130.29
130.304
130.321
130.336
130.353
130.367
130.383
130.397
130.414
130.429
130.446
130.462
130.477
130.492
130.507
130.524
130.539
130.554
130.568
130.586
130.601
130.617
130.633
130.65
130.665
130.679
130.696
130.711
130.726
130.74
130.757
130.772
130.786
130.802
130.817
130.832
130.847
130.863
130.878
130.893
130.909
130.922
130.938
130.953
130.969
130.987
131.001
131.015
131.03
131.042
131.058
131.072
131.086
131.101
131.116
131.131
131.146
131.162
131.177
131.192
131.209
131.225
131.242
131.256
131.272
131.287
131.301
131.317
131.332
131.349
131.366
131.381
131.395
131.411
131.425
131.439
131.454
131.467
131.482
131.496
131.51
131.526
131.543
131.558
131.573
131.587
131.604
131.62
131.635
131.651
131.667
131.681
131.695
131.71
131.725
131.741
131.756
131.774
131.787
131.803
131.818
131.833
131.849
131.864
131.879
131.894
131.909
131.924
131.939
131.955
131.969
131.986
132.001
132.015
132.028
132.044
132.06
132.076
132.089
132.104
132.121
132.136
132.151
132.167
132.181
132.195
132.21
132.224
132.24
132.256
132.272
132.287
132.302
132.316
132.332
132.347
132.361
132.377
132.393
132.408
132.423
132.438
132.453
132.468
132.484
132.498
132.512
132.526
132.54
132.557
132.571
132.586
132.601
132.617
132.633
132.648
132.663
132.679
132.694
132.709
132.725
132.741
132.755
132.77
132.785
132.8
132.815
132.83
132.844
132.859
132.875
132.889
132.905
132.92
132.935
132.951
132.964
132.978
132.992
133.006
133.023
133.037
133.053
133.067
133.08
133.095
133.106
133.122
133.137
133.152
133.166
133.181
133.198
133.213
133.228
133.24
133.256
133.271
133.284
133.299
133.315
133.328
133.343
133.359
133.374
133.389
133.404
133.42
133.435
133.45
133.465
133.48
133.494
133.508
133.522
133.536
133.551
133.565
133.578
133.593
133.609
133.623
133.639
133.655
133.67
133.685
133.699
133.714
133.728
133.742
133.756
133.769
133.785
133.799
133.815
133.831
133.846
133.86
133.875
133.89
133.903
133.918
133.931
133.947
133.962
133.976
133.99
134.003
134.019
134.034
134.05
134.065
134.078
134.093
134.109
134.123
134.139
134.156
134.169
134.186
134.2
134.215
134.229
134.242
134.255
134.269
134.285
134.299
134.314
134.331
134.345
134.358
134.373
134.387
134.401
134.417
134.432
134.447
134.46
134.474
134.487
134.503
134.518
134.532
134.548
134.563
134.578
134.593
134.607
134.622
134.637
134.651
134.664
134.679
134.693
134.707
134.722
134.734
134.749
134.762
134.776
134.792
134.805
134.818
134.833
134.847
134.863
134.879
134.894
134.909
134.924
134.938
134.953
134.967
134.981
134.995
135.009
135.023
135.037
135.052
135.066
135.081
135.094
135.108
135.121
135.136
135.15
135.164
135.179
135.194
135.209
135.222
135.237
135.25
135.264
135.276
135.292
135.306
135.32
135.335
135.35
135.364
135.378
135.392
135.404
135.417
135.432
135.446
135.461
135.476
135.49
135.505
135.518
135.533
135.548
135.562
135.576
135.59
135.604
135.62
135.635
135.65
135.663
135.677
135.691
135.705
135.719
135.733
135.747
135.761
135.774
135.789
135.802
135.817
135.83
135.845
135.859
135.875
135.891
135.906
135.921
135.936
135.949
135.965
135.979
135.993
136.008
136.022
136.036
136.05
136.065
136.081
136.095
136.109
136.125
136.141
136.155
136.171
136.186
136.2
136.215
136.228
136.242
136.256
136.27
136.282
136.296
136.311
136.326
136.341
136.356
136.37
136.384
136.396
136.41
136.423
136.437
136.452
136.466
136.48
136.493
136.509
136.522
136.536
136.551
136.565
136.579
136.595
136.609
136.624
136.639
136.653
136.667
136.68
136.695
136.709
136.724
136.738
136.753
136.769
136.783
136.797
136.812
136.827
136.842
136.855
136.869
136.884
136.899
136.915
136.928
136.943
136.958
136.973
136.987
137.001
137.014
137.029
137.044
137.06
137.074
137.089
137.103
137.116
137.129
137.144
137.157
137.169
137.184
137.198
137.212
137.227
137.242
137.257
137.272
137.287
137.3
137.314
137.328
137.342
137.357
137.372
137.386
137.4
137.413
137.428
137.441
137.455
137.47
137.482
137.496
137.509
137.523
137.537
137.549
137.563
137.577
137.59
137.605
137.619
137.633
137.647
137.661
137.676
137.69
137.705
137.718
137.733
137.747
137.761
137.777
137.792
137.807
137.822
137.836
137.849
137.862
137.876
137.89
137.904
137.918
137.932
137.947
137.961
137.976
137.99
138.004
138.02
138.034
138.047
138.06
138.076
138.09
138.105
138.119
138.134
138.146
138.159
138.173
138.186
138.202
138.216
138.231
138.243
138.256
138.271
138.284
138.297
138.312
138.326
138.342
138.357
138.369
138.383
138.396
138.411
138.424
138.44
138.454
138.468
138.481
138.495
138.508
138.521
138.535
138.549
138.563
138.577
138.591
138.606
138.62
138.634
138.647
138.661
138.674
138.688
138.704
138.719
138.733
138.745
138.76
138.774
138.787
138.801
138.815
138.829
138.843
138.858
138.873
138.886
138.9
138.914
138.927
138.943
138.956
138.97
138.984
138.999
139.012
139.027
139.04
139.054
139.069
139.083
139.096
139.11
139.125
139.14
139.154
139.166
139.181
139.196
139.209
139.223
139.238
139.252
139.266
139.28
139.292
139.307
139.321
139.336
139.348
139.363
139.376
139.39
139.406
139.418
139.433
139.447
139.461
139.473
139.488
139.501
139.518
139.532
139.545
139.559
139.572
139.585
139.598
139.613
139.626
139.641
139.657
139.669
139.683
139.697
139.709
139.723
139.736
139.748
139.762
139.775
139.789
139.804
139.818
139.831
139.846
139.858
139.871
139.885
139.897
139.911
139.925
139.938
139.953
139.968
139.982
139.996
140.01
140.024
140.039
140.052
140.066
140.081
140.094
140.107
140.12
140.134
140.149
140.161
140.175
140.188
140.202
140.217
140.23
140.243
140.257
140.27
140.283
140.296
140.309
140.323
140.337
140.352
140.366
140.379
140.391
140.405
140.42
140.434
140.447
140.461
140.474
140.487
140.502
140.516
140.528
140.543
140.557
140.57
140.583
140.597
140.611
140.624
140.636
140.65
140.664
140.677
140.69
140.703
140.714
140.727
140.74
140.754
140.767
140.78
140.795
140.808
140.822
140.835
140.849
140.863
140.876
140.889
140.903
140.916
140.931
140.943
140.956
140.97
140.982
140.996
141.009
141.022
141.033
141.046
141.06
141.074
141.086
141.099
141.114
141.127
141.141
141.155
141.169
141.182
141.196
141.21
141.224
141.24
141.253
141.266
141.28
141.293
141.307
141.318
141.331
141.345
141.358
141.37
141.385
141.396
141.409
141.424
141.437
141.45
141.463
141.475
141.488
141.5
141.513
141.526
141.54
141.552
141.564
141.577
141.592
141.605
141.617
141.63
141.643
141.656
141.669
141.683
141.696
141.709
141.722
141.735
141.748
141.762
141.776
141.791
141.803
141.816
141.83
141.844
141.858
141.871
141.886
141.897
141.909
141.922
141.935
141.948
141.962
141.976
141.989
142.002
142.015
142.028
142.039
142.052
142.064
142.076
142.09
142.102
142.115
142.128
142.14
142.153
142.166
142.18
142.192
142.205
142.217
142.231
142.244
142.257
142.269
142.282
142.295
142.308
142.322
142.334
142.348
142.36
142.373
142.386
142.4
142.413
142.425
142.438
142.449
142.463
142.475
142.489
142.503
142.517
142.53
142.544
142.558
142.57
142.583
142.597
142.61
142.622
142.634
142.645
142.659
142.673
142.687
142.699
142.712
142.724
142.738
142.751
142.764
142.778
142.791
142.803
142.817
142.829
142.842
142.855
142.867
142.881
142.894
142.908
142.921
142.934
142.947
142.96
142.974
142.986
142.998
143.01
143.023
143.035
143.047
143.06
143.074
143.087
143.101
143.112
143.126
143.138
143.152
143.164
143.178
143.19
143.204
143.217
143.23
143.242
143.255
143.267
143.28
143.293
143.304
143.318
143.334
143.347
143.359
143.371
143.384
143.396
143.41
143.42
143.434
143.446
143.459
143.472
143.484
143.498
143.511
143.524
143.537
143.551
143.565
143.577
143.591
143.603
143.616
143.628
143.639
143.652
143.664
143.676
143.69
143.704
143.717
143.73
143.743
143.756
143.768
143.781
143.794
143.806
143.819
143.831
143.845
143.857
143.87
143.882
143.894
143.906
143.92
143.933
143.944
143.957
143.97
143.983
143.994
144.006
144.018
144.03
144.042
144.055
144.067
144.081
144.094
144.107
144.121
144.134
144.147
144.159
144.174
144.187
144.199
144.212
144.225
144.237
144.25
144.263
144.276
144.288
144.3
144.312
144.326
144.339
144.352
144.365
144.379
144.392
144.403
144.416
144.429
144.442
144.453
144.465
144.478
144.49
144.503
144.514
144.526
144.538
144.552
144.566
144.577
144.59
144.602
144.616
144.629
144.641
144.654
144.667
144.678
144.692
144.704
144.717
144.73
144.743
144.755
144.768
144.781
144.794
144.807
144.819
144.831
144.843
144.857
144.87
144.883
144.896
144.909
144.922
144.935
144.948
144.96
144.972
144.985
144.997
145.009
145.02
145.033
145.045
145.058
145.07
145.084
145.098
145.11
145.123
145.135
145.146
145.159
145.171
145.184
145.195
145.208
145.222
145.235
145.246
145.258
145.268
145.281
145.294
145.308
145.322
145.334
145.347
145.359
145.371
145.384
145.397
145.408
145.42
145.432
145.445
145.457
145.47
145.481
145.493
145.505
145.518
145.53
145.543
145.555
145.567
145.579
145.594
145.607
145.62
145.633
145.645
145.657
145.669
145.682
145.694
145.706
145.718
145.731
145.743
145.755
145.767
145.779
145.791
145.803
145.817
145.83
145.843
145.855
145.867
145.88
145.891
145.904
145.916
145.928
145.94
145.952
145.964
145.975
145.988
146
146.013
146.024
146.037
146.05
146.061
146.074
146.087
146.101
146.114
146.126
146.137
146.15
146.162
146.175
146.187
146.2
146.212
146.225
146.238
146.251
146.263
146.276
146.287
146.3
146.312
146.325
146.335
146.347
146.361
146.374
146.386
146.397
146.41
146.422
146.434
146.446
146.458
146.471
146.484
146.496
146.508
146.522
146.533
146.546
146.56
146.572
146.585
146.596
146.607
146.62
146.633
146.644
146.655
146.666
146.677
146.688
146.7
146.712
146.724
146.736
146.747
146.758
146.771
146.783
146.795
146.808
146.82
146.833
146.844
146.855
146.868
146.881
146.895
146.906
146.919
146.931
146.943
146.956
146.969
146.981
146.993
147.005
147.018
147.03
147.042
147.054
147.065
147.077
147.089
147.102
147.115
147.126
147.138
147.151
147.163
147.174
147.187
147.199
147.211
147.223
147.236
147.248
147.26
147.273
147.286
147.298
147.309
147.321
147.332
147.343
147.355
147.367
147.378
147.391
147.403
147.415
147.426
147.437
147.449
147.46
147.473
147.486
147.497
147.51
147.522
147.534
147.547
147.559
147.571
147.582
147.595
147.607
147.619
147.632
147.643
147.655
147.667
147.68
147.693
147.705
147.717
147.728
147.74
147.753
147.764
147.774
147.787
147.8
147.81
147.822
147.835
147.846
147.859
147.871
147.883
147.895
147.906
147.918
147.93
147.941
147.952
147.963
147.976
147.986
147.998
148.01
148.023
148.034
148.046
148.058
148.07
148.082
148.094
148.107
148.118
148.131
148.144
148.155
148.166
148.179
148.191
148.202
148.214
148.225
148.237
148.249
148.261
148.273
148.285
148.298
148.311
148.323
148.336
148.347
148.358
148.372
148.384
148.396
148.408
148.42
148.432
148.444
148.455
148.466
148.477
148.489
148.502
148.513
148.525
148.538
148.55
148.56
148.574
148.587
148.599
148.611
148.623
148.636
148.648
148.659
148.671
148.682
148.692
148.704
148.715
148.726
148.737
148.75
148.762
148.774
148.787
148.8
148.81
148.821
148.834
148.846
148.857
148.87
148.881
148.893
148.905
148.916
148.929
148.94
148.953
148.964
148.975
148.987
148.998
149.009
149.021
149.032
149.044
149.056
149.068
149.079
149.09
149.1
149.112
149.123
149.135
149.147
149.158
149.171
149.183
149.195
149.208
149.218
149.23
149.243
149.255
149.266
149.278
149.289
149.301
149.312
149.323
149.335
149.346
149.359
149.37
149.38
149.391
149.403
149.415
149.425
149.437
149.448
149.461
149.473
149.486
149.497
149.509
149.52
149.533
149.545
149.556
149.568
149.58
149.592
149.605
149.616
149.628
149.639
149.65
149.661
149.673
149.685
149.697
149.708
149.721
149.734
149.746
149.759
149.77
149.782
149.793
149.805
149.816
149.828
149.839
149.851
149.862
149.873
149.885
149.897
149.909
149.921
149.932
149.943
149.954
149.964
149.975
149.986
149.998
150.009
150.021
150.033
150.045
150.057
150.068
150.078
150.09
150.103
150.114
150.127
150.137
150.149
150.158
150.169
150.181
150.191
150.203
150.214
150.224
150.236
150.248
150.26
150.272
150.283
150.294
150.306
150.317
150.327
150.34
150.351
150.362
150.373
150.384
150.395
150.406
150.417
150.429
150.439
150.451
150.463
150.474
150.485
150.497
150.508
150.52
150.531
150.543
150.554
150.566
150.577
150.588
150.599
150.611
150.623
150.634
150.644
150.656
150.668
150.679
150.691
150.702
150.713
150.725
150.735
150.747
150.757
150.767
150.779
150.79
150.802
150.814
150.825
150.836
150.847
150.858
150.872
150.881
150.894
150.906
150.917
150.929
150.941
150.952
150.964
150.975
150.986
150.998
151.009
151.021
151.032
151.043
151.053
151.064
151.075
151.087
151.098
151.109
151.119
151.131
151.142
151.153
151.163
151.175
151.186
151.197
151.208
151.22
151.232
151.244
151.254
151.266
151.277
151.289
151.299
151.31
151.321
151.331
151.342
151.353
151.364
151.375
151.386
151.398
151.41
151.42
151.432
151.443
151.455
151.465
151.479
151.49
151.501
151.512
151.522
151.532
151.542
151.553
151.565
151.575
151.585
151.597
151.608
151.618
151.63
151.641
151.652
151.663
151.674
151.685
151.696
151.706
151.718
151.729
151.741
151.753
151.763
151.773
151.784
151.796
151.806
151.817
151.828
151.84
151.852
151.864
151.876
151.888
151.899
151.911
151.922
151.933
151.944
151.956
151.967
151.977
151.988
151.999
152.01
152.021
152.031
152.042
152.054
152.065
152.077
152.088
152.099
152.109
152.119
152.129
152.14
152.151
152.163
152.173
152.184
152.195
