1
2
2.5
2.83333
3.08333
3.88333
3.88333
4.16905
4.79405
4.90516
6.95043
9.12256
10.9488
15.447
19.2284
21.2278
22.5622
23.6356
24.4927
25.1643
25.8132
26.4545
26.9914
27.5369
28.0951
28.6279
29.2187
29.8262
30.3204
30.9058
31.4976
32.0597
32.6342
33.1663
33.6213
34.087
34.5202
34.9503
35.3413
35.7266
36.0663
36.3862
36.6872
36.9845
37.2669
37.5252
37.8041
38.056
38.293
38.5297
38.756
38.9795
39.1914
39.4008
39.6395
39.8776
40.1012
40.2843
40.5054
40.7207
40.924
41.1461
41.3482
41.568
41.7737
41.9856
42.2027
42.4178
42.6439
42.849
43.037
43.2346
43.4443
43.652
43.8712
44.0659
44.258
44.4475
44.6478
44.8333
45.0382
45.2303
45.412
45.596
45.7888
45.9699
46.1421
46.3311
46.5189
46.6903
46.8423
47.005
47.1679
47.3551
47.5164
47.6787
47.834
47.9892
48.1455
48.3098
48.4659
48.6238
48.7814
48.9461
49.1037
49.267
49.4186
49.5689
49.7059
49.8517
50.0018
50.1344
50.2753
50.4114
50.5431
50.7045
50.837
50.9615
51.108
51.2376
51.3708
51.5117
51.6486
51.7643
51.8961
52.0091
52.1381
52.261
52.3877
52.5034
52.6288
52.749
52.8624
52.9831
53.093
53.2078
53.3166
53.4311
53.5336
53.6404
53.7595
53.8584
53.9745
54.0933
54.1966
54.309
54.4091
54.5158
54.6223
54.7249
54.8205
54.9252
55.027
55.1322
55.23
55.3361
55.4322
55.5384
55.6325
55.7332
55.828
55.9312
56.0214
56.1167
56.223
56.314
56.41
56.5001
56.5852
56.671
56.7479
56.8404
56.9236
57.0056
57.0976
57.1943
57.2791
57.3591
57.4548
57.5457
57.6271
57.7156
57.805
57.8857
57.9712
58.0511
58.1355
58.2263
58.3048
58.383
58.4591
58.5304
58.6076
58.6775
58.7509
58.8244
58.8954
58.9753
59.058
59.1453
59.2313
59.3052
59.3909
59.4612
59.5354
59.6155
59.6935
59.7777
59.8638
59.9324
60.007
60.0826
60.1543
60.2309
60.3065
60.3832
60.4485
60.5211
60.5969
60.6769
60.7542
60.8152
60.8903
60.963
61.0347
61.1029
61.1887
61.266
61.3379
61.4085
61.4793
61.5551
61.6179
61.693
61.7617
61.8346
61.9042
61.9751
62.0481
62.1192
62.1973
62.2691
62.3329
62.4046
62.4718
62.5413
62.6112
62.6799
62.7564
62.8252
62.8956
62.971
63.0394
63.1088
63.1753
63.251
63.323
63.3901
63.456
63.5266
63.5967
63.6657
63.7403
63.8069
63.8795
63.9417
64.0121
64.0732
64.144
64.2117
64.2775
64.3495
64.4134
64.4884
64.5653
64.637
64.7069
64.7817
64.8504
64.9167
64.9945
65.0651
65.1392
65.2033
65.2696
65.3348
65.4009
65.4646
65.5299
65.5948
65.6697
65.7454
65.8069
65.8674
65.9293
66.0015
66.0718
66.1377
66.2045
66.2726
66.3364
66.3986
66.4654
66.5195
66.5837
66.6482
66.7135
66.7867
66.8436
66.9043
66.9633
67.0322
67.0963
67.1643
67.2286
67.2962
67.3531
67.4191
67.481
67.5433
67.6097
67.6706
67.7356
67.797
67.8587
67.9268
67.9885
68.0522
68.1097
68.1694
68.2251
68.286
68.3495
68.4153
68.4714
68.5277
68.5904
68.6488
68.7132
68.773
68.8294
68.8874
68.9514
69.0079
69.0691
69.1293
69.1805
69.2389
69.3034
69.3611
69.4188
69.4766
69.5281
69.5798
69.635
69.6914
69.7494
69.8039
69.8609
69.922
69.9844
70.0385
70.0948
70.1473
70.2
70.2581
70.316
70.3697
70.424
70.4899
70.5486
70.6023
70.6593
70.7199
70.7721
70.8315
70.8896
70.9432
70.9984
71.0477
71.0997
71.1556
71.2101
71.2661
71.3242
71.3827
71.4356
71.4871
71.5423
71.5993
71.6583
71.7138
71.7658
71.8193
71.8697
71.9282
71.9836
72.0405
72.0912
72.1433
72.2013
72.2621
72.3162
72.3698
72.4316
72.4901
72.5459
72.6002
72.6606
72.7158
72.7644
72.8183
72.8774
72.9316
72.9876
73.0463
73.1003
73.1497
73.205
73.2586
73.3098
73.37
73.4241
73.4779
73.5255
73.5788
73.6327
73.6887
73.7378
73.7922
73.8494
73.8994
73.9502
74.0042
74.0625
74.1175
74.1697
74.2187
74.2733
74.3216
74.3776
74.4376
74.4961
74.5506
74.603
74.6511
74.7084
74.7607
74.8147
74.8617
74.9198
74.9755
75.0302
75.081
75.1392
75.197
75.2478
75.3016
75.3532
75.403
75.4534
75.5067
75.5562
75.6059
75.6603
75.7083
75.7563
75.8103
75.8611
75.9151
75.9696
76.0195
76.0703
76.117
76.1667
76.2197
76.2694
76.3188
76.3674
76.4176
76.4644
76.5106
76.556
76.6145
76.6645
76.712
76.761
76.8053
76.8548
76.9088
76.9597
77.0108
77.0585
77.1057
77.155
77.2033
77.2496
77.2999
77.3508
77.3952
77.4431
77.4904
77.5394
77.584
77.6328
77.6828
77.7293
77.7778
77.8252
77.8786
77.9206
77.9675
78.0217
78.0653
78.1102
78.1591
78.206
78.2483
78.2974
78.3474
78.3926
78.431
78.4764
78.5212
78.5707
78.6188
78.6654
78.7072
78.755
78.8017
78.8472
78.8922
78.9362
78.9831
79.0272
79.0668
79.1115
79.152
79.1927
79.2348
79.2852
79.3299
79.3744
79.4188
79.468
79.5139
79.5619
79.6025
79.6487
79.6943
79.7381
79.7792
79.8207
79.8681
79.9103
79.9583
79.9969
80.0378
80.0826
80.1236
80.1694
80.2116
80.2572
80.308
80.3486
80.3899
80.4283
80.472
80.5168
80.5625
80.6018
80.646
80.6895
80.734
80.7806
80.8218
80.8627
80.9044
80.9439
80.9862
81.0307
81.0718
81.115
81.1562
81.208
81.2514
81.2913
81.337
81.3817
81.4299
81.4678
81.5133
81.5599
81.5997
81.639
81.6825
81.7244
81.7679
81.8101
81.8565
81.8955
81.9441
81.9888
82.0326
82.0732
82.1167
82.1623
82.2059
82.2511
82.2956
82.3421
82.3841
82.4258
82.4752
82.5168
82.5596
82.5978
82.6416
82.6824
82.7239
82.7679
82.8144
82.8573
82.8978
82.9389
82.9813
83.0288
83.069
83.1078
83.1542
83.1985
83.2405
83.2816
83.3204
83.3638
83.4074
83.4474
83.4878
83.5312
83.5758
83.6138
83.6607
83.7031
83.7459
83.7849
83.8261
83.8686
83.9119
83.9509
83.997
84.0382
84.0808
84.1225
84.1671
84.2093
84.2501
84.2966
84.3371
84.384
84.4262
84.4683
84.511
84.5485
84.5908
84.6343
84.6771
84.7216
84.7642
84.8069
84.8484
84.8939
84.9326
84.9753
85.0184
85.0627
85.1029
85.1456
85.1855
85.2308
85.2759
85.3178
85.3611
85.4022
85.4437
85.49
85.5361
85.577
85.6254
85.6663
85.7105
85.7536
85.7952
85.8365
85.88
85.9225
85.9646
86.0061
86.0487
86.0904
86.1299
86.1743
86.218
86.2631
86.307
86.3515
86.3945
86.4365
86.4793
86.5228
86.5636
86.6029
86.6449
86.6898
86.7279
86.7661
86.8101
86.8467
86.8896
86.9328
86.9714
87.0174
87.0577
87.0955
87.1325
87.1733
87.2135
87.2527
87.294
87.3373
87.3805
87.4219
87.4603
87.5012
87.5408
87.5852
87.6277
87.6703
87.716
87.7533
87.7908
87.832
87.8751
87.9188
87.9565
87.9977
88.0378
88.0837
88.1277
88.1673
88.2082
88.2464
88.2852
88.326
88.3676
88.4078
88.4483
88.4862
88.5239
88.5627
88.6021
88.6429
88.686
88.728
88.7683
88.8063
88.848
88.8859
88.9263
88.966
89.0038
89.0428
89.0812
89.1199
89.1624
89.1988
89.2381
89.2774
89.3172
89.3581
89.399
89.4385
89.4789
89.5211
89.5647
89.607
89.6509
89.692
89.7339
89.7728
89.8135
89.8552
89.8936
89.934
89.9778
90.023
90.0615
90.1063
90.1462
90.1892
90.2275
90.266
90.3091
90.3513
90.3911
90.4356
90.4759
90.5153
90.551
90.5881
90.6319
90.6711
90.7127
90.7524
90.7909
90.8309
90.8727
90.9132
90.9568
90.9951
91.0351
91.0773
91.1148
91.1581
91.1975
91.2372
91.2804
91.3258
91.36
91.4007
91.4407
91.482
91.5192
91.5621
91.6049
91.6457
91.6864
91.732
91.775
91.8162
91.8557
91.898
91.9402
91.988
92.0268
92.0716
92.1127
92.1552
92.2015
92.243
92.2833
92.327
92.3636
92.4101
92.4524
92.4953
92.5372
92.5785
92.6205
92.6611
92.7067
92.7455
92.7863
92.8227
92.8668
92.9069
92.9484
92.994
93.0351
93.0761
93.1167
93.1592
93.2082
93.245
93.2861
93.3282
93.3729
93.4122
93.4544
93.4981
93.5383
93.5797
93.6167
93.6599
93.7003
93.737
93.7783
93.8152
93.8571
93.8984
93.9435
93.9814
94.0239
94.0658
94.1063
94.1521
94.194
94.2383
94.2837
94.3233
94.364
94.4035
94.4468
94.4903
94.5371
94.5814
94.6199
94.6598
94.7018
94.7449
94.7861
94.832
94.8793
94.9214
94.9624
95.0012
95.0413
95.0852
95.1289
95.168
95.2141
95.2554
95.2957
95.3419
95.3832
95.4245
95.4718
95.5127
95.5514
95.5981
95.645
95.6887
95.7316
95.7716
95.8163
95.8541
95.8972
95.9382
95.9781
96.0194
96.0594
96.0952
96.1357
96.1788
96.2241
96.2623
96.3033
96.3482
96.3905
96.4294
96.4734
96.5122
96.548
96.5927
96.6345
96.6767
96.7229
96.7669
96.806
96.8459
96.8832
96.9209
96.9639
97.0049
97.0491
97.0924
97.1335
97.1705
97.2118
97.2552
97.2962
97.3358
97.375
97.414
97.4534
97.4916
97.53
97.5702
97.6084
97.6467
97.6819
97.7247
97.7662
97.8017
97.8387
97.8767
97.9168
97.9581
98.0001
98.0378
98.0803
98.1153
98.1523
98.1939
98.2296
98.267
98.3019
98.3436
98.3813
98.4235
98.4603
98.4983
98.532
98.569
98.6076
98.6437
98.6804
98.7159
98.7518
98.7908
98.8275
98.8642
98.9018
98.9354
98.9726
99.0088
99.0428
99.0784
99.1107
99.1435
99.1795
99.2156
99.2477
99.2805
99.3129
99.349
99.382
99.4171
99.4521
99.4903
99.5248
99.5624
99.5967
99.6309
99.668
99.7044
99.739
99.7751
99.8104
99.8396
99.8714
99.9051
99.942
99.975
100.009
100.043
100.071
100.104
100.137
100.172
100.206
100.238
100.272
100.302
100.337
100.37
100.401
100.434
100.466
100.499
100.53
100.561
100.587
100.62
100.65
100.684
100.716
100.749
100.778
100.811
100.843
100.878
100.909
100.938
100.967
100.996
101.028
101.058
101.092
101.12
101.151
101.184
101.212
101.243
101.273
101.304
101.336
101.366
101.395
101.425
101.459
101.489
101.519
101.548
101.579
101.606
101.638
101.671
101.699
101.73
101.763
101.793
101.82
101.847
101.878
101.909
101.938
101.967
101.995
102.025
102.056
102.086
102.116
102.141
102.168
102.2
102.231
102.262
102.292
102.32
102.349
102.377
102.406
102.433
102.458
102.487
102.514
102.542
102.568
102.595
102.623
102.652
102.681
102.71
102.738
102.763
102.789
102.817
102.843
102.871
102.899
102.927
102.951
102.98
103.007
103.035
103.062
103.089
103.118
103.145
103.175
103.201
103.228
103.254
103.281
103.305
103.334
103.361
103.39
103.421
103.448
103.473
103.502
103.53
103.555
103.579
103.605
103.631
103.655
103.686
103.714
103.743
103.771
103.795
103.82
103.844
103.871
103.897
103.921
103.947
103.972
104
104.027
104.052
104.078
104.103
104.129
104.156
104.181
104.207
104.232
104.254
104.28
104.307
104.331
104.356
104.379
104.401
104.428
104.452
104.475
104.5
104.524
104.548
104.574
104.601
104.628
104.655
104.679
104.704
104.729
104.755
104.778
104.801
104.823
104.845
104.868
104.892
104.918
104.94
104.965
104.988
105.011
105.035
105.058
105.082
105.108
105.131
105.156
105.179
105.204
105.228
105.251
105.278
105.303
105.327
105.348
105.372
105.397
105.421
105.447
105.469
105.493
105.517
105.54
105.566
105.585
105.609
105.632
105.656
105.681
105.702
105.726
105.75
105.771
105.795
105.816
105.842
105.865
105.887
105.906
105.929
105.954
105.974
105.997
106.02
106.042
106.065
106.087
106.111
106.133
106.157
106.18
106.203
106.227
106.25
106.271
106.294
106.318
106.342
106.364
106.387
106.411
106.432
106.454
106.475
106.498
106.52
106.544
106.567
106.591
106.615
106.637
106.66
106.683
106.705
106.725
106.747
106.771
106.793
106.815
106.839
106.86
106.879
106.904
106.923
106.945
106.966
106.987
107.008
107.027
107.051
107.072
107.096
107.118
107.14
107.161
107.185
107.206
107.232
107.254
107.273
107.299
107.322
107.344
107.367
107.389
107.41
107.432
107.453
107.474
107.495
107.516
107.537
107.56
107.583
107.607
107.629
107.647
107.672
107.693
107.715
107.734
107.755
107.779
107.801
107.823
107.843
107.864
107.887
107.909
107.931
107.951
107.972
107.993
108.013
108.033
108.052
108.072
108.094
108.114
108.136
108.157
108.178
108.198
108.22
108.241
108.264
108.286
108.307
108.328
108.348
108.37
108.393
108.415
108.437
108.457
108.476
108.495
108.516
108.537
108.558
108.579
108.6
108.619
108.64
108.661
108.682
108.701
108.722
108.743
108.763
108.783
108.805
108.827
108.847
108.87
108.889
108.91
108.93
108.951
108.971
108.991
109.011
109.031
109.053
109.071
109.092
109.111
109.132
109.15
109.17
109.192
109.212
109.231
109.254
109.273
109.294
109.311
109.33
109.35
109.372
109.391
109.414
109.433
109.452
109.472
109.493
109.513
109.534
109.554
109.573
109.595
109.615
109.635
109.654
109.675
109.693
109.712
109.731
109.751
109.772
109.79
109.811
109.831
109.85
109.869
109.889
109.906
109.926
109.944
109.963
109.981
110.001
110.023
110.043
110.062
110.082
110.102
110.121
110.141
110.161
110.18
110.2
110.221
110.24
110.26
110.28
110.298
110.319
110.34
110.359
110.378
110.398
110.417
110.437
110.458
110.477
110.497
110.516
110.535
110.554
110.573
110.591
110.61
110.629
110.647
110.666
110.686
110.705
110.725
110.743
110.762
110.781
110.802
110.822
110.84
110.86
110.879
110.898
110.915
110.934
110.953
110.973
110.992
111.011
111.03
111.048
111.067
111.086
111.105
111.125
111.142
111.161
111.18
111.198
111.217
111.237
111.256
111.275
111.295
111.315
111.334
111.352
111.37
111.389
111.408
111.429
111.447
111.467
111.486
111.504
111.523
111.542
111.562
111.581
111.599
111.616
111.632
111.651
111.67
111.689
111.708
111.728
111.747
111.765
111.783
111.802
111.822
111.84
111.858
111.879
111.899
111.919
111.939
111.957
111.976
111.995
112.012
112.031
112.049
112.068
112.087
112.107
112.125
112.144
112.161
112.181
112.199
112.216
112.233
112.25
112.27
112.29
112.308
112.326
112.347
112.365
112.383
112.401
112.42
112.437
112.455
112.472
112.489
112.508
112.527
112.548
112.567
112.586
112.603
112.621
112.642
112.661
112.677
112.696
112.716
112.736
112.751
112.769
112.788
112.807
112.825
112.845
112.863
112.881
112.9
112.918
112.935
112.952
112.971
112.988
113.006
113.027
113.045
113.064
113.082
113.1
113.119
113.139
113.158
113.176
113.194
113.214
113.231
113.251
113.272
113.291
113.308
113.327
113.345
113.365
113.382
113.4
113.417
113.435
113.453
113.474
113.491
113.507
113.526
113.542
113.561
113.581
113.599
113.618
113.636
113.654
113.672
113.691
113.71
113.727
113.743
113.763
113.78
113.798
113.814
113.832
113.849
113.866
113.884
113.901
113.918
113.936
113.953
113.972
113.992
114.01
114.028
114.045
114.062
114.081
114.099
114.117
114.136
114.153
114.173
114.191
114.209
114.225
114.244
114.262
114.282
114.299
114.318
114.336
114.355
114.371
114.389
114.408
114.426
114.442
114.459
114.479
114.495
114.514
114.529
114.545
114.562
114.58
114.596
114.613
114.632
114.649
114.666
114.683
114.7
114.719
114.736
114.754
114.772
114.789
114.806
114.823
114.841
114.859
114.876
114.896
114.914
114.932
114.95
114.965
114.982
115
115.019
115.039
115.057
115.076
115.094
115.111
115.127
115.144
115.164
115.18
115.197
115.215
115.234
115.253
115.269
115.286
115.303
115.321
115.338
115.357
115.373
115.39
115.41
115.429
115.444
115.463
115.48
115.497
115.513
115.532
115.55
115.567
115.582
115.599
115.617
115.635
115.654
115.671
115.69
115.708
115.725
115.743
115.76
115.778
115.793
115.813
115.831
115.848
115.866
115.882
115.898
115.915
115.932
115.951
115.966
115.982
116.001
116.018
116.037
116.055
116.072
116.09
116.107
116.127
116.145
116.163
116.18
116.197
116.214
116.231
116.248
116.266
116.285
116.303
116.32
116.338
116.355
116.371
116.389
116.407
116.424
116.446
116.463
116.483
116.505
116.522
116.54
116.557
116.575
116.593
116.61
116.626
116.643
116.66
116.676
116.692
116.708
116.727
116.745
116.764
116.78
116.799
116.817
116.832
116.847
116.866
116.885
116.904
116.92
116.937
116.955
116.973
116.99
117.01
117.028
117.046
117.063
117.08
117.097
117.114
117.13
117.147
117.162
117.18
117.198
117.216
117.233
117.251
117.269
117.287
117.306
117.324
117.342
117.359
117.378
117.396
117.412
117.429
117.446
117.464
117.481
117.498
117.515
117.533
117.549
117.567
117.585
117.604
117.621
117.639
117.656
117.672
117.689
117.707
117.726
117.744
117.76
117.778
117.798
117.817
117.834
117.851
117.87
117.887
117.902
117.922
117.938
117.956
117.974
117.992
118.008
118.024
118.043
118.06
118.077
118.096
118.113
118.13
118.148
118.166
118.183
118.202
118.22
118.236
118.253
118.273
118.291
118.308
118.324
118.345
118.363
118.379
118.397
118.412
118.431
118.45
118.468
118.487
118.506
118.524
118.539
118.558
118.578
118.596
118.614
118.631
118.65
118.667
118.685
118.703
118.722
118.74
118.758
118.777
118.794
118.811
118.828
118.846
118.868
118.888
118.906
118.924
118.943
118.961
118.981
118.998
119.016
119.034
119.055
119.072
119.092
119.109
119.128
119.146
119.164
119.183
119.201
119.218
119.237
119.254
119.273
119.291
119.309
119.326
119.347
119.365
119.384
119.404
119.42
119.44
119.459
119.475
119.493
119.512
119.53
119.546
119.565
119.582
119.601
119.619
119.637
119.654
119.672
119.689
119.708
119.727
119.748
119.768
119.786
119.805
119.824
119.842
119.86
119.877
119.895
119.914
119.931
119.948
119.967
119.983
120.003
120.021
120.04
120.059
120.076
120.095
120.111
120.129
120.147
120.165
120.183
120.202
120.219
120.239
120.258
120.279
120.297
120.315
120.333
120.352
120.37
120.389
120.408
120.428
120.446
120.465
120.484
120.504
120.522
120.541
120.56
120.578
120.596
120.616
120.635
120.654
120.673
120.689
120.707
120.727
120.747
120.765
120.783
120.801
120.818
120.837
120.855
120.873
120.891
120.912
120.93
120.95
120.969
120.987
121.006
121.025
121.044
121.063
121.082
121.1
121.12
121.138
121.154
121.174
121.195
121.215
121.233
121.25
121.269
121.287
121.306
121.325
121.344
121.365
121.383
121.403
121.421
121.44
121.459
121.477
121.497
121.517
121.536
121.554
121.572
121.59
121.607
121.627
121.647
121.665
121.686
121.705
121.725
121.744
121.763
121.784
121.803
121.823
121.841
121.861
121.88
121.899
121.918
121.936
121.955
121.974
121.994
122.013
122.032
122.05
122.067
122.086
122.105
122.125
122.144
122.165
122.182
122.2
122.22
122.241
122.263
122.283
122.302
122.323
122.342
122.362
122.382
122.4
122.418
122.439
122.458
122.478
122.497
122.515
122.534
122.554
122.573
122.593
122.612
122.632
122.654
122.672
122.69
122.709
122.727
122.746
122.766
122.786
122.806
122.826
122.844
122.864
122.882
122.901
122.921
122.939
122.958
122.975
122.994
123.012
123.032
123.051
123.071
123.092
123.112
123.132
123.153
123.17
123.189
123.207
123.226
123.244
123.263
123.282
123.301
123.322
123.342
123.363
123.382
123.399
123.421
123.443
123.463
123.483
123.501
123.523
123.544
123.563
123.583
123.603
123.624
123.643
123.661
123.68
123.699
123.718
123.738
123.758
123.777
123.795
123.814
123.831
123.851
123.871
123.891
123.91
123.929
123.948
123.967
123.986
124.005
124.024
124.043
124.063
124.084
124.104
124.125
124.145
124.165
124.183
124.2
124.218
124.238
124.257
124.276
124.295
124.314
124.333
124.353
124.373
124.394
124.412
124.431
124.451
124.471
124.487
124.508
124.526
124.544
124.563
124.581
124.601
124.62
124.64
124.659
124.678
124.699
124.717
124.738
124.759
124.778
124.795
124.813
124.833
124.852
124.871
124.889
124.906
124.927
124.945
124.965
124.983
125.003
125.025
125.044
125.063
125.084
125.103
125.12
125.14
125.16
125.176
125.198
125.215
125.237
125.256
125.278
125.296
125.316
125.336
125.354
125.374
125.392
125.411
125.431
125.451
125.47
125.488
125.507
125.527
125.546
125.565
125.583
125.601
125.621
125.64
125.66
125.677
125.698
125.718
125.736
125.756
125.776
125.792
125.812
125.83
125.85
125.869
125.89
125.909
125.928
125.948
125.967
125.986
126.004
126.025
126.045
126.064
126.082
126.1
126.121
126.139
126.16
126.18
126.198
126.217
126.237
126.255
126.274
126.294
126.313
126.332
126.352
126.369
126.389
126.407
126.424
126.441
126.461
126.479
126.498
126.516
126.536
126.554
126.574
126.594
126.615
126.632
126.652
126.671
126.691
126.71
126.729
126.748
126.77
126.788
126.809
126.824
126.843
126.859
126.878
126.897
126.915
126.933
126.951
126.969
126.986
127.005
127.022
127.039
127.057
127.075
127.093
127.111
127.129
127.148
127.167
127.186
127.205
127.223
127.24
127.256
127.275
127.292
127.311
127.33
127.347
127.369
127.389
127.41
127.428
127.446
127.465
127.484
127.501
127.52
127.54
127.559
127.578
127.595
127.615
127.631
127.649
127.667
127.686
127.704
127.724
127.742
127.76
127.779
127.798
127.815
127.836
127.855
127.873
127.893
127.91
127.927
127.946
127.965
127.981
127.999
128.018
128.037
128.055
128.072
128.09
128.109
128.128
128.146
128.165
128.186
128.203
128.221
128.237
128.255
128.272
128.288
128.308
128.326
128.344
128.363
128.381
128.402
128.422
128.439
128.456
128.471
128.489
128.508
128.527
128.544
128.562
128.582
128.603
128.622
128.639
128.657
128.676
128.693
128.711
128.729
128.748
128.764
128.781
128.802
128.82
128.836
128.856
128.874
128.889
128.907
128.925
128.941
128.961
128.98
128.997
129.015
129.032
129.05
129.069
129.087
129.105
129.122
129.142
129.16
129.18
129.197
129.217
129.235
129.253
129.273
129.291
129.31
129.328
129.345
129.364
129.381
129.4
129.419
129.44
129.457
129.475
129.49
129.51
129.529
129.548
129.566
129.585
129.602
129.619
129.636
129.655
129.675
129.692
129.711
129.728
129.744
129.763
129.78
129.8
129.818
129.838
129.858
129.877
129.894
129.912
129.93
129.948
129.965
129.984
130.003
130.02
130.038
130.054
130.073
130.092
130.109
130.129
130.148
130.161
130.181
130.199
130.216
130.233
130.249
130.265
130.284
130.302
130.32
130.338
130.354
130.371
130.389
130.408
130.423
130.44
130.459
130.476
130.495
130.511
130.529
130.547
130.565
130.583
130.6
130.617
130.634
130.65
130.667
130.684
130.702
130.718
130.736
130.754
130.772
130.79
130.807
130.824
130.84
130.859
130.876
130.892
130.91
130.928
130.945
130.964
130.981
130.998
131.014
131.031
131.048
131.067
131.085
131.103
131.12
131.138
131.157
131.174
131.191
131.208
131.227
131.245
131.261
131.278
131.297
131.315
131.333
131.349
131.367
131.385
131.401
131.418
131.437
131.453
131.47
131.487
131.505
131.525
131.542
131.561
131.579
131.595
131.611
131.629
131.646
131.663
131.682
131.698
131.715
131.732
131.752
131.767
131.785
131.801
131.818
131.837
131.854
131.872
131.888
131.904
131.92
131.937
131.954
131.97
131.987
132.002
132.022
132.04
132.058
132.077
132.095
132.111
132.129
132.146
132.164
132.181
132.198
132.216
132.233
132.252
132.27
132.287
132.305
132.323
132.341
132.356
132.374
132.392
132.409
132.426
132.443
132.461
132.479
132.496
132.511
132.528
132.546
132.565
132.581
132.597
132.612
132.631
132.648
132.663
132.68
132.697
132.714
132.732
132.747
132.765
132.781
132.798
132.814
132.832
132.849
132.866
132.884
132.901
132.917
132.934
132.952
132.97
132.987
133.005
133.022
133.04
133.058
133.075
133.093
133.11
133.128
133.145
133.163
133.18
133.199
133.218
133.236
133.252
133.271
133.287
133.304
133.323
133.341
133.359
133.375
133.391
133.407
133.421
133.438
133.453
133.472
133.491
133.508
133.525
133.542
133.561
133.577
133.594
133.61
133.627
133.643
133.659
133.679
133.696
133.713
133.729
133.748
133.767
133.786
133.803
133.82
133.838
133.857
133.875
133.891
133.906
133.923
133.941
133.959
133.976
133.994
134.01
134.029
134.044
134.061
134.077
134.095
134.113
134.132
134.149
134.167
134.185
134.204
134.22
134.238
134.257
134.274
134.294
134.312
134.33
134.348
134.366
134.383
134.399
134.416
134.434
134.452
134.471
134.488
134.506
134.523
134.541
134.556
134.573
134.589
134.606
134.623
134.641
134.66
134.677
134.695
134.713
134.729
134.745
134.763
134.78
134.8
134.817
134.836
134.854
134.872
134.89
134.908
134.925
134.943
134.961
134.979
134.996
135.013
135.031
135.049
135.068
135.083
135.101
135.119
135.138
135.157
135.175
135.19
135.208
135.225
135.243
135.26
135.279
135.297
135.314
135.333
135.352
135.372
135.389
135.406
135.422
135.441
135.459
135.479
135.496
135.514
135.532
135.547
135.565
135.583
135.602
135.623
135.64
135.658
135.676
135.693
135.712
135.73
135.75
135.768
135.786
135.803
135.82
135.838
135.856
135.873
135.892
135.91
135.927
135.946
135.964
135.983
136.001
136.019
136.039
136.058
136.074
136.093
136.111
136.129
136.147
136.165
136.185
136.202
136.219
136.239
136.26
136.278
136.296
136.314
136.331
136.348
136.367
136.388
136.405
136.422
136.44
136.458
136.477
136.495
136.514
136.532
136.55
136.566
136.586
136.604
136.624
136.642
136.662
136.679
136.694
136.713
136.733
136.751
136.769
136.788
136.807
136.826
136.847
136.865
136.886
136.906
136.924
136.942
136.961
136.979
136.997
137.013
137.032
137.051
137.069
137.089
137.109
137.128
137.147
137.166
137.183
137.199
137.219
137.235
137.256
137.276
137.294
137.314
137.331
137.349
137.368
137.387
137.407
137.423
137.441
137.462
137.483
137.502
137.518
137.537
137.556
137.571
137.589
137.61
137.628
137.647
137.668
137.688
137.705
137.724
137.741
137.76
137.78
137.798
137.817
137.834
137.856
137.872
137.891
137.909
137.926
137.945
137.965
137.984
138.003
138.024
138.041
138.06
138.079
138.099
138.117
138.136
138.154
138.173
138.192
138.212
138.23
138.249
138.267
138.286
138.304
138.323
138.34
138.357
138.376
138.396
138.416
138.435
138.455
138.475
138.495
138.514
138.531
138.551
138.569
138.588
138.607
138.626
138.646
138.664
138.682
138.702
138.721
138.74
138.758
138.778
138.794
138.813
138.831
138.85
138.868
138.889
138.906
138.925
138.948
138.966
138.986
139.005
139.023
139.042
139.06
139.078
139.098
139.118
139.134
139.154
139.172
139.193
139.214
139.232
139.25
139.269
139.287
139.305
139.324
139.342
139.361
139.381
139.399
139.417
139.437
139.454
139.473
139.49
139.508
139.528
139.547
139.568
139.588
139.605
139.624
139.645
139.662
139.683
139.701
139.721
139.738
139.756
139.776
139.795
139.812
139.831
139.849
139.868
139.883
139.904
139.922
139.941
139.959
139.978
139.997
140.016
140.035
140.053
140.071
140.088
140.105
140.123
140.144
140.164
140.183
140.203
140.22
140.236
140.254
140.273
140.291
140.309
140.329
140.347
140.366
140.386
140.403
140.422
140.438
140.458
140.477
140.495
140.512
140.529
140.546
140.564
140.582
140.6
140.62
140.637
140.655
140.675
140.694
140.713
140.733
140.752
140.772
140.788
140.805
140.822
140.838
140.856
140.874
140.893
140.91
140.928
140.946
140.964
140.981
141
141.018
141.035
141.052
141.071
141.089
141.108
141.126
141.144
141.162
141.18
141.197
141.216
141.234
141.25
141.267
141.285
141.302
141.321
141.339
141.357
141.376
141.395
141.412
141.431
141.448
141.465
141.483
141.503
141.52
141.539
141.557
141.575
141.595
141.614
141.633
141.65
141.67
141.689
141.706
141.728
141.745
141.765
141.783
141.802
141.818
141.836
141.852
141.869
141.887
141.904
141.92
141.936
141.955
141.973
141.99
142.009
142.026
142.045
142.061
142.079
142.096
142.113
142.133
142.15
142.168
142.185
142.204
142.221
142.238
142.257
142.277
142.294
142.311
142.331
142.349
142.367
142.386
142.405
142.424
142.441
142.46
142.477
142.496
142.513
142.53
142.547
142.565
142.583
142.599
142.62
142.639
142.658
142.674
142.693
142.71
142.729
142.747
142.764
142.78
142.798
142.816
142.836
142.852
142.868
142.884
142.901
142.92
142.938
142.955
142.973
142.99
143.005
143.022
143.039
143.056
143.073
143.091
143.109
143.126
143.144
143.162
143.178
143.194
143.212
143.23
143.245
143.263
143.282
143.299
143.315
143.333
143.35
143.369
143.386
143.404
143.421
143.439
143.456
143.472
143.487
143.506
143.525
143.54
143.559
143.575
143.592
143.609
143.626
143.644
143.66
143.679
143.696
143.712
143.728
143.744
143.762
143.78
143.797
143.814
143.832
143.85
143.863
143.879
143.897
143.913
143.932
143.948
143.967
143.983
144.001
144.017
144.034
144.053
144.071
144.087
144.104
144.123
144.14
144.156
144.172
144.187
144.204
144.22
144.237
144.254
144.27
144.285
144.301
144.319
144.336
144.355
144.373
144.39
144.406
144.423
144.44
144.457
144.474
144.491
144.507
144.523
144.539
144.553
144.57
144.587
144.602
144.618
144.634
144.652
144.669
144.685
144.702
144.72
144.737
144.754
144.77
144.787
144.804
144.821
144.839
144.855
144.871
144.888
144.907
144.923
144.94
144.958
144.975
144.992
145.007
145.022
145.037
145.055
145.071
145.087
145.105
145.121
145.138
145.155
145.172
145.188
145.203
145.221
145.237
145.253
145.271
145.288
145.304
145.32
145.336
145.352
145.368
145.386
145.404
145.421
145.436
145.453
145.47
145.485
145.501
145.517
145.535
145.554
145.569
145.586
145.602
145.617
145.634
145.649
145.667
145.685
145.703
145.718
145.734
145.751
145.769
145.784
145.799
145.818
145.836
145.852
145.87
145.889
145.907
145.92
145.935
145.95
145.966
145.98
145.998
146.015
146.032
146.046
146.063
146.082
146.097
146.113
146.13
146.146
146.162
146.178
146.193
146.211
146.227
146.242
146.259
146.274
146.291
146.307
146.322
146.336
146.354
146.37
146.387
146.403
146.419
146.437
146.452
146.467
146.483
146.5
146.515
146.531
146.547
146.563
146.579
146.595
146.612
146.628
146.644
146.658
146.675
146.689
146.703
146.716
146.731
146.746
146.761
146.777
146.791
146.806
146.823
146.839
146.856
146.872
146.889
146.903
146.919
146.936
146.952
146.968
146.984
147
147.016
147.034
147.05
147.065
147.081
147.096
147.112
147.127
147.144
147.162
147.179
147.195
147.209
147.226
147.24
147.256
147.271
147.286
147.301
147.317
147.332
147.346
147.361
147.376
147.393
147.408
147.425
147.442
147.457
147.472
147.488
147.503
147.52
147.537
147.553
147.569
147.583
147.599
147.614
147.631
147.647
147.663
147.677
147.694
147.71
147.725
147.739
147.753
147.769
147.784
147.799
147.813
147.829
147.845
147.859
147.874
147.888
147.903
147.919
147.934
147.949
147.965
147.98
147.996
148.01
148.027
148.042
148.057
148.071
148.086
148.1
148.116
148.129
148.145
148.158
148.173
148.188
148.203
148.219
148.233
148.247
148.261
148.275
148.29
148.306
148.32
148.336
148.352
148.365
148.381
148.396
148.412
148.427
148.441
148.455
148.469
148.483
148.497
148.51
148.525
148.538
148.555
148.57
148.585
148.601
148.613
148.628
148.643
148.66
148.676
148.69
148.706
148.722
148.738
148.752
148.767
148.781
148.797
148.813
148.828
148.842
148.857
148.871
148.885
148.898
148.913
148.928
148.942
148.956
148.971
148.987
149.001
149.016
149.031
149.045
149.059
149.071
149.084
149.098
149.112
149.127
149.14
149.154
149.168
149.184
149.199
149.214
149.229
149.242
149.257
149.269
149.281
149.294
149.306
149.322
149.335
149.348
149.362
149.377
149.392
149.407
149.42
149.434
149.448
149.462
149.475
149.49
149.503
149.517
149.532
149.547
149.561
149.574
149.588
149.603
149.615
149.628
149.643
149.656
149.671
149.684
149.698
149.711
149.725
149.739
149.754
149.769
149.783
149.796
149.809
149.822
149.835
149.848
149.86
149.874
149.888
149.902
149.916
149.928
149.941
149.955
149.968
149.981
149.997
150.01
150.024
150.037
150.051
150.065
150.077
150.091
150.104
150.118
150.132
150.145
150.16
150.174
150.188
150.203
150.216
150.23
150.243
150.258
150.273
150.285
150.298
150.312
150.325
150.339
150.353
150.367
150.38
150.393
150.407
150.419
150.434
150.446
150.461
150.474
150.487
150.502
150.516
150.529
150.544
150.557
150.57
150.582
150.594
150.608
150.622
150.634
150.649
150.662
150.676
150.689
150.704
150.717
150.73
150.744
150.756
150.769
150.782
150.795
150.808
150.821
150.835
150.847
150.862
150.875
150.889
150.901
150.914
150.926
150.94
150.953
150.966
150.98
150.993
151.006
151.022
151.034
151.049
151.064
151.075
151.089
151.102
151.115
151.128
151.142
151.154
151.168
151.182
151.197
151.209
151.221
151.235
151.248
151.26
151.273
151.285
151.298
151.31
151.324
151.338
151.351
151.364
151.377
151.392
151.404
151.417
151.429
151.441
151.455
151.469
151.482
151.495
151.509
151.522
151.536
151.549
151.561
151.573
151.587
151.599
151.612
151.624
151.637
151.649
151.662
151.675
151.688
151.702
151.716
151.729
151.742
151.754
151.769
151.781
151.794
151.809
151.822
151.835
151.848
151.862
151.874
151.888
151.9
151.913
151.926
151.938
151.951
151.965
151.977
151.989
152.002
152.016
152.027
152.04
152.053
152.066
152.079
152.091
152.103
152.115
152.128
152.142
152.156
152.17
152.183
152.198
152.21
152.223
152.237
152.25
152.264
152.276
152.29
152.303
152.316
152.328
152.34
152.354
152.367
152.379
152.391
152.403
152.415
152.429
152.442
152.456
152.468
152.482
152.496
152.509
152.522
152.536
152.548
152.56
152.571
152.584
152.596
152.61
152.623
152.635
152.647
152.661
152.674
152.686
152.699
152.712
152.723
152.738
152.751
152.761
152.775
152.788
152.8
152.812
152.824
152.835
152.848
152.86
152.873
152.885
152.899
152.911
152.925
152.937
152.95
152.962
152.975
152.986
152.998
153.013
153.025
153.037
153.05
153.063
153.076
153.088
153.1
153.111
153.124
153.136
153.148
153.162
153.174
153.185
153.197
153.21
153.222
153.236
153.247
153.259
153.27
153.283
153.295
153.309
153.32
153.332
153.344
153.356
153.37
153.382
153.395
153.408
153.421
153.433
153.445
153.457
153.469
153.482
153.494
153.507
153.52
153.531
153.543
153.555
153.566
153.58
153.594
153.606
153.618
153.63
153.641
153.653
153.666
153.68
153.692
153.705
153.717
153.73
153.742
153.753
153.766
153.778
153.79
153.802
153.815
153.828
153.839
153.851
153.863
153.874
153.887
153.9
153.912
153.926
153.939
153.95
153.963
153.974
153.986
