2
2.5
2.83333
3.33333
3.73333
4.43333
4.76667
5.26667
5.34405
6.75254
8.23206
10.0004
11.903
12.4577
13.6132
14.6158
15.4057
16.0864
16.6782
17.1812
17.6611
18.0464
18.3995
18.7014
18.9713
19.249
19.4889
19.7348
19.9463
20.1592
20.4076
20.5978
20.7702
20.9355
21.1067
21.2852
21.4513
21.5993
21.7389
21.8772
22.0266
22.135
22.2631
22.3925
22.5167
22.6402
22.767
22.8925
23.0044
23.1224
23.2389
23.351
23.4683
23.5751
23.676
23.79
23.8963
23.9926
24.0994
24.1906
24.2905
24.3923
24.4939
24.5803
24.6685
24.754
24.839
24.9213
24.9975
25.0748
25.1483
25.2211
25.2907
25.359
25.4336
25.5063
25.5774
25.6528
25.7168
25.78
25.8447
25.9148
25.9871
26.0492
26.1117
26.1716
26.2335
26.2933
26.3479
26.4016
26.4593
26.5154
26.5701
26.6258
26.6706
26.7233
26.7749
26.8357
26.888
26.9336
26.9817
27.0317
27.0789
27.1275
27.1717
27.2146
27.2599
27.3009
27.3448
27.398
27.4427
27.4903
27.5367
27.5802
27.6256
27.6662
27.7065
27.7469
27.7825
27.8228
27.8641
27.9034
27.9415
27.9853
28.0247
28.0613
28.101
28.1388
28.1753
28.2096
28.2475
28.284
28.3188
28.3551
28.3945
28.4294
28.4667
28.5053
28.5422
28.5777
28.6109
28.6467
28.6826
28.7187
28.7511
28.7847
28.8224
28.8534
28.8859
28.9184
28.9539
28.988
29.0194
29.0499
29.0846
29.1156
29.1473
29.1808
29.2155
29.2481
29.2784
29.3087
29.3407
29.3694
29.4005
29.4345
29.4671
29.4962
29.5281
29.5571
29.5872
29.6159
29.6484
29.6784
29.7074
29.7337
29.7616
29.7949
29.8258
29.8576
29.8882
29.9183
29.9439
29.9726
30.003
30.0308
30.059
30.0861
30.1134
30.1396
30.165
30.1968
30.2249
30.2556
30.2812
30.3071
30.3335
30.3645
30.3908
30.4163
30.4408
30.4664
30.4936
30.5192
30.5445
30.5667
30.5893
30.6095
30.6349
30.6574
30.6823
30.7074
30.7331
30.7575
30.7841
30.8071
30.8315
30.8547
30.8781
30.8982
30.9212
30.9458
30.969
30.9902
31.0141
31.037
31.0577
31.0812
31.1025
31.1241
31.1483
31.1718
31.1938
31.2149
31.2358
31.2569
31.2782
31.2992
31.3214
31.3412
31.3648
31.3879
31.4092
31.4316
31.4508
31.4716
31.4914
31.5126
31.5325
31.552
31.5715
31.5906
31.6128
31.6355
31.659
31.6785
31.6978
31.7194
31.7438
31.7656
31.7864
31.8063
31.8273
31.8487
31.8669
31.8872
31.9078
31.929
31.9479
31.969
31.9878
32.0074
32.0261
32.0463
32.065
32.0858
32.1059
32.1241
32.1433
32.1656
32.1824
32.2024
32.2205
32.2379
32.2554
32.2754
32.2938
32.3164
32.3343
32.3551
32.374
32.3922
32.4085
32.4278
32.4478
32.4654
32.4833
32.501
32.517
32.5336
32.5508
32.5695
32.5869
32.605
32.6204
32.637
32.6571
32.6772
32.6944
32.7123
32.731
32.7473
32.7637
32.7824
32.8012
32.8187
32.8353
32.8526
32.8727
32.8902
32.906
32.9225
32.9405
32.9575
32.9729
32.9902
33.0064
33.0221
33.0383
33.0529
33.0696
33.0884
33.1064
33.1237
33.1394
33.1567
33.1742
33.1936
33.211
33.2269
33.2434
33.2594
33.2747
33.2911
33.3076
33.3258
33.342
33.3596
33.3771
33.3926
33.4076
33.4251
33.44
33.4552
33.4699
33.486
33.5009
33.5161
33.5325
33.5489
33.5642
33.5798
33.5941
33.6086
33.6239
33.6394
33.6533
33.6691
33.6827
33.6983
33.7145
33.7305
33.7454
33.7601
33.7754
33.79
33.8034
33.8183
33.833
33.8494
33.8645
33.8788
33.8939
33.9086
33.9225
33.9366
33.9504
33.9668
33.9817
33.9959
34.0109
34.0262
34.0415
34.054
34.0701
34.0847
34.0991
34.114
34.1283
34.1442
34.1584
34.172
34.1856
34.1987
34.2138
34.2287
34.2426
34.2569
34.2703
34.2847
34.2978
34.3111
34.3249
34.3387
34.3525
34.366
34.3791
34.3947
34.4081
34.4224
34.4353
34.4477
34.4621
34.4753
34.4877
34.501
34.516
34.5304
34.544
34.5561
34.5695
34.5828
34.5961
34.6088
34.6222
34.6362
34.6475
34.6607
34.6742
34.6874
34.7012
34.7143
34.7277
34.7414
34.7545
34.7689
34.7827
34.7949
34.8075
34.8194
34.8327
34.8465
34.8599
34.8723
34.8844
34.8967
34.9087
34.9198
34.9338
34.9466
34.9585
34.9717
34.9867
34.9992
35.0116
35.0237
35.0373
35.049
35.0629
35.0732
35.088
35.0994
35.1125
35.1252
35.1374
35.1498
35.1618
35.1741
35.1867
35.1992
35.2123
35.2241
35.2364
35.2474
35.2583
35.2695
35.2827
35.2965
35.3086
35.3219
35.3331
35.3445
35.3576
35.3706
35.3827
35.3944
35.4055
35.418
35.4301
35.441
35.4546
35.4659
35.4768
35.4883
35.5013
35.5127
35.5243
35.536
35.5461
35.5575
35.5684
35.5789
35.59
35.5999
35.6119
35.6227
35.6341
35.6459
35.6568
35.6691
35.68
35.6912
35.7022
35.7128
35.7253
35.7367
35.7477
35.7592
35.7718
35.7818
35.7924
35.8037
35.8149
35.8258
35.8384
35.8482
35.8596
35.8715
35.8825
35.8933
35.9056
35.9172
35.9288
35.9406
35.9516
35.9629
35.9744
35.9841
35.9961
36.007
36.0171
36.0279
36.0375
36.0488
36.0595
36.0705
36.0809
36.0911
36.1016
36.1122
36.1227
36.1338
36.1456
36.1565
36.1682
36.1795
36.1893
36.2006
36.2119
36.2227
36.2342
36.2449
36.2557
36.2651
36.2764
36.2873
36.2979
36.3075
36.3178
36.3291
36.3389
36.3499
36.36
36.3712
36.38
36.3898
36.3984
36.4079
36.4177
36.4271
36.4377
36.4472
36.4585
36.469
36.4779
36.4877
36.4982
36.5109
36.5215
36.5319
36.5422
36.5532
36.5632
36.5733
36.5842
36.5942
36.6043
36.6151
36.6264
36.636
36.6456
36.6571
36.6674
36.6774
36.6864
36.6963
36.7064
36.7157
36.725
36.7348
36.7448
36.7535
36.7641
36.7738
36.7841
36.794
36.8039
36.8135
36.8225
36.833
36.8414
36.8517
36.8611
36.8709
36.8801
36.89
36.8984
36.9088
36.9184
36.9279
36.9366
36.9459
36.9556
36.9649
36.9743
36.9841
36.9941
37.0044
37.014
37.0257
37.0351
37.0456
37.0556
37.065
37.0752
37.0833
37.0929
37.1021
37.1112
37.1203
37.1281
37.1383
37.1474
37.1577
37.1662
37.1757
37.1852
37.1948
37.2047
37.2135
37.2229
37.2324
37.2412
37.2509
37.2607
37.2695
37.2776
37.2863
37.2959
37.3049
37.3144
37.3228
37.3323
37.3404
37.3478
37.3567
37.3661
37.3751
37.3844
37.3935
37.4025
37.4112
37.4197
37.4284
37.4372
37.4462
37.4552
37.4646
37.4736
37.4824
37.4911
37.5016
37.5095
37.5178
37.5263
37.536
37.5451
37.5542
37.5623
37.5707
37.5801
37.5886
37.5983
37.6062
37.6145
37.623
37.6315
37.6399
37.6481
37.6557
37.6641
37.6737
37.6823
37.6913
37.6996
37.7087
37.7166
37.7245
37.733
37.7406
37.7498
37.7589
37.7671
37.7767
37.7844
37.794
37.8025
37.8117
37.8192
37.8269
37.8355
37.8448
37.8522
37.8613
37.8698
37.8788
37.8861
37.8947
37.9024
37.9102
37.918
37.9266
37.935
37.9426
37.9506
37.958
37.9662
37.9738
37.9813
37.9915
37.9985
38.0069
38.0155
38.0234
38.0321
38.0402
38.0483
38.0575
38.0665
38.0759
38.0832
38.0913
38.099
38.1068
38.1147
38.1236
38.1317
38.1409
38.1492
38.1573
38.1655
38.1731
38.182
38.1897
38.1974
38.2054
38.2134
38.2207
38.2284
38.2359
38.2438
38.2519
38.2596
38.2674
38.2755
38.2832
38.2903
38.2982
38.3058
38.3135
38.3214
38.33
38.3375
38.3452
38.3532
38.3609
38.3685
38.3767
38.3834
38.392
38.3994
38.4081
38.4164
38.4246
38.4322
38.44
38.4483
38.4562
38.4636
38.471
38.4784
38.4864
38.4941
38.5021
38.5101
38.5182
38.5254
38.5331
38.5402
38.5482
38.5564
38.5644
38.5717
38.579
38.5863
38.5931
38.6014
38.6097
38.6172
38.6246
38.6315
38.6398
38.6472
38.6552
38.6624
38.6696
38.677
38.6848
38.6928
38.7005
38.7089
38.7165
38.7241
38.7316
38.7399
38.748
38.7555
38.7632
38.77
38.7773
38.7843
38.7921
38.7993
38.8068
38.815
38.8224
38.8294
38.8362
38.8425
38.8494
38.8569
38.8635
38.8713
38.879
38.8865
38.8941
38.9007
38.9072
38.9139
38.9203
38.9275
38.9342
38.9421
38.9488
38.9558
38.9629
38.9699
38.977
38.9838
38.9912
38.9976
39.0054
39.0126
39.0195
39.0271
39.033
39.0405
39.0481
39.0554
39.0629
39.0702
39.0772
39.0847
39.0926
39.0998
39.1071
39.113
39.1196
39.127
39.1336
39.1406
39.1479
39.154
39.1617
39.1687
39.1757
39.1817
39.1888
39.1957
39.203
39.21
39.2177
39.2247
39.2326
39.2395
39.246
39.2534
39.2603
39.2665
39.2729
39.2795
39.2854
39.2922
39.2988
39.3058
39.3119
39.3191
39.3257
39.3323
39.3392
39.3477
39.3549
39.362
39.3691
39.3772
39.3838
39.3918
39.3985
39.4051
39.4116
39.4192
39.4264
39.433
39.4398
39.4475
39.4537
39.4606
39.4677
39.4746
39.4816
39.4879
39.4941
39.5006
39.5075
39.5147
39.521
39.5274
39.5338
39.5409
39.5472
39.5541
39.5616
39.5689
39.5759
39.5831
39.5909
39.5984
39.6047
39.611
39.6181
39.6241
39.631
39.638
39.645
39.6517
39.6579
39.6644
39.6704
39.6765
39.6837
39.69
39.6968
39.7032
39.7096
39.7155
39.7218
39.728
39.7341
39.7408
39.7481
39.7542
39.7606
39.7674
39.7734
39.7792
39.7854
39.7918
39.7992
39.8058
39.8128
39.8195
39.8255
39.8318
39.8385
39.8459
39.8521
39.8588
39.8652
39.871
39.8773
39.8829
39.8889
39.8948
39.9013
39.9078
39.9142
39.9207
39.9276
39.9329
39.9392
39.946
39.952
39.9582
39.9639
39.9701
39.9771
39.9837
39.9903
39.9963
40.0027
40.0092
40.0149
40.0211
40.0273
40.0337
40.0397
40.0465
40.0527
40.0589
40.0653
40.0727
40.0793
40.0865
40.093
40.0996
40.1063
40.1122
40.1185
40.1248
40.1311
40.1375
40.1436
40.1499
40.1561
40.1619
40.1677
40.1735
40.1792
40.1847
40.1917
40.1982
40.2042
40.2101
40.216
40.2223
40.2283
40.2341
40.2397
40.2456
40.2516
40.2582
40.2648
40.2716
40.2773
40.2829
40.2889
40.2944
40.3001
40.3072
40.3134
40.3202
40.3259
40.3321
40.3386
40.344
40.3503
40.3567
40.3635
40.3695
40.3761
40.3822
40.3889
40.3949
40.4007
40.4068
40.4127
40.4183
40.4232
40.4288
40.435
40.4417
40.4483
40.4544
40.4608
40.4666
40.4723
40.4781
40.4839
40.4895
40.4958
40.5019
40.5084
40.5143
40.5201
40.5259
40.5317
40.5378
40.5436
40.5503
40.5563
40.562
40.5675
40.5731
40.5779
40.5834
40.589
40.5949
40.6012
40.6072
40.6128
40.6193
40.6256
40.632
40.6374
40.6431
40.6487
40.6549
40.6603
40.6668
40.6722
40.6782
40.6838
40.69
40.6959
40.7018
40.7076
40.7133
40.7192
40.7245
40.7303
40.7363
40.7418
40.7475
40.7536
40.759
40.7647
40.7702
40.776
40.7824
40.7876
40.7935
40.7997
40.8058
40.8117
40.8173
40.8228
40.8281
40.8338
40.8397
40.8456
40.851
40.8573
40.8626
40.8683
40.8739
40.8796
40.8855
40.8915
40.8974
40.9037
40.9094
40.9155
40.9215
40.9276
40.933
40.9389
40.9448
40.9505
40.9554
40.9606
40.9654
40.9713
40.977
40.9827
40.9883
40.9942
40.9999
41.0053
41.011
41.0171
41.0229
41.0278
41.0334
41.0385
41.0442
41.0494
41.056
41.062
41.0676
41.0733
41.0788
41.0839
41.0896
41.0949
41.1002
41.1052
41.1107
41.1162
41.1218
41.1273
41.1326
41.1375
41.1431
41.148
41.1529
41.159
41.1649
41.1694
41.1747
41.1803
41.1855
41.1906
41.1968
41.2024
41.2076
41.2129
41.2183
41.2235
41.2287
41.2337
41.239
41.2443
41.2496
41.2546
41.2603
41.2658
41.2719
41.2773
41.2824
41.2885
41.2942
41.2994
41.3044
41.3102
41.3159
41.3216
41.3269
41.3324
41.3376
41.3427
41.348
41.3535
41.3586
41.3633
41.3683
41.3735
41.3795
41.3851
41.3906
41.3959
41.4017
41.4067
41.4116
41.4173
41.4228
41.4279
41.4329
41.4381
41.4434
41.4499
41.4548
41.4599
41.4647
41.4697
41.4746
41.4791
41.4846
41.4901
41.4955
41.5007
41.5062
41.5114
41.5175
41.5226
41.5274
41.5325
41.5379
41.5434
41.5482
41.5541
41.5595
41.5647
41.5705
41.5751
41.58
41.5857
41.5904
41.5953
41.6007
41.6058
41.6115
41.6168
41.6218
41.6274
41.6329
41.6382
41.6435
41.6487
41.6546
41.6605
41.6662
41.6711
41.6759
41.6808
41.686
41.6906
41.6963
41.7008
41.7066
41.7119
41.717
41.7229
41.7287
41.7341
41.7393
41.7448
41.7502
41.755
41.7602
41.7653
41.7701
41.7758
41.7808
41.7862
41.7914
41.7961
41.8013
41.8066
41.8112
41.816
41.8211
41.8261
41.8316
41.8362
41.8408
41.846
41.851
41.8563
41.8612
41.867
41.8723
41.8776
41.8829
41.8879
41.8932
41.8984
41.9033
41.9088
41.9136
41.9185
41.9237
41.9293
41.9342
41.9386
41.9437
41.9487
41.954
41.9605
41.9656
41.9706
41.9754
41.9816
41.9868
41.9916
41.9967
42.0019
42.0067
42.0122
42.0168
42.0215
42.0265
42.0314
42.0367
42.0422
42.0471
42.0523
42.0577
42.0623
42.0679
42.0726
42.0773
42.0824
42.0874
42.0925
42.0973
42.1022
42.1083
42.1132
42.1186
42.1239
42.129
42.1333
42.1381
42.143
42.1483
42.153
42.158
42.1624
42.1673
42.1717
42.1762
42.1812
42.1858
42.1907
42.1957
42.201
42.2056
42.2108
42.2157
42.2203
42.2257
42.2311
42.236
42.2407
42.2458
42.2509
42.2557
42.2603
42.2649
42.2695
42.2737
42.279
42.2837
42.2886
42.2935
42.2981
42.3029
42.3072
42.3123
42.3173
42.3223
42.3275
42.3331
42.338
42.3432
42.348
42.3527
42.3575
42.3623
42.3672
42.3711
42.3763
42.3806
42.3853
42.3901
42.3947
42.3996
42.4045
42.4103
42.4147
42.4188
42.4242
42.4288
42.4343
42.4395
42.4439
42.4489
42.4542
42.4591
42.4632
42.4676
42.4719
42.4763
42.4806
42.4855
42.4903
42.4947
42.4992
42.5039
42.5094
42.5142
42.5186
42.5233
42.528
42.5333
42.5377
42.5426
42.5476
42.5519
42.5568
42.5618
42.5668
42.571
42.5759
42.5807
42.5856
42.5902
42.5949
42.6
42.6046
42.6099
42.6144
42.6196
42.6242
42.6289
42.6338
42.6384
42.6433
42.6479
42.6523
42.6571
42.6619
42.6664
42.6709
42.6763
42.6812
42.6861
42.6906
42.695
42.6991
42.7042
42.7085
42.7133
42.7183
42.7226
42.7271
42.7314
42.7366
42.7409
42.7456
42.75
42.755
42.7594
42.7641
42.768
42.7727
42.7777
42.7823
42.7872
42.7918
42.7965
42.8015
42.8073
42.8117
42.8168
42.8217
42.826
42.831
42.8365
42.8404
42.8448
42.8495
42.8541
42.8588
42.8638
42.8685
42.8736
42.8784
42.883
42.888
42.8925
42.8973
42.9019
42.9067
42.9116
42.9165
42.9205
42.9248
42.9296
42.9344
42.9392
42.9439
42.9489
42.9533
42.9582
42.9625
42.9674
42.9721
42.976
42.9808
42.9855
42.9896
42.995
42.9996
43.0043
43.0086
43.0134
43.0181
43.0231
43.0281
43.0327
43.0373
43.0412
43.0456
43.0495
43.0545
43.0592
43.0634
43.0677
43.0724
43.0769
43.0812
43.0859
43.0907
43.0956
43.1
43.1043
43.1087
43.1133
43.1185
43.1232
43.1273
43.1316
43.1361
43.1407
43.1454
43.15
43.1547
43.1591
43.1632
43.1679
43.1722
43.1771
43.1817
43.1859
43.191
43.1956
43.2002
43.2043
43.209
43.2129
43.2174
43.2221
43.2265
43.2313
43.2355
43.24
43.2441
43.249
43.2529
43.2575
43.2624
43.2666
43.2716
43.2763
43.2811
43.2857
43.2905
43.2953
43.2997
43.3039
43.3083
43.3129
43.3176
43.3216
43.3265
43.3314
43.3359
43.3401
43.3446
43.3488
43.353
43.3574
43.3622
43.3662
43.3707
43.3755
43.3799
43.3844
43.3887
43.3933
43.3972
43.4019
43.4064
43.4106
43.4145
43.4195
43.4242
43.4286
43.4332
43.4382
43.4424
43.4469
43.4514
43.4556
43.4599
43.4645
43.4684
43.4733
43.4782
43.4824
43.4868
43.4913
43.4956
43.4997
43.5044
43.5089
43.5138
43.5183
43.5223
43.5269
43.5312
43.5357
43.5401
43.5445
43.5491
43.5537
43.5578
43.5625
43.5667
43.5711
43.5751
43.5789
43.5828
43.5873
43.5925
43.5971
43.6013
43.6053
43.6101
43.6141
43.6185
43.6226
43.6278
43.6321
43.6366
43.6407
43.645
43.6497
43.6544
43.6588
43.6628
43.6673
43.6714
43.6763
43.6802
43.6844
43.689
43.6937
43.6986
43.7025
43.7074
43.7117
43.7161
43.72
43.7242
43.7289
43.7335
43.7386
43.7431
43.7478
43.752
43.7564
43.761
43.7655
43.7697
43.7743
43.7788
43.7831
43.7876
43.7917
43.7961
43.801
43.8058
43.8102
43.8145
43.8191
43.8233
43.8274
43.8321
43.8364
43.8408
43.8456
43.8498
43.8541
43.8583
43.862
43.8663
43.8714
43.8761
43.8803
43.8844
43.8884
43.8933
43.8976
43.9021
43.9065
43.9109
43.9152
43.9192
43.9236
43.9277
43.9319
43.9361
43.9411
43.9453
43.9505
43.9548
43.959
43.9632
43.9674
43.9717
43.9759
43.9803
43.9846
43.9894
43.994
43.9985
44.0029
44.0071
44.0112
44.016
44.0202
44.0246
44.0292
44.034
44.0378
44.0419
44.0468
44.0508
44.055
44.0595
44.0639
44.068
44.0719
44.0759
44.0805
44.0849
44.089
44.0931
44.0974
44.1016
44.1063
44.1105
44.1144
44.1189
44.1231
44.1278
44.1322
44.1362
44.1403
44.1444
44.1487
44.1534
44.1574
44.1616
44.1663
44.1706
44.1752
44.1798
44.184
44.1884
44.1924
44.1965
44.2007
44.2046
44.2097
44.2139
44.2181
44.2229
44.2276
44.2321
44.2362
44.2403
44.2443
44.2488
44.2539
44.2584
44.2631
44.267
44.2716
44.2758
44.2802
44.2838
44.2882
44.2923
44.2967
44.3013
44.3059
44.3097
44.3141
44.3184
44.3227
44.3266
44.3313
44.3359
44.3403
44.3443
44.3483
44.3525
44.3571
44.3612
44.3654
44.37
44.3743
44.3785
44.3827
44.3871
44.3917
44.3966
44.4009
44.4053
44.4094
44.4139
44.4181
44.4231
44.4269
44.4308
44.4346
44.4388
44.4434
44.448
44.4523
44.4567
44.4607
44.4647
44.4686
44.4727
44.4773
44.4816
44.4854
44.4896
44.4946
44.4988
44.5032
44.5079
44.5118
44.516
44.5202
44.5247
44.5291
44.5338
44.5379
44.5424
44.5472
44.5515
44.5556
44.5596
44.5635
44.5675
44.5715
44.5759
44.5808
44.585
44.5887
44.5924
44.5965
44.6006
44.6049
44.6087
44.6126
44.6171
44.6214
44.6258
44.6297
44.634
44.6383
44.6423
44.6464
44.6509
44.6552
44.6589
44.6634
44.6675
44.6713
44.6753
44.6797
44.6838
44.6877
44.6921
44.6962
44.6999
44.7034
44.708
44.712
44.7164
44.7207
44.7249
44.7289
44.733
44.7364
44.7408
44.7448
44.7489
44.7531
44.7573
44.7614
44.7653
44.7694
44.7734
44.7776
44.782
44.7859
44.79
44.7939
44.798
44.8023
44.8066
44.8102
44.8143
44.8185
44.8226
44.8272
44.8318
44.8362
44.8404
44.8448
44.8489
44.853
44.8571
44.8612
44.8657
44.87
44.8741
44.8781
44.8825
44.8864
44.8906
44.8947
44.8985
44.9026
44.9066
44.9108
44.9142
44.9185
44.9223
44.9261
44.9301
44.9344
44.9387
44.9433
44.9475
44.9516
44.9557
44.9595
44.9639
44.968
44.9721
44.9763
44.9803
44.9845
44.9883
44.9919
44.9963
45.0001
45.004
45.0081
45.0115
45.0156
45.0194
45.0231
45.0274
45.0317
45.0359
45.0397
45.0439
45.0475
45.0515
45.0557
45.0594
45.0633
45.0675
45.0716
45.0755
45.0798
45.0841
45.0879
45.092
45.0958
45.1
45.1041
45.1082
45.1123
45.1162
45.1201
45.1238
45.1281
45.1321
45.1364
45.1404
45.145
45.1491
45.153
45.157
45.1614
45.1658
45.1699
45.1743
45.1783
45.1821
45.186
45.1898
45.1944
45.1981
45.2022
45.2062
45.2104
45.2146
45.2183
45.2227
45.2271
45.2315
45.2354
45.2395
45.2434
45.2479
45.2521
45.2566
45.2609
45.2647
45.2684
45.2728
45.2768
45.2806
45.2848
45.2889
45.2933
45.2975
45.3019
45.3064
45.3104
45.3144
45.3182
45.3221
45.3262
45.3305
45.3347
45.3389
45.343
45.3472
45.3517
45.3561
45.3594
45.3635
45.368
45.3721
45.3761
45.3796
45.3843
45.3883
45.3921
45.3956
45.3998
45.4043
45.4087
45.4138
45.4186
45.4227
45.4271
45.4308
45.4346
45.4388
45.4431
45.4471
45.4512
45.4558
45.4599
45.4641
45.4679
45.4718
45.4761
45.4805
45.4848
45.4891
45.4935
45.4974
45.5021
45.5063
45.5101
45.5141
45.5181
45.5221
45.5265
45.5302
45.5345
45.5384
45.5427
45.5463
45.5499
45.5547
45.5587
45.5629
45.5675
45.5718
45.5759
45.5797
45.5835
45.5878
45.5924
45.5964
45.6001
45.604
45.608
45.6124
45.6165
45.6205
45.6244
45.6284
45.6323
45.6366
45.6408
45.6451
45.6492
45.6537
45.6579
45.6618
45.6661
45.6704
45.6742
45.6782
45.682
45.6858
45.6899
45.6942
45.6979
45.7021
45.7065
45.7107
45.7147
45.7186
45.7228
45.7268
45.7302
45.7341
45.7379
45.7419
45.7459
45.7502
45.754
45.7583
45.7623
45.766
45.7695
45.7734
45.7777
45.7818
45.7858
45.7901
45.7941
45.7984
45.8024
45.8066
45.8105
45.8144
45.8187
45.8229
45.8269
45.8309
45.8351
45.8388
45.8427
45.8472
45.8506
45.8541
45.8577
45.8617
45.8654
45.8699
45.8743
45.8783
45.8827
45.8869
45.8904
45.8944
45.8981
45.9022
45.9067
45.9106
45.9151
45.9197
45.9238
45.9281
45.9328
45.9372
45.9412
45.9449
45.9492
45.9532
45.9573
45.9612
45.9655
45.9699
45.9747
45.9787
45.9827
45.9866
45.9906
45.9949
45.9987
46.0029
46.0073
46.0111
46.0152
46.02
46.0239
46.0279
46.0323
46.0363
46.0401
46.0441
46.0484
46.0524
46.0564
46.061
46.0652
46.0691
46.0733
46.0769
46.0809
46.085
46.089
46.093
46.0972
46.1014
46.1054
46.1093
46.1137
46.1177
46.122
46.1263
46.1299
46.1339
46.1372
46.1415
46.1455
46.1498
46.154
46.1582
46.1624
46.1668
46.171
46.1753
46.1797
46.1835
46.1877
46.1918
46.1961
46.2003
46.2037
46.208
46.2123
46.2162
46.2204
46.2244
46.2285
46.2321
46.2363
46.2409
46.2451
46.2495
46.2535
46.2569
46.2611
46.2658
46.2698
46.2738
46.278
46.2826
46.287
46.2913
46.2949
46.299
46.303
46.3076
46.3121
46.316
46.3202
46.3244
46.3285
46.333
46.3373
46.3409
46.3452
46.3495
46.3539
46.3582
46.3627
46.3668
46.3707
46.375
46.3789
46.3826
46.3864
46.3911
46.3951
46.3995
46.4036
46.4068
46.4106
46.4145
46.4186
46.4219
46.4257
46.4294
46.4335
46.4374
46.4413
46.4451
46.4486
46.4524
46.4566
46.4601
46.4641
46.4684
46.4722
46.4765
46.4804
46.4846
46.4884
46.4928
46.4968
46.5006
46.5043
46.5083
46.513
46.5168
46.5209
46.5253
46.5289
46.5327
46.5369
46.541
46.5458
46.5499
46.5542
46.5579
46.5618
46.5654
46.5691
46.5732
46.5773
46.5812
46.585
46.5889
46.5931
46.5978
46.6017
46.6059
46.6099
46.6138
46.6177
46.6215
46.6256
46.6299
46.6336
46.6376
46.6415
46.6458
46.65
46.6542
46.6581
46.662
46.6662
46.6698
46.6736
46.6772
46.6811
46.6858
46.6901
46.6942
46.6983
46.7019
46.7058
46.7099
46.7145
46.7188
46.7228
46.7266
46.7306
46.7348
46.7391
46.7434
46.7472
46.7515
46.7557
46.7598
46.7632
46.7672
46.7714
46.7758
46.7797
46.7838
46.7877
46.7917
46.796
46.8004
46.8045
46.8083
46.8116
46.8156
46.8199
46.8243
46.8282
46.832
46.836
46.8401
46.8441
46.848
46.8513
46.8552
46.8595
46.8632
46.8671
46.8708
46.8751
46.8792
46.8832
46.8871
46.8913
46.8956
46.8996
46.9034
46.9073
46.9112
46.9152
46.9186
46.9224
46.9267
46.9308
46.9351
46.9392
46.9433
46.9474
46.9511
46.9549
46.9592
46.9631
46.967
46.9708
46.975
46.9786
46.983
46.9872
46.9908
46.9948
46.9988
47.0031
47.0073
47.0113
47.0151
47.0189
47.0233
47.0278
47.0319
47.0358
47.0394
47.0436
47.0483
47.0523
47.0561
47.0602
47.0645
47.0687
47.0726
47.0768
47.081
47.0849
47.0892
47.0932
47.0971
47.1017
47.1057
47.1101
47.1138
47.118
47.1221
47.126
47.1304
47.1353
47.1393
47.1434
47.1481
47.1519
47.1561
47.1604
47.1643
47.1685
47.1724
47.1765
47.1803
47.1849
47.189
47.1929
47.1967
47.2004
47.204
47.2085
47.2129
47.217
47.2214
47.2257
47.2295
47.2335
47.2377
47.2417
47.2457
47.2498
47.2545
47.2584
47.2624
47.2667
47.2712
47.2744
47.2783
47.2827
47.2869
47.291
47.2948
47.2988
47.3024
47.3073
47.3117
47.3153
47.3191
47.323
47.3271
47.3312
47.3352
47.3388
47.3428
47.3468
47.3512
47.3556
47.3599
47.3633
47.3673
47.3714
47.3754
47.3799
47.3838
47.3879
47.3922
47.3964
47.4008
47.4046
47.4091
47.4137
47.4177
47.4219
47.4255
47.4295
47.4334
47.4375
47.4417
47.4456
47.4498
47.4541
47.4581
47.4621
47.466
47.4704
47.4744
47.4789
47.4826
47.486
47.4903
47.4949
47.499
47.503
47.5067
47.5107
47.5148
47.5189
47.5228
47.5269
47.531
47.5349
47.5392
47.5434
47.5476
47.5517
47.5559
47.5599
47.564
47.5682
47.5725
47.5771
47.5811
47.5855
47.5894
47.5933
47.5973
47.6018
47.6068
47.6108
47.6151
47.6193
47.6236
47.628
47.6318
47.6364
47.6405
47.6443
47.6486
47.6524
47.6563
47.6604
47.6653
47.6698
47.6738
47.6779
47.6824
47.6865
47.6909
47.695
47.6993
47.7036
47.7078
47.7113
47.715
47.7194
47.724
47.7282
47.7328
47.737
47.7415
47.7454
47.7499
47.7544
47.7586
47.7627
47.7664
47.77
47.7745
47.7787
47.7827
47.7869
47.7914
47.7957
47.8
47.8045
47.8085
47.8126
47.8174
47.8212
47.8251
47.8295
47.8334
47.8375
47.8416
47.8455
47.8494
47.8535
47.8575
47.8613
47.8655
47.87
47.8747
47.8794
47.8831
47.8872
47.892
47.8959
47.9005
47.9049
47.9095
47.9136
47.9177
47.9218
47.9261
47.93
47.934
47.9384
47.9424
47.9465
47.9503
47.9545
47.9591
47.9632
47.9672
47.9716
47.9757
47.98
47.9836
47.9877
47.9924
47.9967
48.001
48.005
48.0088
48.0132
48.0173
48.0214
48.0258
48.0298
48.0344
48.0387
48.043
48.0472
48.0513
48.0555
48.0604
48.0645
48.0685
48.0725
48.0762
48.08
48.084
48.0879
48.0916
48.0956
48.0999
48.1048
48.1091
48.1135
48.1174
48.1216
48.1261
48.1307
48.1347
48.1389
48.1434
48.148
48.1515
48.1558
48.16
48.165
48.1694
48.1742
48.1786
48.1827
48.187
48.191
48.195
48.1992
48.2037
48.2079
48.2124
48.2167
48.2208
48.2243
48.2292
48.2328
48.2374
48.2418
48.2457
48.2499
48.2542
48.2581
48.2623
48.2671
48.2708
48.2754
48.2803
48.2845
48.2889
48.2929
48.2973
48.3017
48.3062
48.3099
48.3146
48.3189
48.3233
48.3273
48.3314
48.336
48.3402
48.3441
48.348
48.3518
48.3563
48.3612
48.3663
48.3705
48.3743
48.3781
48.3819
48.3865
48.3904
48.3949
48.3994
48.4035
48.4073
48.4115
48.415
48.4199
48.4245
48.4286
48.433
48.4377
48.4422
48.4471
48.4517
48.4562
48.4606
48.465
48.469
48.4732
48.4772
48.4818
48.4852
48.4893
48.4937
48.4982
48.5028
48.5069
48.5118
48.5157
48.5201
48.5244
48.5291
48.5336
48.5385
48.5431
48.5481
48.5518
48.5567
48.5612
48.5657
48.5699
48.5742
48.5782
48.582
48.5856
48.5896
48.5936
48.5975
48.6023
48.6064
48.6105
48.6146
48.6191
48.623
48.6272
48.6314
48.6359
48.64
48.6443
48.6487
48.6527
48.6565
48.6607
48.6654
48.6698
48.6739
48.6778
48.6817
48.6855
48.6898
48.6941
48.6982
48.7028
48.7072
48.7117
48.7165
48.7209
48.7244
48.7288
48.7327
48.7373
48.7413
48.7455
48.7497
48.7544
48.7591
48.7637
48.7682
48.7722
48.7765
48.7803
48.7846
48.7885
48.7929
48.7972
48.8016
48.806
48.8103
48.8152
48.8194
48.8236
48.8284
48.8332
48.8378
48.8426
48.8466
48.8513
48.8554
48.8596
48.8637
48.8681
48.8721
48.8764
48.8811
48.8858
48.8898
48.8939
48.8982
48.9023
48.9071
48.9116
48.9153
48.9195
48.9243
48.9292
48.9336
48.9376
48.9426
48.9466
48.951
48.955
48.9591
48.9636
48.9684
48.9727
48.9771
48.9814
48.9859
48.9903
48.9948
48.9991
49.0039
49.0084
49.0133
49.0179
49.0221
49.0269
49.0315
49.036
49.0401
49.0448
49.0488
49.0536
49.0583
49.063
49.0674
49.0719
49.0764
49.0814
49.0855
49.0903
49.0947
49.0993
49.1035
49.108
49.1125
49.117
49.1215
49.126
49.1306
49.1351
49.1394
49.1438
49.1482
49.1525
49.1565
49.161
49.1657
49.1707
49.1753
49.1795
49.1842
49.1891
49.1939
49.1983
49.2026
49.2069
49.2117
49.2168
49.2216
49.2265
49.2313
49.2358
49.2406
49.245
49.2498
49.2548
49.2589
49.2634
49.2679
49.2724
49.2765
49.2808
49.2854
49.2899
49.2945
49.2993
49.3042
49.309
49.3139
49.3185
49.323
49.3277
49.3325
49.3368
49.3415
49.3462
49.351
49.3553
49.3606
49.3646
49.3689
49.3734
49.3777
49.3824
49.3869
49.3917
49.3958
49.4001
49.4044
49.4089
49.4139
49.4184
49.4226
49.4274
49.4313
49.4362
49.4409
49.4455
49.4494
49.4543
49.4594
49.464
49.4682
49.4733
49.4778
49.4827
49.4878
49.4925
49.497
49.5017
49.5062
49.5107
49.5149
49.5194
49.5234
49.5277
49.5319
49.5362
49.5407
49.5449
49.5493
49.5541
49.559
49.5638
49.5686
49.5731
49.5779
49.5824
49.5877
49.5918
49.5961
49.6007
49.605
49.6095
49.6145
49.6191
49.6236
49.6278
49.6323
49.6364
49.6415
49.6461
49.6506
49.6553
49.6591
49.6638
49.6686
49.6742
49.6788
49.6835
49.6882
49.6929
49.6975
49.7022
49.7072
49.7115
49.7166
49.7207
49.7249
49.7298
49.7344
49.7393
49.7439
49.7485
49.7532
49.7581
49.7627
49.7677
49.7729
49.7771
49.7825
49.7872
49.7915
49.7963
49.801
49.8063
49.8109
49.8156
49.8201
49.8252
49.83
49.8346
49.8387
49.8434
49.8481
49.8529
49.8577
49.8622
49.8671
49.872
49.8767
49.8814
49.8858
49.8906
49.8957
49.9003
49.905
49.9099
49.9146
49.9189
49.9235
49.9283
49.9331
49.9378
49.9425
49.9473
49.9517
49.9567
49.9609
49.9661
49.9707
49.9756
49.9803
49.9855
49.99
49.9948
49.9991
50.0039
50.0085
50.013
50.0173
50.0218
50.0264
50.0317
50.036
50.0408
50.046
50.0512
50.0559
50.0603
50.0652
50.0699
50.0747
50.0796
50.0844
50.0889
50.094
50.0987
50.1033
50.1083
50.1136
50.1184
50.1229
50.1278
50.1326
50.137
50.142
50.1469
50.1519
50.1565
50.1609
50.1658
50.1706
50.1755
50.18
50.1847
50.1889
50.1937
50.1985
50.2033
50.2086
50.2139
50.2182
50.2229
50.2278
50.2332
50.2377
50.2424
50.247
50.2523
50.2577
50.2624
50.2668
50.2725
50.2774
50.2823
50.2868
50.2921
50.2964
50.3018
50.3067
50.3117
50.3166
50.321
50.3264
50.3312
50.3362
50.3414
50.3461
50.351
50.3554
50.3602
50.3652
50.3696
50.3742
50.3797
50.3847
50.3895
50.3938
50.3985
50.4032
50.4083
50.4133
50.4177
50.4223
50.427
50.4324
50.4372
50.4421
50.4471
50.4518
50.4566
50.4612
50.466
50.4708
50.4764
50.4811
50.4862
50.491
50.4955
50.5006
50.5053
50.5107
50.5159
50.5214
50.5264
50.531
50.536
50.5407
50.5461
50.5503
50.5555
50.5607
50.5657
50.5702
50.5748
50.5799
50.5848
50.5897
50.5949
50.5998
50.6047
50.6093
50.6137
50.6184
50.6228
50.6279
50.6333
50.6381
50.6433
50.6483
50.653
50.6581
50.6633
50.6684
50.6729
50.6786
50.6835
50.6887
50.694
50.6994
50.7044
50.7092
50.7141
50.719
50.724
50.7294
50.7345
50.74
50.7456
50.7506
50.7557
50.7607
50.7658
50.7705
50.7751
50.7797
50.7851
50.7905
50.7957
50.8007
50.8055
50.8108
50.8161
50.8212
50.8262
50.8312
50.8358
50.8409
50.8467
50.8516
50.8569
50.8625
50.868
50.8733
50.8786
50.8846
50.8897
50.8944
50.8996
50.9049
50.9098
50.9148
50.9204
50.925
50.9306
50.9355
50.9402
50.9449
50.9503
50.9554
50.9601
50.9653
50.9702
50.9753
50.9805
50.9863
50.9912
50.9967
51.0018
51.0066
51.0118
51.0175
51.0225
51.0269
51.0328
51.0388
51.0445
51.0496
51.0545
51.0593
51.0641
51.0696
51.0745
51.0792
51.0843
51.0896
51.0948
51.0997
51.1047
51.1103
51.1159
51.1214
51.1264
51.132
51.1378
51.1428
51.1481
51.1537
51.1591
51.1642
51.1686
51.1739
51.1792
51.1842
51.1892
51.1944
51.2
51.2052
51.2102
51.216
51.2219
51.2272
51.2323
51.237
51.242
51.2471
51.2521
51.2579
51.2631
51.2682
51.2734
51.2791
51.2841
51.2893
51.2944
51.2997
51.305
51.31
51.3152
51.3208
51.3262
51.3314
51.3362
51.3418
51.3477
51.3528
51.3581
51.363
51.368
51.3732
51.3786
51.384
51.3894
51.3947
51.4001
51.4058
51.4115
51.4163
51.4211
51.4262
51.4319
51.4375
51.443
51.4489
51.4547
51.4604
51.4657
51.4705
51.4754
51.4814
51.4871
51.4922
51.4981
51.5028
51.5079
51.5131
51.5184
51.5236
51.5291
51.5349
51.5405
51.5463
51.5521
51.5578
51.5626
51.5674
51.5725
51.578
51.5833
51.5883
51.5942
51.5992
51.6047
51.6098
51.6147
51.6199
51.625
51.6302
51.6361
51.6419
51.6476
51.6542
51.6597
51.6658
51.6711
51.6765
51.6821
51.6874
51.6931
51.6987
51.7041
51.7103
51.7154
51.7213
51.7265
51.7321
51.7371
51.7422
51.7478
51.7535
51.7594
51.7654
51.7711
51.7769
51.7824
51.7874
51.7932
51.7985
51.8046
51.8107
51.8172
51.8224
51.8284
51.8336
51.8402
51.8459
51.8515
51.8569
51.8626
51.8679
51.8745
51.8801
51.8848
51.8898
51.8956
51.9005
51.9058
51.9121
51.9176
51.9241
51.9299
51.9353
51.9413
51.9474
51.9533
51.9591
51.9646
51.9706
51.9761
51.9817
51.9878
51.9931
51.9988
52.0047
52.0105
52.0164
52.0225
52.0286
52.0346
52.0405
52.0463
52.0512
52.0577
52.0637
52.0695
52.0747
52.0804
52.0863
52.0932
52.0996
52.106
52.1119
52.1182
52.1239
52.1294
52.1353
52.1412
52.1475
52.1522
52.1574
52.1632
52.1689
52.174
52.1798
52.1853
52.1906
52.1964
52.2019
52.208
52.2127
52.2186
52.2245
52.2299
52.2352
52.2412
52.2473
52.2534
52.2599
52.2655
52.2717
52.2777
52.2832
52.2883
52.2946
52.3003
52.3059
52.3114
52.3175
52.3236
52.3299
52.336
52.3425
52.3484
52.3534
52.3589
52.3645
52.3707
52.3771
52.3825
52.3892
52.3956
52.4017
52.4079
52.4137
52.4193
52.4252
52.4311
52.4363
52.4425
52.4483
52.4543
52.4595
52.4659
52.4718
52.4781
52.4841
52.4904
52.4966
52.5031
52.5087
52.5151
52.5216
52.5276
52.5341
52.5403
52.546
52.5523
52.5581
52.5647
52.5704
52.5762
52.5823
52.5892
52.5954
52.6013
52.6078
52.6137
52.6203
52.6265
52.6328
52.6391
52.6448
52.6503
52.6568
52.6628
52.669
52.6754
52.6814
52.6876
52.6933
52.6996
52.7054
52.7117
52.7176
52.7236
52.7301
52.7366
52.7429
52.7488
52.754
52.7606
52.7673
52.7734
52.7791
52.7855
52.7918
52.7982
52.8044
52.8106
52.817
52.8227
52.8288
52.8352
52.8415
52.8469
52.8529
52.8594
52.8656
52.8724
52.8788
52.885
52.8908
52.8971
52.9037
52.909
52.9156
52.9222
52.9289
52.9357
52.942
52.9487
52.9549
52.9611
52.968
52.9746
52.9821
52.9875
52.9938
53.0001
53.007
53.0133
53.0201
53.026
53.0327
53.0388
53.0454
53.0521
53.0586
53.0653
53.072
53.0774
53.0844
53.0909
53.0974
53.1046
53.1116
53.1178
53.1243
53.1302
53.1365
53.1432
53.1493
53.1555
53.1615
53.1679
53.174
53.1804
53.186
53.1926
53.1989
53.2053
53.2117
53.218
53.2238
53.2302
53.2367
53.2431
53.2495
53.2567
53.2627
53.2692
53.2763
53.2824
53.2891
53.2962
53.3026
53.3089
53.3164
53.3229
53.3305
53.3372
53.3438
53.3498
53.357
53.3641
53.3699
53.3767
53.3835
53.3898
53.3963
53.4038
53.4107
53.4173
53.4238
53.431
53.4373
53.4437
53.4509
53.4572
53.4632
53.4709
53.4774
53.4827
53.4893
53.4962
53.5023
53.5098
53.5166
53.5236
53.5304
53.5369
53.5436
53.5507
53.5577
53.5648
53.5714
53.5783
53.5856
53.5925
53.5992
53.6077
53.6154
53.6223
53.6287
53.6361
53.6437
53.6506
53.6581
53.6646
53.6707
53.6782
53.6847
53.6918
53.6993
53.7063
53.7138
53.7213
53.7279
53.7343
53.7412
53.7479
53.7554
53.7621
53.7697
53.7765
53.7828
53.7901
53.7977
53.8049
53.812
53.8195
53.8264
53.8324
53.8394
53.8472
53.8538
53.8607
53.868
53.8745
53.8805
53.8869
53.8941
53.9014
53.9086
53.9156
53.923
53.9296
53.937
53.9444
53.9514
53.9578
53.965
53.9725
53.9795
53.9866
53.9946
54.0021
54.0094
54.0169
54.0237
54.0309
54.0381
54.0451
54.0535
54.0602
54.0674
54.0745
54.082
54.0888
54.0956
54.102
54.1098
54.1174
54.125
54.1326
54.1397
54.1466
54.1531
54.1597
54.1668
54.1736
54.1812
54.1887
54.1954
54.2029
54.2102
54.2177
54.2259
54.2342
54.2418
54.2489
54.2549
54.2619
54.269
54.2776
54.2855
54.2928
54.3008
54.308
54.3157
54.3229
54.33
54.3371
54.3451
54.352
54.3598
54.3667
54.374
54.382
54.3893
54.3974
54.4043
54.4115
54.4198
54.4274
54.4345
54.442
54.4489
54.4571
54.4647
54.4733
54.481
54.4883
54.4957
54.5036
54.5111
54.5189
54.5266
54.5341
54.5407
54.5495
54.557
54.5651
54.5723
54.5807
54.5882
54.5957
54.604
54.6115
54.6185
54.6265
54.6337
54.6417
54.6487
54.6562
54.6632
54.671
54.679
54.6875
54.6955
54.7034
54.7116
54.7199
54.7265
54.7343
54.7421
54.749
54.7572
54.7648
54.7733
54.7812
54.7884
54.7964
54.8051
54.8128
54.8204
54.8286
54.8364
54.8453
54.8533
54.8608
54.8686
54.8762
54.884
54.8923
54.9001
54.9077
54.9156
54.9241
54.9326
54.9403
54.9475
54.9557
54.9639
54.9711
54.9777
54.9863
54.9947
55.0029
55.0099
55.0185
55.0258
55.0329
55.0411
55.0491
55.0577
55.0658
55.0738
55.0821
55.0902
55.0973
55.1062
55.1137
55.1218
55.1305
55.1398
55.1478
55.1561
55.1633
55.1717
55.1802
55.1876
55.1964
55.2052
55.2123
55.2207
55.2288
55.2373
55.2458
55.2536
55.2628
55.2709
55.2797
55.2892
55.2976
55.3061
55.314
55.3226
55.3307
55.339
55.3477
55.3558
55.3643
55.3733
55.3823
55.3903
55.399
55.4074
55.4158
55.4243
55.4332
55.4421
55.4511
55.4594
55.4684
55.4767
55.4852
55.4944
55.5032
55.5106
55.5184
55.5267
55.5352
55.5429
55.5519
55.5607
55.5693
55.5767
55.5852
55.5945
55.6024
55.611
55.6195
55.628
55.6368
55.6451
55.6537
55.6621
55.6715
55.6809
55.6893
55.6976
55.707
55.7165
55.725
55.732
55.7399
55.7493
55.7583
55.7683
55.7768
55.7865
55.7954
55.8044
55.8126
55.8225
55.8315
55.8402
55.8484
55.8584
55.8671
55.876
55.8844
55.8936
55.9019
55.911
55.9201
55.93
55.9383
55.9475
55.9569
55.9653
55.9746
55.9838
55.9931
56.0029
56.0122
56.0215
56.0305
56.0394
56.0485
56.0578
56.0656
56.0748
56.0839
56.0932
56.1024
56.112
56.1218
56.1312
56.1412
56.1516
56.1608
56.1686
56.1773
56.1866
56.1947
56.2034
56.2134
56.2223
56.2308
56.2404
56.2497
56.2584
56.2682
56.2772
56.2865
56.2973
56.3067
56.3159
56.3249
56.334
56.3436
56.3529
56.3624
56.3718
56.38
56.3895
56.3993
56.4086
56.4168
56.4272
56.437
56.446
56.4557
56.4645
56.4732
56.4816
56.492
56.501
56.5104
56.5196
56.529
56.5376
56.5466
56.5559
56.5658
56.5754
56.5865
56.5968
56.6064
56.6168
56.6279
56.6374
56.6479
56.6577
56.6659
56.6758
56.6856
56.6954
56.7049
56.7163
56.7268
56.7366
56.7468
56.7568
56.7661
56.7755
56.7859
56.7941
56.8052
56.816
56.8276
56.8364
56.8463
56.8552
56.8672
56.8767
56.8864
56.8965
56.907
56.9165
56.9272
56.9362
56.9462
56.9555
56.9644
56.9742
56.9836
56.9937
57.0039
57.0138
57.0236
57.0337
57.0436
57.0528
57.0632
57.0733
57.0836
57.0932
57.1038
57.1128
57.1233
57.1357
57.1464
57.1563
57.1669
57.1763
57.1862
57.1962
57.207
57.216
57.2264
57.2376
57.2467
57.2566
57.2664
57.276
57.287
57.2985
57.3086
57.3202
57.3316
57.343
57.3533
57.3642
57.373
57.3825
57.3931
57.4044
57.416
57.4271
57.4388
57.449
57.4596
57.4709
57.4805
57.4911
57.5017
57.5115
57.5233
57.5326
57.5426
57.5525
57.562
57.5717
57.5832
57.5943
57.6042
57.615
57.6268
57.6382
57.6491
57.661
57.6715
57.6824
57.6933
57.7026
57.7123
57.724
57.7367
57.7483
57.7585
57.7695
57.7807
57.7917
57.8032
57.815
57.8251
57.8362
57.846
57.8564
57.868
57.8797
57.8902
57.9017
57.9127
57.9251
57.9356
57.9462
57.9577
57.9689
57.981
57.992
58.0035
58.0144
58.0249
58.0369
58.0491
58.0589
58.0697
58.0803
58.0932
58.1045
58.1162
58.1278
58.1384
58.1489
58.1603
58.172
58.1823
58.1941
58.2061
58.2168
58.2288
58.2402
58.2507
58.2627
58.2741
58.2871
58.2972
58.3087
58.3218
58.3332
58.3459
58.3573
58.3685
58.3802
58.3919
58.4036
58.4152
58.427
58.439
58.4513
58.4627
58.4745
58.4857
58.4976
58.5089
58.5205
58.5328
58.5452
58.5579
58.5707
58.5822
58.5934
58.6041
58.616
58.6273
58.6391
58.6515
58.6615
58.6738
58.6863
58.6973
58.7107
58.7238
58.7388
58.7507
58.7634
58.7763
58.7893
58.8034
58.8144
58.8284
58.8405
58.8525
58.8661
58.8774
58.8893
58.9007
58.9131
58.9264
58.9378
58.9497
58.9619
58.9738
58.9862
58.998
59.0098
59.0232
59.0336
59.0454
59.0582
59.0706
59.082
59.0942
59.1075
59.1193
59.132
59.1441
59.1556
59.1661
59.1793
59.1916
59.2048
59.2178
59.2303
59.2443
59.2563
59.2683
59.2804
59.2923
59.3042
59.3181
59.3309
59.345
59.3568
59.3698
59.3815
59.3947
59.4101
59.4235
59.437
59.4515
59.4646
59.4778
59.492
59.5061
59.52
59.5334
59.5467
59.5596
59.5741
59.5865
59.5999
59.6139
59.627
59.6415
59.6552
59.6686
59.6819
59.6949
59.7074
59.7213
59.7353
59.7484
59.761
59.7734
59.7864
59.8018
59.8153
59.8281
59.8425
59.8559
59.869
59.8829
59.8962
59.9089
59.9223
59.9362
59.9496
59.9627
59.9758
59.9904
60.005
60.018
60.0314
60.047
60.0627
60.0768
60.0914
60.1069
60.1199
60.1336
60.1471
60.162
60.1778
60.1934
60.2079
60.2225
60.2371
60.2519
60.2646
60.2791
60.2963
60.3104
60.3243
60.3391
60.3547
60.3708
60.386
60.4
60.4155
60.431
60.4463
60.4613
60.4758
60.491
60.5063
60.5202
60.5352
60.5514
60.5648
60.5799
60.5936
60.6078
60.6232
60.6396
60.6542
60.6672
60.6813
60.6947
60.7097
60.7235
60.7373
60.7525
60.7658
60.781
60.7983
60.8132
60.8298
60.8446
60.8594
60.8768
60.8915
60.9068
60.9225
60.9379
60.9513
60.9664
60.9824
60.9956
61.0131
61.0292
61.0451
61.0597
61.077
61.0936
61.1111
61.1262
61.1415
61.1583
61.1744
61.1906
61.2082
61.2251
61.241
61.2567
61.2735
61.2894
61.306
61.321
61.3371
61.3535
61.3699
61.388
61.4035
61.4204
61.4373
61.4538
61.471
61.4891
61.507
61.5248
61.544
61.5624
61.5807
61.5991
61.6147
61.6329
61.6507
61.667
61.685
61.7032
61.7214
61.7395
61.7553
61.7722
61.7875
61.8081
61.8242
61.8435
61.8629
61.8801
61.8981
61.9155
61.933
61.952
61.9704
61.9886
62.0058
62.022
62.0368
62.0549
62.0743
62.0926
62.1094
62.1285
62.1467
62.1638
62.1817
62.1995
62.2171
62.2356
62.2548
62.271
62.2882
62.3058
62.3262
62.3447
62.3635
62.3839
62.4025
62.4211
62.4428
62.4645
62.4854
62.5038
62.5233
62.5449
62.5666
62.5859
62.6032
62.6233
62.6439
62.6633
62.6828
62.7043
62.723
62.7424
62.7656
62.786
62.8085
62.8296
62.8494
62.8719
62.8948
62.9149
62.9321
62.9532
62.9728
62.9962
63.018
63.0386
63.0595
63.0813
63.1021
63.1223
63.1448
63.1644
63.184
63.2053
63.2254
63.245
63.2691
63.2921
63.3137
63.3337
63.3557
63.3757
63.3972
63.4218
63.4434
63.4671
63.489
63.5094
63.5335
63.5546
63.5791
63.6025
63.6237
63.6459
63.664
63.6869
63.7083
63.7302
63.7538
63.7743
63.7954
63.822
63.8459
63.871
63.894
63.9167
63.9395
63.9641
63.9903
64.0123
64.0373
64.0626
64.0852
64.1103
64.134
64.1598
64.1867
64.2085
64.2349
64.2629
64.288
64.3129
64.3389
64.3657
64.3898
64.4135
64.4382
64.463
64.4861
64.511
64.5366
64.5634
64.592
64.6168
64.6439
64.6676
64.6971
64.7253
64.7539
64.7867
64.8145
64.843
64.8719
64.8978
64.9291
64.9538
64.9844
65.0132
65.0441
65.071
65.0993
65.1272
65.1576
65.1851
65.2148
65.2455
65.2747
65.3049
65.3328
65.361
65.3915
65.4217
65.4504
65.4801
65.5054
65.5381
65.5682
65.5986
65.6306
65.6621
65.6932
65.7229
65.7551
65.7876
65.8179
65.8509
65.8823
65.9179
65.9503
65.984
66.0185
66.0525
66.0872
66.1192
66.1518
66.1882
66.2244
66.2544
66.2911
66.3269
66.3647
66.4011
66.4397
66.4731
66.5104
66.5485
66.588
66.6223
66.6595
66.6992
66.7394
66.7766
66.8162
66.8586
66.8953
66.9331
66.9754
67.0175
67.0545
67.0967
67.1404
67.1811
67.2226
67.2638
67.3022
67.3462
67.3893
67.4406
67.4883
67.5339
67.5779
67.6249
67.6739
67.7237
67.7698
67.8193
67.8669
67.9129
67.9643
68.0105
68.0634
68.1231
68.1736
68.232
68.2809
68.3387
68.3918
68.4489
68.5062
68.5641
68.6217
68.6798
68.743
68.8044
68.8618
68.926
68.9872
69.0541
69.1207
69.189
69.2618
69.3326
69.3993
69.4728
69.5348
69.6103
69.6945
69.7799
69.8577
69.9317
70.0069
70.081
70.1623
70.2359
70.3137
70.4053
70.4933
70.5887
70.6756
70.7691
70.8599
70.9497
71.0509
71.1475
71.2455
71.3413
71.4452
71.5545
71.6563
71.7438
71.8529
71.9349
72.0474
72.154
72.2468
72.3424
72.4319
72.529
72.6501
72.7528
72.8538
72.9666
73.0664
73.1783
73.2868
73.3937
73.4998
73.6033
73.7048
73.8103
73.9096
74.0108
74.1174
74.2203
74.3485
74.4659
74.5802
74.6886
74.8005
74.9108
75.0313
75.1518
75.2654
75.3913
75.5166
75.642
75.7683
75.8811
76.014
76.1485
76.2907
76.4324
76.5533
76.7044
76.8397
76.9701
77.1249
77.2904
77.4528
77.6452
77.8453
78.0482
78.243
78.4561
78.6881
78.9878
79.3173
79.6376
80.0948
80.6499
81.518
85.6227
