2
2.5
2.83333
3.08333
3.48333
3.68333
3.88333
4.14405
4.46905
6.27997
7.75822
9.38392
11.4034
12.2014
13.5316
14.6904
15.5031
16.0161
16.4342
16.8403
17.181
17.5237
17.8074
18.0914
18.306
18.5385
18.7485
18.9538
19.1572
19.342
19.5048
19.6754
19.8332
19.9838
20.1448
20.2787
20.4195
20.5553
20.6961
20.826
20.9321
21.0579
21.1905
21.3211
21.4463
21.557
21.6711
21.7986
21.9008
22.0144
22.1138
22.2173
22.3226
22.4207
22.5086
22.6095
22.707
22.8037
22.8907
22.9748
23.0566
23.148
23.2336
23.3073
23.3892
23.4572
23.5335
23.6163
23.7002
23.7785
23.8536
23.9249
23.9926
24.0692
24.1356
24.208
24.2702
24.335
24.4029
24.4691
24.5299
24.5919
24.6538
24.7111
24.7797
24.8501
24.9092
24.9701
25.0212
25.0833
25.1457
25.1954
25.2557
25.3147
25.3733
25.4249
25.4717
25.5186
25.5777
25.629
25.6797
25.7287
25.7745
25.8258
25.8731
25.9261
25.9723
26.0174
26.069
26.1173
26.1692
26.2124
26.2622
26.3103
26.3586
26.4083
26.4533
26.4977
26.5446
26.5894
26.6392
26.6823
26.7277
26.771
26.8085
26.8483
26.8942
26.9262
26.9637
27.005
27.042
27.0841
27.1237
27.1631
27.196
27.2331
27.2709
27.3109
27.347
27.3799
27.4124
27.4498
27.4815
27.5192
27.5523
27.5898
27.6254
27.6641
27.6976
27.7313
27.7695
27.8016
27.8373
27.8726
27.9061
27.9356
27.9703
28.0053
28.0381
28.0735
28.1043
28.1365
28.1689
28.1979
28.229
28.2619
28.2925
28.3212
28.3564
28.3825
28.4094
28.4365
28.4671
28.4921
28.5201
28.5469
28.5756
28.6108
28.6422
28.6695
28.6972
28.7298
28.7586
28.7904
28.8159
28.8478
28.878
28.9055
28.9326
28.9587
28.9869
29.0125
29.0421
29.0702
29.0982
29.1223
29.1462
29.1723
29.1994
29.2273
29.2524
29.2804
29.3093
29.3346
29.3592
29.3858
29.408
29.4353
29.4584
29.4807
29.5045
29.5276
29.5521
29.5749
29.598
29.6228
29.6502
29.6744
29.698
29.7242
29.7463
29.7719
29.7957
29.8205
29.8439
29.8683
29.8906
29.9162
29.9389
29.9596
29.9832
30.0054
30.0296
30.0528
30.0755
30.0974
30.1201
30.1432
30.1669
30.1897
30.2153
30.2381
30.258
30.2797
30.3022
30.3236
30.3467
30.3729
30.394
30.4132
30.4357
30.4581
30.4787
30.5042
30.5257
30.548
30.5704
30.592
30.6139
30.6337
30.6527
30.6744
30.6963
30.7173
30.7376
30.7573
30.7773
30.7979
30.8195
30.8431
30.8652
30.8868
30.9064
30.927
30.9469
30.9638
30.9854
31.0067
31.0269
31.0449
31.0645
31.0835
31.1041
31.1239
31.1448
31.1637
31.182
31.2034
31.2244
31.2442
31.2636
31.2826
31.3026
31.3247
31.3436
31.3626
31.3815
31.4002
31.4191
31.4375
31.4573
31.4734
31.4948
31.5148
31.5339
31.5532
31.5689
31.5868
31.6039
31.6206
31.6403
31.6599
31.6794
31.6987
31.7161
31.7343
31.7535
31.7734
31.7907
31.8087
31.8247
31.843
31.8593
31.878
31.8954
31.9127
31.9304
31.9463
31.9648
31.982
32.0017
32.0198
32.0378
32.0586
32.076
32.0943
32.1105
32.1285
32.1457
32.163
32.1799
32.1942
32.2109
32.2293
32.2473
32.2636
32.2808
32.2979
32.3138
32.3305
32.3471
32.3631
32.3792
32.3956
32.4131
32.4315
32.447
32.4622
32.4785
32.494
32.5087
32.5242
32.5396
32.5562
32.5723
32.5876
32.6026
32.621
32.6366
32.6526
32.6677
32.6837
32.6976
32.7145
32.7274
32.7423
32.7578
32.7744
32.7888
32.8031
32.8183
32.8331
32.8485
32.8634
32.8793
32.8942
32.9089
32.924
32.9392
32.9549
32.9713
32.987
33.0032
33.0184
33.033
33.0472
33.0631
33.0782
33.0938
33.1099
33.1245
33.138
33.1533
33.1692
33.184
33.1967
33.2126
33.2261
33.2406
33.2554
33.2694
33.286
33.3003
33.3162
33.3323
33.3465
33.3613
33.3749
33.3891
33.4022
33.4175
33.4308
33.4449
33.4584
33.4753
33.4913
33.507
33.5202
33.5347
33.5503
33.5628
33.5769
33.5916
33.6065
33.6197
33.634
33.6469
33.6606
33.6745
33.6887
33.7017
33.7132
33.7262
33.7422
33.7553
33.7685
33.7815
33.796
33.808
33.8217
33.835
33.8482
33.8614
33.8737
33.8884
33.9023
33.9153
33.9286
33.9423
33.9557
33.9707
33.9856
33.9989
34.0124
34.0271
34.0404
34.053
34.0667
34.0784
34.0899
34.1026
34.1152
34.1271
34.1406
34.1555
34.1688
34.1813
34.1931
34.2045
34.2164
34.2291
34.2412
34.2542
34.2677
34.2805
34.2924
34.3058
34.3187
34.3323
34.346
34.3579
34.3699
34.3813
34.3943
34.4056
34.4181
34.4296
34.4404
34.4523
34.4644
34.4778
34.49
34.5027
34.5154
34.5279
34.5413
34.5533
34.5668
34.579
34.591
34.6046
34.616
34.6279
34.6402
34.6512
34.6635
34.6756
34.6884
34.7012
34.7132
34.7239
34.7377
34.7495
34.7609
34.7742
34.7855
34.796
34.8084
34.8206
34.8332
34.8438
34.8561
34.8671
34.8785
34.8901
34.9023
34.9139
34.9243
34.9373
34.9476
34.9591
34.9698
34.9802
34.9924
35.0034
35.0144
35.026
35.0382
35.0496
35.0616
35.0736
35.0842
35.0959
35.1082
35.1187
35.1306
35.1419
35.1537
35.1649
35.1758
35.1872
35.1995
35.2121
35.2226
35.2337
35.2456
35.2567
35.2686
35.2803
35.2917
35.3037
35.3144
35.3257
35.3375
35.3496
35.3591
35.3704
35.3811
35.392
35.4036
35.4144
35.4272
35.4384
35.4486
35.4593
35.4707
35.4822
35.4928
35.5043
35.5151
35.5255
35.5359
35.5465
35.5573
35.5698
35.582
35.5931
35.6045
35.6157
35.6259
35.6349
35.646
35.6562
35.6674
35.679
35.6894
35.6989
35.7095
35.7202
35.7308
35.7408
35.7513
35.7633
35.7734
35.7842
35.7945
35.806
35.8161
35.8263
35.8372
35.8482
35.8588
35.8695
35.8798
35.8899
35.9
35.9099
35.9192
35.93
35.9397
35.9503
35.9605
35.971
35.9803
35.9906
36.0005
36.0115
36.0215
36.0327
36.045
36.0552
36.0654
36.0762
36.0867
36.0969
36.1075
36.1171
36.1266
36.1366
36.1473
36.1573
36.1667
36.1765
36.1871
36.1969
36.207
36.219
36.229
36.2394
36.2495
36.26
36.2708
36.2804
36.2906
36.3014
36.3115
36.3217
36.3317
36.3423
36.3534
36.3632
36.3739
36.3841
36.3944
36.4046
36.4148
36.424
36.4338
36.4428
36.4529
36.4637
36.4738
36.4844
36.4953
36.5048
36.514
36.5236
36.5341
36.5426
36.5531
36.563
36.5729
36.5838
36.5944
36.6043
36.6138
36.624
36.6347
36.6442
36.6551
36.6659
36.6767
36.6869
36.6961
36.7067
36.7164
36.7259
36.7349
36.7453
36.7559
36.7651
36.7755
36.7849
36.7936
36.8032
36.8132
36.8247
36.835
36.8447
36.8545
36.8642
36.8748
36.8845
36.8946
36.9043
36.9142
36.9242
36.9335
36.944
36.9543
36.9632
36.9727
36.9828
36.9921
37.0015
37.0111
37.0204
37.0301
37.04
37.0486
37.0586
37.0694
37.0789
37.0879
37.0967
37.1074
37.117
37.1265
37.1379
37.1483
37.1584
37.1683
37.1763
37.1855
37.1963
37.2048
37.2139
37.2228
37.2316
37.2408
37.2494
37.2592
37.2685
37.2787
37.288
37.298
37.3086
37.3179
37.3269
37.337
37.3465
37.3566
37.3663
37.3753
37.3852
37.3942
37.4034
37.4128
37.4225
37.4311
37.4399
37.4496
37.4579
37.4663
37.4761
37.4859
37.4954
37.5041
37.5131
37.523
37.5326
37.5407
37.5499
37.5597
37.5698
37.5778
37.5869
37.5953
37.6043
37.6126
37.6216
37.6316
37.6415
37.6518
37.662
37.67
37.6787
37.6877
37.6972
37.7063
37.7137
37.7229
37.7311
37.7413
37.7502
37.7594
37.7696
37.7786
37.7883
37.7977
37.8068
37.8155
37.825
37.8335
37.8411
37.851
37.8602
37.8688
37.8773
37.8858
37.8952
37.9036
37.9126
37.9209
37.929
37.9382
37.9467
37.9549
37.9634
37.9708
37.9792
37.9881
37.9977
38.0062
38.0149
38.0242
38.0335
38.0418
38.0515
38.0602
38.069
38.0782
38.0874
38.0965
38.1046
38.1131
38.1219
38.1304
38.1394
38.1484
38.1575
38.1658
38.1748
38.1832
38.1915
38.1997
38.2083
38.2183
38.2265
38.2353
38.2438
38.2522
38.2599
38.2688
38.2777
38.2862
38.2952
38.303
38.3123
38.3208
38.3299
38.3378
38.347
38.3562
38.3643
38.3724
38.3798
38.3885
38.3961
38.4049
38.4131
38.4219
38.4294
38.4377
38.4475
38.4563
38.4635
38.471
38.4789
38.4872
38.4956
38.5032
38.5113
38.5193
38.5272
38.535
38.5433
38.5524
38.5607
38.5684
38.5767
38.5852
38.5936
38.602
38.6104
38.6185
38.6265
38.6339
38.6415
38.6504
38.6586
38.6666
38.6746
38.6822
38.6912
38.6995
38.7078
38.7173
38.7258
38.7336
38.7418
38.75
38.7568
38.7645
38.7715
38.7799
38.7881
38.7963
38.8041
38.8135
38.8211
38.8292
38.8369
38.8462
38.8542
38.8622
38.87
38.8785
38.8865
38.8944
38.9013
38.9093
38.918
38.9263
38.934
38.9418
38.9508
38.9583
38.9673
38.9757
38.9834
38.992
38.9996
39.0074
39.0153
39.0236
39.0314
39.0393
39.0467
39.054
39.0611
39.0694
39.0772
39.0841
39.0923
39.1008
39.1085
39.1162
39.1243
39.1317
39.1394
39.147
39.1549
39.164
39.172
39.1792
39.1867
39.1939
39.2004
39.2078
39.2157
39.2229
39.2312
39.2395
39.2473
39.2547
39.2628
39.2709
39.2781
39.2862
39.2944
39.3019
39.3094
39.3162
39.3238
39.3313
39.3385
39.3466
39.3544
39.3623
39.3705
39.3783
39.386
39.3944
39.4032
39.411
39.4177
39.4264
39.4343
39.441
39.4493
39.4563
39.4634
39.4716
39.4792
39.4862
39.4944
39.5003
39.5086
39.5161
39.5244
39.5314
39.5391
39.5468
39.5554
39.5627
39.5697
39.5772
39.5845
39.5927
39.5998
39.6078
39.6161
39.6235
39.6308
39.6393
39.6463
39.6536
39.6613
39.6684
39.6759
39.6835
39.6916
39.699
39.7069
39.7142
39.7215
39.7285
39.7364
39.7443
39.7519
39.7594
39.7663
39.7741
39.7819
39.7889
39.7962
39.8035
39.8107
39.8186
39.8268
39.8345
39.8415
39.8498
39.8573
39.8642
39.8716
39.8785
39.8851
39.892
39.8988
39.9061
39.9138
39.9215
39.9291
39.936
39.9431
39.9498
39.9567
39.9639
39.9705
39.9775
39.9844
39.9916
39.9994
40.0067
40.0139
40.0222
40.0289
40.0356
40.043
40.0505
40.0567
40.0637
40.0718
40.0797
40.0872
40.0952
40.1019
40.1095
40.1173
40.1247
40.1319
40.1388
40.1468
40.1542
40.1619
40.1685
40.1762
40.1832
40.1898
40.197
40.204
40.2108
40.2177
40.2256
40.2327
40.24
40.2475
40.2551
40.2616
40.2689
40.276
40.2828
40.2894
40.2963
40.3037
40.3116
40.3193
40.3266
40.333
40.3397
40.3472
40.3547
40.3615
40.3684
40.3761
40.3826
40.39
40.397
40.4047
40.4118
40.4184
40.425
40.4329
40.44
40.4471
40.4546
40.4616
40.4685
40.476
40.4824
40.49
40.4964
40.5043
40.5109
40.5186
40.5258
40.5327
40.5391
40.546
40.5533
40.5603
40.5667
40.5736
40.5804
40.5866
40.5943
40.6015
40.6089
40.6155
40.6226
40.6311
40.6384
40.6456
40.6527
40.6587
40.6662
40.6722
40.6794
40.6862
40.6928
40.7001
40.707
40.7139
40.7209
40.7275
40.7334
40.7397
40.7467
40.7533
40.7589
40.7663
40.7737
40.7814
40.7882
40.7945
40.8012
40.8082
40.8158
40.8224
40.8292
40.8355
40.843
40.8504
40.8575
40.864
40.8709
40.8771
40.8846
40.8924
40.8985
40.9046
40.9111
40.9181
40.925
40.9325
40.9396
40.9469
40.9539
40.9603
40.9666
40.9739
40.9805
40.9868
40.9941
41.0002
41.0065
41.0136
41.0194
41.0257
41.0327
41.0399
41.0463
41.0526
41.0593
41.0662
41.0723
41.0789
41.0859
41.0928
41.0998
41.1066
41.1132
41.1194
41.1262
41.1321
41.1387
41.1454
41.1521
41.1584
41.1651
41.1717
41.1787
41.185
41.1924
41.1989
41.2057
41.2122
41.2185
41.2247
41.2303
41.238
41.2451
41.2519
41.2577
41.2645
41.2708
41.2779
41.2843
41.2905
41.2971
41.3036
41.3102
41.317
41.3235
41.3296
41.3357
41.3417
41.348
41.3548
41.3612
41.3672
41.3741
41.3808
41.3872
41.3936
41.4001
41.4066
41.4134
41.4199
41.4264
41.4332
41.44
41.4462
41.4534
41.4599
41.4661
41.4728
41.4796
41.4863
41.4935
41.4998
41.5066
41.5129
41.5189
41.5248
41.5314
41.5385
41.5445
41.5513
41.5573
41.5635
41.5702
41.5765
41.5826
41.5888
41.5956
41.6017
41.6088
41.6154
41.6217
41.6276
41.6326
41.6382
41.6442
41.6508
41.6576
41.6638
41.6697
41.6762
41.6828
41.6893
41.6959
41.702
41.7087
41.7148
41.7207
41.7272
41.7335
41.7396
41.7454
41.7515
41.758
41.7646
41.7708
41.7769
41.7835
41.7897
41.7956
41.8019
41.8086
41.815
41.8216
41.8282
41.8345
41.8411
41.8475
41.8541
41.8601
41.8658
41.8724
41.8783
41.8846
41.8911
41.8974
41.9033
41.9095
41.9156
41.9218
41.9284
41.9343
41.9412
41.9474
41.9538
41.9603
41.9674
41.9736
41.9802
41.9864
41.9923
41.9993
42.0062
42.0129
42.0194
42.026
42.0331
42.039
42.0455
42.0515
42.0581
42.0654
42.0721
42.0792
42.0853
42.0921
42.099
42.1053
42.1123
42.1182
42.1239
42.1299
42.1363
42.1418
42.1481
42.1543
42.1606
42.1668
42.1732
42.1783
42.1853
42.1912
42.1979
42.2036
42.209
42.2148
42.2213
42.2281
42.2346
42.2407
42.2472
42.2541
42.2598
42.267
42.2729
42.2794
42.2854
42.2916
42.2972
42.3038
42.3104
42.3169
42.3229
42.3294
42.3362
42.3427
42.3496
42.3555
42.3612
42.3672
42.3729
42.3795
42.3854
42.3928
42.4005
42.4072
42.4141
42.4197
42.4257
42.4326
42.4393
42.4458
42.4515
42.4571
42.4636
42.4697
42.4766
42.4834
42.4888
42.4941
42.5001
42.5065
42.5131
42.5194
42.5248
42.531
42.5375
42.544
42.5507
42.5557
42.5616
42.5682
42.5743
42.5802
42.5859
42.5921
42.5981
42.604
42.6092
42.6151
42.6206
42.6273
42.6333
42.639
42.6453
42.6516
42.6576
42.6636
42.6705
42.6762
42.6821
42.6885
42.6955
42.701
42.7068
42.713
42.7191
42.7255
42.732
42.7379
42.7438
42.7494
42.7554
42.7625
42.7693
42.7759
42.7822
42.7877
42.7932
42.799
42.8048
42.8109
42.8173
42.8228
42.8287
42.8343
42.8401
42.846
42.8521
42.8582
42.864
42.8694
42.8749
42.8804
42.8868
42.8929
42.899
42.9047
42.9107
42.9162
42.9226
42.9283
42.9337
42.9392
42.9454
42.9506
42.9562
42.9622
42.9684
42.974
42.9806
42.9865
42.9922
42.9972
43.0033
43.0082
43.0137
43.0192
43.025
43.0314
43.0375
43.0438
43.0491
43.055
43.0609
43.0665
43.0719
43.078
43.0838
43.0893
43.0949
43.1014
43.1069
43.1129
43.1189
43.1246
43.1308
43.1366
43.1425
43.1483
43.1542
43.1599
43.165
43.1711
43.1765
43.1817
43.1871
43.1926
43.1982
43.2037
43.2093
43.2147
43.2203
43.2262
43.2322
43.2375
43.2441
43.2491
43.255
43.2601
43.2665
43.2721
43.278
43.2834
43.2895
43.2951
43.3008
43.307
43.3127
43.3192
43.3248
43.3305
43.3366
43.3418
43.3477
43.3538
43.3599
43.3652
43.3705
43.3759
43.3818
43.3878
43.3937
43.3989
43.4052
43.4111
43.4176
43.423
43.4292
43.435
43.4408
43.4466
43.4522
43.4578
43.4635
43.4692
43.4756
43.4811
43.4868
43.4926
43.498
43.5038
43.5094
43.5152
43.5208
43.5266
43.5326
43.5385
43.5437
43.5491
43.5549
43.5599
43.5658
43.5716
43.5776
43.5825
43.5885
43.5939
43.5996
43.6054
43.612
43.6184
43.624
43.6294
43.6346
43.6409
43.6471
43.6531
43.6595
43.6646
43.6701
43.6757
43.6811
43.6869
43.6922
43.6973
43.7033
43.7088
43.7141
43.7196
43.7254
43.731
43.7367
43.7418
43.7468
43.7521
43.7575
43.7626
43.7679
43.7737
43.7793
43.7847
43.79
43.7956
43.8014
43.8066
43.8123
43.817
43.8223
43.8277
43.8323
43.838
43.844
43.8495
43.8559
43.8615
43.8664
43.8721
43.8773
43.8828
43.8885
43.8935
43.8997
43.9052
43.9119
43.9179
43.9227
43.9281
43.9339
43.94
43.9457
43.9519
43.9567
43.9624
43.9692
43.9753
43.9809
43.9866
43.9917
43.9971
44.0031
44.0086
44.0139
44.0193
44.0245
44.0296
44.0352
44.0415
44.0474
44.0526
44.0581
44.0643
44.0699
44.0753
44.0808
44.0867
44.0922
44.0974
44.1039
44.11
44.1158
44.1217
44.1271
44.1323
44.1382
44.1434
44.1489
44.1541
44.1595
44.1654
44.1709
44.1769
44.1826
44.1878
44.193
44.1978
44.2032
44.2083
44.2134
44.219
44.2246
44.2298
44.2355
44.2418
44.2481
44.2538
44.2595
44.2645
44.2703
44.2757
44.2809
44.2858
44.291
44.2962
44.3012
44.3069
44.3117
44.3173
44.3226
44.3278
44.3335
44.3385
44.3441
44.35
44.3553
44.3604
44.3655
44.3706
44.3753
44.381
44.3864
44.3929
44.3978
44.4026
44.4076
44.4138
44.4191
44.4248
44.4303
44.4354
44.4407
44.4463
44.4519
44.4575
44.4618
44.4673
44.4724
44.4774
44.4826
44.4878
44.493
44.4989
44.5044
44.5097
44.5154
44.5208
44.5267
44.5327
44.5386
44.5443
44.5505
44.5564
44.5612
44.5663
44.5718
44.5774
44.5829
44.5879
44.5929
44.5984
44.6039
44.6094
44.615
44.6205
44.6261
44.6315
44.6377
44.6434
44.6497
44.6555
44.6609
44.6665
44.672
44.6781
44.6837
44.6889
44.6939
44.699
44.7043
44.7089
44.7154
44.7209
44.7265
44.7324
44.7374
44.7422
44.7475
44.7522
44.7576
44.7626
44.7677
44.7731
44.778
44.7832
44.7887
44.7941
44.8005
44.8055
44.8108
44.8163
44.8216
44.8273
44.8328
44.8384
44.8439
44.8492
44.8545
44.8597
44.8647
44.8696
44.8748
44.8803
44.8856
44.8908
44.896
44.9018
44.9071
44.9125
44.9177
44.9223
44.9277
44.9334
44.938
44.9435
44.9489
44.9543
44.9588
44.9647
44.9703
44.9759
44.9812
44.9864
44.9919
44.9968
45.0019
45.0074
45.0127
45.0182
45.0231
45.0284
45.0337
45.0383
45.044
45.0494
45.0548
45.0608
45.0658
45.0712
45.0765
45.0822
45.0881
45.0932
45.0986
45.1041
45.1093
45.115
45.1198
45.1251
45.13
45.1347
45.1404
45.146
45.151
45.1562
45.1621
45.1672
45.1729
45.178
45.1831
45.1886
45.1936
45.199
45.205
45.2105
45.2164
45.222
45.227
45.2325
45.2379
45.2432
45.2478
45.2524
45.258
45.2638
45.2686
45.2737
45.2795
45.2848
45.2896
45.2954
45.3004
45.3057
45.3109
45.3159
45.3211
45.3257
45.3307
45.3362
45.341
45.3457
45.351
45.3558
45.3612
45.3671
45.3722
45.3769
45.383
45.3881
45.3932
45.398
45.4034
45.4086
45.4137
45.4183
45.4233
45.4288
45.4339
45.4383
45.4441
45.4495
45.4549
45.4599
45.4651
45.4697
45.4744
45.4801
45.4846
45.4894
45.4948
45.4998
45.5056
45.5111
45.5171
45.5224
45.5281
45.533
45.5379
45.5423
45.5473
45.5517
45.5565
45.5609
45.5656
45.5709
45.5758
45.5812
45.5862
45.5919
45.597
45.6028
45.6077
45.6129
45.6178
45.6232
45.6279
45.6323
45.6373
45.6423
45.647
45.6519
45.6568
45.6625
45.667
45.6715
45.677
45.6823
45.6872
45.6926
45.6972
45.7026
45.7077
45.7127
45.718
45.7233
45.7283
45.734
45.7388
45.7441
45.7492
45.7548
45.7601
45.7647
45.7699
45.7749
45.7799
45.7848
45.79
45.7947
45.7992
45.8042
45.8092
45.8144
45.8192
45.8242
45.8293
45.8346
45.8394
45.8451
45.8501
45.8555
45.8614
45.8667
45.8716
45.8761
45.8812
45.8864
45.8912
45.8958
45.9006
45.9055
45.9103
45.9156
45.9207
45.9259
45.9317
45.9373
45.9423
45.9467
45.9514
45.9561
45.9607
45.9659
45.9707
45.975
45.9805
45.9854
45.9896
45.9945
45.9989
46.004
46.0089
46.014
46.019
46.0242
46.0291
46.0339
46.0391
46.0444
46.0489
46.0539
46.0589
46.0636
46.0689
46.0742
46.079
46.0849
46.0903
46.0954
46.1011
46.1061
46.1112
46.1163
46.1216
46.1266
46.1315
46.1368
46.1422
46.1472
46.1522
46.1573
46.1625
46.168
46.173
46.1778
46.1829
46.1875
46.1923
46.197
46.2017
46.2064
46.212
46.2165
46.2221
46.2272
46.2326
46.237
46.2417
46.2467
46.2517
46.2564
46.2615
46.2665
46.2713
46.2764
46.281
46.2865
46.292
46.2971
46.3016
46.3065
46.3119
46.317
46.3217
46.3266
46.3318
46.3367
46.3411
46.3458
46.3508
46.356
46.3602
46.3648
46.3704
46.3753
46.3803
46.3849
46.3901
46.3957
46.4007
46.4056
46.4098
46.4143
46.4194
46.4243
46.4288
46.4343
46.4395
46.4444
46.4491
46.4544
46.4591
46.4635
46.4687
46.4729
46.4779
46.4827
46.4884
46.4936
46.498
46.5034
46.5088
46.5135
46.519
46.5238
46.5288
46.5335
46.5384
46.5433
46.5486
46.5532
46.5582
46.5636
46.5691
46.5743
46.5796
46.5836
46.5885
46.594
46.5985
46.6039
46.6087
46.6136
46.6184
46.6231
46.6277
46.6325
46.6369
46.6421
46.6468
46.6513
46.6555
46.6608
46.6662
46.6716
46.6765
46.6811
46.6863
46.6916
46.6965
46.7015
46.7067
46.712
46.7168
46.7218
46.7268
46.7316
46.7361
46.7409
46.7454
46.7501
46.7555
46.7599
46.7645
46.7697
46.7746
46.7791
46.7839
46.7891
46.7934
46.7981
46.8033
46.8086
46.8129
46.8179
46.8229
46.8275
46.8328
46.8376
46.8423
46.8477
46.852
46.8565
46.8614
46.8662
46.8718
46.8768
46.882
46.8872
46.8918
46.897
46.9021
46.9063
46.9115
46.9168
46.9217
46.9265
46.9314
46.9365
46.9416
46.946
46.9508
46.9564
46.961
46.966
46.9709
46.9758
46.9799
46.985
46.9899
46.9946
46.9998
47.0038
47.0083
47.0141
47.019
47.0237
47.0286
47.0331
47.0385
47.0438
47.0484
47.054
47.0587
47.0632
47.068
47.0726
47.078
47.0824
47.0869
47.0922
47.0968
47.1014
47.1061
47.111
47.116
47.1206
47.1257
47.1306
47.1343
47.1388
47.143
47.1475
47.1519
47.156
47.1608
47.1661
47.1714
47.1756
47.1806
47.1858
47.1908
47.1954
47.1999
47.2047
47.2092
47.214
47.2188
47.2236
47.2283
47.2334
47.2377
47.2426
47.2471
47.2528
47.2575
47.2626
47.2666
47.2713
47.276
47.2812
47.2862
47.2905
47.2957
47.3008
47.3057
47.311
47.3158
47.3207
47.3256
47.3299
47.3347
47.3398
47.3447
47.3493
47.3534
47.358
47.3631
47.3677
47.3723
47.3769
47.3821
47.3869
47.3916
47.3962
47.4009
47.4062
47.4106
47.4155
47.4205
47.4248
47.4296
47.4343
47.4393
47.4437
47.4484
47.4532
47.4575
47.4625
47.4673
47.4718
47.4765
47.4812
47.486
47.4907
47.496
47.5011
47.5056
47.5103
47.5144
47.5187
47.5231
47.5278
47.5329
47.5378
47.5423
47.547
47.552
47.557
47.562
47.5674
47.5725
47.5773
47.5824
47.5875
47.5919
47.5962
47.6008
47.6057
47.6106
47.6145
47.6187
47.6232
47.6278
47.632
47.6361
47.641
47.646
47.6504
47.6553
47.6603
47.6651
47.6695
47.6737
47.6784
47.683
47.6876
47.6922
47.6968
47.7019
47.7067
47.7112
47.7163
47.7208
47.7258
47.7309
47.736
47.7403
47.745
47.7491
47.7536
47.7582
47.7634
47.768
47.7724
47.7769
47.7812
47.7857
47.7905
47.7954
47.8
47.8046
47.8094
47.814
47.8184
47.8229
47.8276
47.8319
47.8366
47.8412
47.8452
47.8504
47.8546
47.859
47.8635
47.8681
47.8726
47.8771
47.8819
47.8864
47.8913
47.8957
47.9004
47.905
47.9095
47.9143
47.9186
47.9229
47.9274
47.9317
47.9367
47.9412
47.9462
47.951
47.9552
47.9593
47.9639
47.9687
47.9735
47.978
47.9817
47.9862
47.9905
47.9952
47.9997
48.0051
48.0095
48.014
48.0183
48.023
48.0275
48.0321
48.0368
48.0407
48.0457
48.0507
48.0549
48.0598
48.0639
48.0688
48.0731
48.0779
48.0826
48.0878
48.0927
48.0979
48.1025
48.1075
48.1121
48.1166
48.1213
48.1257
48.1302
48.1349
48.1397
48.1442
48.1485
48.1539
48.1583
48.163
48.168
48.1724
48.1762
48.1802
48.1843
48.1889
48.1938
48.1985
48.2034
48.2083
48.2126
48.2167
48.2214
48.2256
48.2302
48.2343
48.2389
48.2433
48.2475
48.2519
48.2562
48.2603
48.2648
48.2695
48.2746
48.2792
48.284
48.2883
48.2934
48.2987
48.3036
48.3077
48.3117
48.3167
48.3214
48.3258
48.3306
48.3351
48.3391
48.3434
48.3475
48.3521
48.3568
48.3614
48.3665
48.3707
48.3753
48.3794
48.3841
48.3886
48.3932
48.3979
48.4025
48.4074
48.4121
48.4166
48.4209
48.4257
48.43
48.4348
48.4392
48.4446
48.4498
48.4551
48.4597
48.4642
48.468
48.4728
48.4774
48.4823
48.4868
48.4917
48.4964
48.5015
48.506
48.5107
48.5153
48.5199
48.5242
48.5292
48.5335
48.5383
48.5432
48.5475
48.5522
48.5569
48.5613
48.5655
48.5702
48.5745
48.5789
48.5836
48.588
48.5928
48.598
48.6024
48.6073
48.6117
48.6162
48.6203
48.6249
48.6302
48.6348
48.6396
48.6436
48.6483
48.6533
48.6576
48.6622
48.6663
48.6708
48.6748
48.6795
48.6844
48.689
48.6935
48.6984
48.7027
48.7075
48.7121
48.7167
48.7212
48.7256
48.7298
48.7349
48.7391
48.7437
48.7483
48.7533
48.7576
48.762
48.7668
48.7711
48.7756
48.7803
48.7848
48.7898
48.7941
48.7983
48.8034
48.8077
48.8122
48.8173
48.8222
48.8268
48.8317
48.8364
48.8406
48.8455
48.85
48.855
48.8595
48.8641
48.8682
48.8727
48.877
48.8821
48.8865
48.8909
48.8951
48.8992
48.9038
48.9085
48.913
48.9181
48.9224
48.9268
48.9312
48.936
48.9404
48.9452
48.9506
48.9553
48.9596
48.9641
48.9689
48.9732
48.9779
48.9829
48.9878
48.992
48.9963
49.0009
49.0054
49.0104
49.0144
49.0194
49.024
49.0286
49.0327
49.0371
49.0416
49.0464
49.0509
49.0553
49.0599
49.0649
49.0689
49.0735
49.0777
49.0827
49.0871
49.0918
49.0964
49.1008
49.1054
49.11
49.1145
49.119
49.1238
49.1283
49.1327
49.1369
49.1415
49.1462
49.1505
49.1548
49.159
49.163
49.1678
49.1719
49.1761
49.1812
49.1856
49.19
49.1947
49.1998
49.2046
49.2093
49.2139
49.2187
49.2231
49.2274
49.232
49.2366
49.2406
49.2462
49.2507
49.2549
49.2596
49.2646
49.2689
49.2728
49.2777
49.2818
49.2859
49.2904
49.2953
49.2995
49.3041
49.3084
49.3129
49.3174
49.3218
49.3265
49.3315
49.3364
49.3408
49.3448
49.3494
49.3539
49.3584
49.3632
49.368
49.3724
49.3766
49.3812
49.3857
49.3903
49.394
49.399
49.4033
49.4082
49.4133
49.4178
49.422
49.4267
49.4312
49.436
49.441
49.4456
49.4505
49.455
49.4595
49.4644
49.469
49.4733
49.4773
49.4819
49.4869
49.4914
49.4959
49.5002
49.5048
49.5094
49.5142
49.5187
49.5229
49.5273
49.532
49.5368
49.5413
49.5459
49.5508
49.5545
49.5588
49.5634
49.5675
49.5721
49.5765
49.5811
49.5856
49.5897
49.5941
49.598
49.6031
49.6078
49.6119
49.6168
49.6214
49.626
49.631
49.6354
49.6399
49.6447
49.6494
49.654
49.6583
49.6628
49.6671
49.6717
49.6765
49.6809
49.6854
49.6902
49.6944
49.6998
49.7035
49.7085
49.7129
49.7169
49.7213
49.7254
49.7293
49.734
49.7384
49.7428
49.7475
49.7513
49.7561
49.7604
49.7648
49.7692
49.7734
49.778
49.7825
49.7869
49.7915
49.7959
49.8006
49.8055
49.8098
49.8143
49.8189
49.8235
49.828
49.8322
49.8367
49.8411
49.8455
49.8501
49.8546
49.8588
49.8634
49.8678
49.8722
49.8771
49.8817
49.8859
49.8905
49.8945
49.899
49.9031
49.9078
49.9121
49.9159
49.9201
49.925
49.9296
49.9342
49.9385
49.9433
49.9476
49.9523
49.957
49.9615
49.9665
49.9708
49.9752
49.9792
49.9837
49.9887
49.9932
49.9982
50.0034
50.0081
50.0126
50.0168
50.021
50.0251
50.0297
50.0341
50.0387
50.0431
50.0475
50.0524
50.0571
50.0612
50.0659
50.0706
50.0749
50.079
50.0843
50.0884
50.0925
50.0973
50.1022
50.1067
50.1114
50.1158
50.1203
50.1245
50.1292
50.1339
50.1381
50.1429
50.1472
50.1517
50.1562
50.1605
50.1649
50.1703
50.1751
50.1798
50.1843
50.1888
50.1937
50.1982
50.2028
50.2074
50.2115
50.216
50.221
50.2253
50.23
50.2346
50.2392
50.2436
50.2479
50.2525
50.2567
50.2612
50.2657
50.2705
50.2748
50.2798
50.2845
50.2893
50.2942
50.2987
50.3034
50.3079
50.3123
50.3171
50.3216
50.3261
50.3301
50.3348
50.3393
50.3443
50.3486
50.353
50.3577
50.3621
50.3664
50.3705
50.3747
50.3791
50.3838
50.3884
50.3932
50.3977
50.4024
50.408
50.412
50.4168
50.4219
50.4268
50.4317
50.436
50.4407
50.4459
50.4503
50.4542
50.4588
50.4631
50.4678
50.4724
50.4764
50.4812
50.4855
50.4901
50.4944
50.499
50.5037
50.5085
50.5132
50.5178
50.522
50.5261
50.5307
50.5355
50.5401
50.5448
50.5496
50.5537
50.5582
50.5628
50.5673
50.5718
50.5762
50.5809
50.5856
50.5899
50.5943
50.5986
50.6029
50.6077
50.6122
50.6171
50.622
50.6264
50.6312
50.6359
50.6407
50.645
50.6496
50.6537
50.6578
50.6625
50.6668
50.6713
50.6763
50.6801
50.6847
50.6892
50.6939
50.6982
50.7025
50.7075
50.712
50.7164
50.721
50.7254
50.7302
50.7346
50.7393
50.7432
50.7478
50.7532
50.7573
50.7614
50.7659
50.7702
50.7745
50.7792
50.784
50.7883
50.7926
50.7971
50.8018
50.8064
50.8111
50.8158
50.8205
50.825
50.8293
50.834
50.8383
50.8427
50.8473
50.8524
50.8567
50.8614
50.8661
50.8714
50.8762
50.8801
50.8849
50.8891
50.8935
50.8979
50.9023
50.9071
50.9114
50.9164
50.9212
50.9252
50.9295
50.9337
50.9385
50.9431
50.9481
50.9532
50.9575
50.9617
50.9663
50.971
50.9756
50.9806
50.9853
50.9895
50.9947
50.9997
51.0041
51.0086
51.0144
51.0192
51.024
51.0287
51.0332
51.0376
51.0424
51.0468
51.0517
51.0571
51.0617
51.0661
51.0707
51.0754
51.08
51.0842
51.0888
51.0933
51.0982
51.1026
51.1067
51.1109
51.1158
51.1205
51.125
51.1299
51.1346
51.1391
51.1435
51.1487
51.1541
51.1587
51.1634
51.1678
51.1728
51.1775
51.183
51.1873
51.1914
51.196
51.2
51.2051
51.2093
51.2136
51.2185
51.2236
51.2284
51.233
51.2375
51.2418
51.2462
51.2508
51.2549
51.2602
51.2652
51.2705
51.275
51.2797
51.2843
51.2887
51.2936
51.2989
51.3032
51.3071
51.3125
51.3174
51.3231
51.3278
51.3325
51.3374
51.3416
51.3464
51.3511
51.3559
51.3605
51.365
51.37
51.375
51.3795
51.3847
51.389
51.3939
51.3987
51.4033
51.408
51.4127
51.4171
51.4221
51.4265
51.4311
51.4359
51.4409
51.4456
51.4503
51.456
51.4606
51.4654
51.4701
51.4745
51.4791
51.484
51.4882
51.4936
51.4985
51.5034
51.5084
51.513
51.5174
51.5217
51.5262
51.5307
51.5348
51.5391
51.5436
51.5482
51.5524
51.5568
51.5614
51.5657
51.5704
51.5751
51.5799
51.5851
51.5903
51.594
51.5986
51.6038
51.6089
51.6139
51.6183
51.6232
51.6289
51.6337
51.6381
51.6428
51.6479
51.6525
51.6568
51.6613
51.6664
51.6708
51.6751
51.6802
51.6854
51.6902
51.6948
51.6994
51.7044
51.7093
51.7141
51.7191
51.7242
51.7287
51.734
51.7393
51.7444
51.7498
51.7552
51.7596
51.7647
51.7696
51.7745
51.7791
51.784
51.7884
51.7935
51.7985
51.8031
51.8083
51.8135
51.8184
51.8232
51.8282
51.8328
51.8379
51.8429
51.8476
51.8521
51.8566
51.861
51.8661
51.8709
51.8757
51.8806
51.8852
51.8896
51.894
51.8995
51.9041
51.9089
51.9139
51.9196
51.9239
51.9286
51.9335
51.9387
51.9439
51.9491
51.9538
51.9593
51.964
51.9684
51.9731
51.9778
51.9825
51.987
51.9916
51.9959
52.0009
52.0061
52.0111
52.0161
52.021
52.0253
52.0298
52.0343
52.039
52.0436
52.0482
52.0532
52.0583
52.0628
52.0682
52.0732
52.0776
52.0818
52.0865
52.0917
52.0963
52.1009
52.1056
52.1105
52.1159
52.1207
52.1254
52.1299
52.1343
52.1394
52.1439
52.1484
52.1528
52.1572
52.1619
52.1665
52.171
52.1761
52.181
52.186
52.1908
52.1957
52.2003
52.2051
52.2101
52.2149
52.2193
52.2242
52.2288
52.2331
52.2382
52.2425
52.2466
52.2515
52.2567
52.2616
52.2664
52.2711
52.277
52.2822
52.2868
52.2919
52.2971
52.3023
52.3068
52.3118
52.3162
52.3213
52.3256
52.3309
52.3363
52.3409
52.3453
52.3499
52.3547
52.3595
52.3643
52.3692
52.3742
52.3786
52.3836
52.3884
52.3938
52.3981
52.4032
52.4075
52.4122
52.4175
52.422
52.427
52.4319
52.4368
52.4415
52.4463
52.4515
52.4559
52.4608
52.4663
52.4712
52.4764
52.4814
52.4865
52.4913
52.4962
52.501
52.506
52.5115
52.5168
52.5214
52.5266
52.5315
52.5363
52.5411
52.5456
52.5509
52.5565
52.5614
52.5659
52.5705
52.5751
52.5806
52.5853
52.591
52.5959
52.6005
52.6054
52.6105
52.6155
52.6204
52.6247
52.6303
52.6353
52.6404
52.6457
52.6509
52.6556
52.6602
52.6652
52.6702
52.6751
52.68
52.6858
52.6913
52.6964
52.7013
52.7067
52.7123
52.7173
52.7218
52.7264
52.7321
52.7364
52.7416
52.747
52.7516
52.7564
52.7621
52.767
52.7724
52.7768
52.7825
52.7868
52.7917
52.7971
52.802
52.807
52.8125
52.8178
52.8224
52.8272
52.832
52.837
52.8425
52.8477
52.8525
52.8574
52.8626
52.8672
52.8714
52.8767
52.8815
52.8863
52.8905
52.8962
52.9009
52.9061
52.9112
52.9158
52.9209
52.9263
52.9313
52.9362
52.9417
52.9461
52.9512
52.9562
52.9613
52.9658
52.9705
52.9753
52.9803
52.9856
52.9909
52.9955
53.0002
53.005
53.0099
53.015
53.0197
53.0248
53.0299
53.0351
53.0397
53.0445
53.0493
53.0541
53.0593
53.0641
53.0694
53.0749
53.08
53.0854
53.0902
53.0951
53.1001
53.1055
53.111
53.1166
53.1216
53.1269
53.1318
53.1369
53.1419
53.1466
53.1517
53.1567
53.1618
53.1666
53.1716
53.1765
53.1814
53.1865
53.1917
53.1973
53.2022
53.2081
53.2133
53.2183
53.2232
53.2281
53.2332
53.2388
53.2437
53.2491
53.2537
53.2584
53.2639
53.2691
53.274
53.2791
53.2842
53.2892
53.2942
53.2994
53.3041
53.3097
53.3154
53.3206
53.3256
53.331
53.3364
53.342
53.3475
53.3529
53.3584
53.3639
53.3691
53.3739
53.3785
53.3844
53.3895
53.3948
53.3996
53.4051
53.4104
53.4153
53.4207
53.4261
53.4309
53.4367
53.442
53.4482
53.4537
53.4586
53.4635
53.4685
53.4737
53.4786
53.4842
53.4887
53.4937
53.4988
53.5044
53.5097
53.5149
53.5203
53.5254
53.5306
53.5363
53.5412
53.5471
53.5526
53.5577
53.5638
53.569
53.5741
53.5795
53.5852
53.5907
53.5961
53.6013
53.6065
53.6116
53.6169
53.6221
53.6271
53.6322
53.6381
53.643
53.6482
53.6537
53.6594
53.6646
53.6701
53.6746
53.6795
53.6842
53.6889
53.6938
53.6986
53.7046
53.7104
53.7155
53.7213
53.726
53.7316
53.7369
53.7425
53.7479
53.753
53.7586
53.7636
53.769
53.775
53.7804
53.7854
53.7908
53.7964
53.8017
53.807
53.8121
53.8176
53.8232
53.8282
53.8339
53.8396
53.8452
53.8507
53.8558
53.8613
53.8659
53.8714
53.8764
53.8818
53.8869
53.8923
53.8986
53.9045
53.9096
53.9151
53.9206
53.9259
53.9313
53.9365
53.9417
53.9478
53.9536
53.9589
53.9647
53.9699
53.9758
53.9818
53.9871
53.9921
53.9974
54.0025
54.0088
54.0138
54.019
54.0249
54.0302
54.0362
54.0414
54.0468
54.052
54.0569
54.0623
54.0675
54.072
54.0782
54.0839
54.0891
54.0941
54.0999
54.1056
54.112
54.117
54.1229
54.1282
54.1338
54.1399
54.1454
54.1511
54.1562
54.1617
54.167
54.1723
54.1775
54.1833
54.1888
54.1945
54.1995
54.2053
54.2102
54.2161
54.2215
54.2273
54.2329
54.2385
54.2449
54.2502
54.2558
54.2609
54.2667
54.2722
54.2781
54.2839
54.2902
54.2956
54.3008
54.3068
54.3123
54.3172
54.322
54.3276
54.3335
54.3391
54.3451
54.3509
54.3571
54.3628
54.3687
54.3736
54.3792
54.384
54.3893
54.3951
54.4008
54.4064
54.4121
54.4182
54.424
54.4294
54.4346
54.4412
54.4467
54.4529
54.4587
54.464
54.47
54.4756
54.4818
54.4876
54.4933
54.499
54.5049
54.5108
54.5166
54.5224
54.5279
54.5334
54.5394
54.5446
54.5505
54.5558
54.5614
54.5671
54.5728
54.579
54.585
54.5904
54.5958
54.6011
54.6065
54.6122
54.6179
54.6236
54.6293
54.6348
54.6404
54.6464
54.6527
54.6586
54.6637
54.6691
54.6752
54.681
54.6862
54.693
54.6986
54.7034
54.7085
54.714
54.7199
54.7252
54.732
54.7383
54.7446
54.7505
54.7559
54.7613
54.7671
54.7734
54.7785
54.784
54.7898
54.7949
54.8011
54.8063
54.812
54.8177
54.8234
54.8296
54.8362
54.8425
54.8485
54.8544
54.8593
54.8654
54.8712
54.8765
54.8827
54.8883
54.8949
54.9009
54.9069
54.9125
54.9183
54.9246
54.9316
54.9366
54.9426
54.9494
54.9551
54.9615
54.9675
54.9723
54.9781
54.9842
54.9898
54.9958
55.0018
55.0077
55.0139
55.0194
55.025
55.0317
55.0373
55.0432
55.0496
55.0555
55.0609
55.0674
55.0739
55.0804
55.0859
55.0922
55.0983
55.1046
55.1104
55.1163
55.1225
55.1284
55.1345
55.1402
55.1455
55.1514
55.1579
55.1646
55.1711
55.1767
55.1826
55.1884
55.1949
55.2011
55.2074
55.2135
55.2199
55.226
55.2323
55.2383
55.2441
55.2505
55.2568
55.2634
55.2691
55.2761
55.2825
55.2885
55.2943
55.3007
55.3064
55.3121
55.3188
55.3252
55.3319
55.338
55.3443
55.3502
55.3561
55.3628
55.3697
55.3766
55.3819
55.3888
55.3947
55.4007
55.4077
55.4136
55.42
55.4265
55.4332
55.4395
55.4458
55.4527
55.4588
55.4647
55.4705
55.4772
55.4835
55.49
55.496
55.5024
55.5084
55.5149
55.5214
55.5274
55.5338
55.5398
55.5461
55.5527
55.5593
55.5663
55.5722
55.5789
55.5844
55.5909
55.5973
55.6039
55.6097
55.6162
55.6224
55.6289
55.636
55.643
55.6489
55.6549
55.6617
55.6678
55.6743
55.6807
55.687
55.6935
55.7011
55.7082
55.7149
55.7218
55.7285
55.7345
55.7419
55.7479
55.7544
55.761
55.7678
55.7742
55.7803
55.7861
55.792
55.7984
55.8048
55.8116
55.8187
55.8256
55.8321
55.8384
55.8451
55.8518
55.8579
55.8651
55.8717
55.8782
55.8845
55.891
55.8981
55.9042
55.9103
55.9171
55.9246
55.9314
55.938
55.9448
55.9514
55.9586
55.9652
55.9726
55.9804
55.9866
55.9933
55.9996
56.0059
56.0126
56.0191
56.0258
56.0331
56.0398
56.0462
56.0522
56.0594
56.0653
56.0725
56.0789
56.086
56.0928
56.1009
56.1076
56.1141
56.1217
56.1286
56.1354
56.1424
56.1498
56.1571
56.1632
56.1703
56.1772
56.1845
56.1907
56.1983
56.2043
56.2109
56.2185
56.2256
56.2329
56.2394
56.2468
56.2543
56.2615
56.2685
56.2752
56.283
56.2906
56.297
56.3031
56.3114
56.3187
56.3252
56.3313
56.3374
56.3457
56.354
56.3613
56.3679
56.375
56.3819
56.3892
56.3968
56.403
56.4099
56.4172
56.4242
56.4316
56.4388
56.4465
56.4531
56.4594
56.4665
56.4744
56.4818
56.4888
56.496
56.5038
56.5114
56.5183
56.5249
56.5319
56.5397
56.5462
56.5533
56.5595
56.5658
56.5732
56.5812
56.5886
56.5964
56.6037
56.6108
56.618
56.6258
56.6341
56.6414
56.6485
56.6556
56.6644
56.6714
56.679
56.6876
56.6961
56.7047
56.7116
56.7189
56.7255
56.7321
56.74
56.7472
56.7546
56.7618
56.7693
56.7772
56.7849
56.7931
56.8003
56.8078
56.8152
56.8219
56.8303
56.8373
56.8455
56.8531
56.8611
56.8685
56.8759
56.8831
56.8904
56.8979
56.905
56.9133
56.9206
56.9283
56.9367
56.9437
56.9515
56.9592
56.9667
56.9752
56.9828
56.9909
56.9979
57.0051
57.0128
57.0202
57.0275
57.036
57.0434
57.0509
57.0585
57.0657
57.0734
57.0818
57.0899
57.0982
57.1055
57.113
57.1211
57.128
57.1362
57.1443
57.1525
57.1607
57.1681
57.1746
57.1826
57.1902
57.1983
57.2061
57.2132
57.2203
57.2283
57.2366
57.2447
57.2522
57.2609
57.269
57.2771
57.2856
57.2935
57.3019
57.3107
57.3193
57.3271
57.3351
57.3433
57.3523
57.3605
57.3681
57.3754
57.3828
57.3902
57.3985
57.4063
57.4144
57.4235
57.4309
57.4389
57.4469
57.4557
57.4635
57.4714
57.4791
57.4872
57.4952
57.5031
57.5111
57.5192
57.5279
57.5362
57.5437
57.5522
57.5606
57.5697
57.5779
57.5861
57.5946
57.6023
57.6096
57.6177
57.6263
57.6347
57.6422
57.6527
57.6607
57.6697
57.6775
57.6863
57.6944
57.7031
57.7122
57.7205
57.7295
57.7375
57.7468
57.7558
57.7649
57.7728
57.7819
57.7892
57.797
57.8061
57.8147
57.8238
57.8328
57.842
57.8511
57.8592
57.8676
57.8764
57.8853
57.8931
57.9014
57.9101
57.9171
57.9254
57.9344
57.9423
57.9518
57.9604
57.9692
57.9781
57.9867
57.9947
58.0034
58.0119
58.0201
58.03
58.0382
58.0481
58.0572
58.0657
58.0746
58.0844
58.0943
58.1025
58.1121
58.1224
58.1323
58.1412
58.1493
58.1582
58.1682
58.1771
58.1856
58.195
58.2028
58.2116
58.2203
58.2291
58.2381
58.2468
58.2569
58.2661
58.2742
58.2836
58.2929
58.3015
58.3106
58.3196
58.3282
58.3378
58.3469
58.357
58.366
58.375
58.3847
58.3943
58.4038
58.413
58.4211
58.4301
58.439
58.4498
58.4595
58.469
58.4785
58.4875
58.4974
58.5061
58.5165
58.5268
58.5368
58.5462
58.556
58.5651
58.5754
58.5851
58.5949
58.6046
58.6148
58.6227
58.632
58.6428
58.6524
58.6622
58.673
58.6828
58.6929
58.703
58.7122
58.722
58.7316
58.7415
58.7522
58.7617
58.771
58.7806
58.7904
58.8005
58.8112
58.8209
58.8312
58.8409
58.851
58.8617
58.8731
58.8841
58.8945
58.9045
58.9146
58.9259
58.9354
58.9448
58.9537
58.9635
58.9743
58.9849
58.9961
59.0067
59.0172
59.0281
59.0377
59.0489
59.0589
59.0683
59.0777
59.0901
59.1013
59.11
59.1216
59.1313
59.1429
59.1531
59.1633
59.1746
59.1853
59.1955
59.2059
59.2158
59.2268
59.2388
59.2498
59.2614
59.272
59.2822
59.2917
59.3041
59.3146
59.3262
59.3371
59.3489
59.3605
59.3718
59.3823
59.3913
59.4009
59.4112
59.4218
59.4332
59.4445
59.4565
59.4682
59.4785
59.4887
59.4986
59.5095
59.5205
59.5317
59.5439
59.5557
59.5667
59.5775
59.5895
59.6017
59.6137
59.626
59.6374
59.6488
59.66
59.6718
59.6831
59.6943
59.7061
59.7189
59.7307
59.7419
59.7551
59.7686
59.7807
59.7918
59.8033
59.8149
59.8269
59.8381
59.8513
59.8634
59.8746
59.8858
59.8983
59.9096
59.9207
59.9332
59.9453
59.957
59.9695
59.9799
59.9923
60.005
60.0164
60.0281
60.0403
60.0531
60.0661
60.0783
60.0906
60.1018
60.1131
60.1272
60.1399
60.152
60.1652
60.1767
60.1887
60.2009
60.2125
60.2261
60.2386
60.2504
60.2632
60.2763
60.2896
60.3035
60.3161
60.3296
60.3425
60.355
60.3681
60.3819
60.3938
60.4058
60.4189
60.4315
60.4444
60.4584
60.4716
60.4846
60.4994
60.5106
60.5226
60.5348
60.5489
60.5621
60.575
60.5878
60.6015
60.6157
60.63
60.643
60.6569
60.6712
60.6845
60.6976
60.7114
60.7255
60.7385
60.7538
60.7671
60.7807
60.7957
60.8085
60.8215
60.836
60.8511
60.8647
60.8798
60.8966
60.9118
60.9267
60.9422
60.9557
60.9683
60.9824
60.9967
61.01
61.0242
61.0388
61.0514
61.0667
61.0834
61.0987
61.1129
61.1263
61.1409
61.1547
61.169
61.1862
61.201
61.2151
61.2302
61.2454
61.259
61.2736
61.2864
61.3016
61.3148
61.3306
61.3476
61.3604
61.3759
61.3903
61.4065
61.4217
61.4371
61.4527
61.4683
61.4848
61.5018
61.5166
61.5335
61.5499
61.5655
61.5819
61.5993
61.6145
61.6306
61.645
61.6599
61.6771
61.6926
61.7097
61.7249
61.7425
61.7591
61.7749
61.7921
61.8089
61.8258
61.8421
61.8582
61.876
61.8928
61.9107
61.9284
61.9445
61.9619
61.9805
61.9966
62.0158
62.0322
62.0484
62.0679
62.0855
62.1031
62.1182
62.135
62.1524
62.1714
62.1886
62.2074
62.2222
62.2405
62.2584
62.2754
62.2931
62.3103
62.3278
62.3454
62.3626
62.3809
62.3987
62.4168
62.4352
62.455
62.4723
62.4904
62.5109
62.5302
62.5506
62.568
62.5884
62.6058
62.6228
62.6403
62.6586
62.6755
62.6949
62.7113
62.7312
62.7499
62.7679
62.785
62.8063
62.8241
62.8455
62.8644
62.885
62.9024
62.9208
62.9382
62.9591
62.9821
63.002
63.0226
63.042
63.0641
63.0846
63.1045
63.1246
63.1435
63.1653
63.1853
63.2098
63.234
63.2513
63.2719
63.2906
63.3145
63.3379
63.3598
63.3791
63.4018
63.4241
63.4429
63.4635
63.4826
63.5018
63.5228
63.5434
63.5668
63.5907
63.6104
63.6321
63.6551
63.6729
63.6946
63.7178
63.74
63.7631
63.7875
63.8101
63.8356
63.861
63.8858
63.9059
63.9275
63.9479
63.9732
63.9949
64.0177
64.0427
64.0668
64.0925
64.1168
64.139
64.1612
64.1855
64.2092
64.2326
64.258
64.2852
64.3078
64.333
64.3567
64.3779
64.4043
64.4301
64.4544
64.4802
64.5049
64.5292
64.555
64.579
64.6043
64.6295
64.6538
64.6837
64.7092
64.7333
64.7603
64.7847
64.8109
64.8364
64.8626
64.8893
64.9158
64.9405
64.966
64.992
65.022
65.0459
65.0749
65.104
65.1324
65.1595
65.1904
65.2162
65.2463
65.2729
65.301
65.3288
65.3565
65.3875
65.4187
65.4533
65.4854
65.5171
65.5471
65.5763
65.6058
65.636
65.6721
65.7003
65.7288
65.7584
65.7909
65.824
65.8566
65.8899
65.9264
65.9548
65.9869
66.0164
66.0504
66.0784
66.1116
66.1431
66.1723
66.2041
66.2461
66.2782
66.318
66.3474
66.3851
66.4229
66.4532
66.4908
66.5269
66.5633
66.5999
66.639
66.676
66.7149
66.7553
66.7958
66.8343
66.8711
66.9176
66.957
66.9938
67.0382
67.0812
67.1263
67.1718
67.2131
67.26
67.3095
67.3536
67.3977
67.4516
67.498
67.5464
67.5927
67.6343
67.6794
67.7291
67.7762
67.8251
67.8728
67.9239
67.9781
68.0284
68.0794
68.1345
68.1928
68.2411
68.2905
68.3451
68.4009
68.4639
68.5189
68.5723
68.6336
68.6984
68.7623
68.8217
68.887
68.9526
69.0238
69.097
69.1684
69.2353
69.2986
69.3745
69.456
69.5279
69.6037
69.6817
69.7612
69.8425
69.9173
70.018
70.1095
70.2029
70.2924
70.3897
70.4843
70.5821
70.6846
70.7891
70.8994
71.0082
71.0995
71.2077
71.3241
71.4413
71.5686
71.7144
71.8688
72.0002
72.16
72.2944
72.4521
72.6183
72.8011
72.9772
73.1658
73.3543
73.5578
73.7691
73.9634
74.1993
74.44
74.6965
74.9122
75.1849
75.4791
75.8082
76.1505
76.5372
76.961
77.4839
78.4512
82.2075
89.7283
