2
2.5
2.83333
3.16667
3.33333
3.41667
3.45833
3.75
3.79167
5.34785
6.65674
7.84622
9.07093
9.61428
10.9937
12.1941
12.9135
13.6282
14.1429
14.6433
15.0238
15.4355
15.7499
16.0144
16.2655
16.4944
16.7066
16.8947
17.1126
17.3129
17.51
17.7005
17.8469
18.0046
18.146
18.3053
18.4447
18.59
18.7145
18.8603
18.9853
19.106
19.2263
19.3437
19.4588
19.5707
19.6868
19.7975
19.9194
20.0337
20.1215
20.2188
20.3153
20.4197
20.5168
20.6203
20.7033
20.7853
20.8832
20.9742
21.0704
21.1523
21.2324
21.3162
21.3956
21.4712
21.5481
21.6176
21.6877
21.7671
21.847
21.9289
21.9949
22.0637
22.1306
22.2044
22.2713
22.3426
22.4163
22.4827
22.5455
22.6065
22.6744
22.7417
22.8055
22.8672
22.9271
22.9926
23.0608
23.1205
23.18
23.2342
23.2939
23.3454
23.4021
23.4627
23.5108
23.5664
23.6283
23.6813
23.7394
23.7927
23.8454
23.8987
23.9518
24.0023
24.0563
24.1103
24.158
24.2082
24.2659
24.3214
24.37
24.4229
24.4671
24.5156
24.5578
24.6123
24.6579
24.6961
24.7366
24.7847
24.8313
24.8754
24.9248
24.9692
25.0065
25.0515
25.0913
25.1352
25.1764
25.2168
25.2606
25.2964
25.3397
25.3794
25.4222
25.4623
25.5036
25.5363
25.5774
25.6171
25.6538
25.6892
25.7247
25.7621
25.7999
25.8338
25.8754
25.9125
25.9491
25.9835
26.0182
26.0495
26.0832
26.1178
26.158
26.1936
26.2246
26.2577
26.2903
26.3238
26.3605
26.3973
26.4303
26.465
26.4962
26.5282
26.5586
26.5882
26.6194
26.6524
26.6877
26.7163
26.7522
26.7874
26.8186
26.8537
26.8823
26.9147
26.945
26.9756
27.0086
27.0391
27.0694
27.1
27.1275
27.1604
27.1909
27.2171
27.2442
27.2732
27.2997
27.3301
27.3585
27.3848
27.4108
27.4392
27.4665
27.4933
27.5233
27.5505
27.578
27.6061
27.6343
27.6622
27.6893
27.7193
27.746
27.7759
27.8043
27.8312
27.8594
27.8863
27.9141
27.9433
27.9732
28.0013
28.0293
28.0582
28.0828
28.1075
28.1357
28.1634
28.1904
28.2181
28.2432
28.2684
28.2958
28.323
28.3469
28.3728
28.401
28.4268
28.4529
28.4793
28.5057
28.5297
28.5511
28.574
28.5953
28.6192
28.6436
28.6662
28.6922
28.7154
28.7394
28.7647
28.7881
28.8137
28.8414
28.8674
28.8887
28.9116
28.937
28.9602
28.9838
29.0063
29.0287
29.0513
29.0765
29.1001
29.1223
29.1438
29.165
29.1865
29.2079
29.2323
29.2556
29.2767
29.2965
29.3184
29.341
29.3626
29.3824
29.405
29.4274
29.4485
29.471
29.4937
29.5168
29.5403
29.56
29.584
29.6033
29.6257
29.6457
29.6669
29.6882
29.7093
29.7312
29.755
29.7773
29.7972
29.8211
29.8421
29.8628
29.8827
29.9031
29.9245
29.9436
29.9631
29.986
30.0076
30.0283
30.0494
30.0698
30.0903
30.1121
30.1302
30.1523
30.1751
30.1941
30.2141
30.2349
30.254
30.2755
30.2956
30.3185
30.3385
30.36
30.382
30.4008
30.4212
30.4421
30.4625
30.4833
30.503
30.5211
30.5397
30.5594
30.5792
30.5976
30.6163
30.6351
30.6563
30.6737
30.6932
30.7141
30.7347
30.7517
30.7718
30.7903
30.8085
30.8251
30.8412
30.8606
30.8778
30.8969
30.913
30.9316
30.9494
30.9682
30.986
31.0058
31.0235
31.0432
31.0647
31.0828
31.1014
31.1194
31.1385
31.1561
31.1743
31.1931
31.2123
31.2284
31.2463
31.2652
31.2833
31.2999
31.3173
31.3358
31.3534
31.3702
31.3843
31.3989
31.4159
31.4331
31.4494
31.4657
31.4816
31.4983
31.5134
31.5301
31.5482
31.5648
31.5846
31.6034
31.6193
31.637
31.6538
31.671
31.6889
31.7056
31.7208
31.7367
31.7536
31.7702
31.7869
31.8034
31.82
31.8369
31.854
31.8712
31.8882
31.9053
31.9206
31.9378
31.9536
31.9684
31.9829
32.0005
32.0173
32.0324
32.0464
32.0624
32.0805
32.0975
32.1144
32.1305
32.149
32.1657
32.1806
32.196
32.2095
32.2243
32.2419
32.2582
32.2757
32.2905
32.3086
32.3237
32.3392
32.3567
32.373
32.389
32.4045
32.4194
32.4344
32.4495
32.4643
32.4806
32.4968
32.5111
32.5271
32.5429
32.5586
32.5722
32.5872
32.6023
32.6173
32.6313
32.6469
32.6625
32.678
32.6922
32.7088
32.7233
32.7379
32.7533
32.7666
32.7807
32.795
32.8096
32.8236
32.8383
32.8529
32.8682
32.8827
32.8965
32.9111
32.9245
32.9386
32.9526
32.9667
32.9817
32.9954
33.0101
33.0255
33.0403
33.0545
33.0692
33.0828
33.0972
33.1113
33.1243
33.1394
33.1519
33.1645
33.1776
33.1921
33.2052
33.2203
33.2326
33.2456
33.2569
33.2711
33.2827
33.2962
33.3096
33.3237
33.3373
33.3499
33.3636
33.3762
33.3882
33.4015
33.4146
33.429
33.443
33.455
33.4702
33.4831
33.4958
33.5094
33.5222
33.5371
33.5497
33.5625
33.577
33.5881
33.6009
33.6151
33.628
33.6415
33.6558
33.6696
33.6855
33.6997
33.7124
33.7252
33.7374
33.7506
33.7632
33.776
33.7879
33.8002
33.8119
33.8253
33.8378
33.85
33.8608
33.8744
33.886
33.8984
33.911
33.9219
33.9339
33.9462
33.9594
33.9719
33.9838
33.9958
34.0088
34.0209
34.0349
34.0466
34.0583
34.0712
34.0831
34.0959
34.1081
34.1209
34.133
34.1449
34.1561
34.1682
34.1813
34.1943
34.2059
34.2179
34.2285
34.2399
34.251
34.2629
34.2759
34.2876
34.3001
34.3114
34.323
34.334
34.345
34.3559
34.3689
34.3804
34.3912
34.4034
34.416
34.4284
34.4405
34.4535
34.4654
34.4755
34.486
34.4974
34.5084
34.52
34.5314
34.5427
34.5549
34.5672
34.578
34.5892
34.6005
34.6116
34.6225
34.6337
34.6462
34.657
34.6673
34.6786
34.6886
34.6998
34.7114
34.7236
34.7348
34.7468
34.7576
34.7693
34.7801
34.7913
34.8024
34.8145
34.8259
34.8376
34.8485
34.8593
34.8706
34.8818
34.893
34.9034
34.9148
34.926
34.9361
34.9459
34.9579
34.9709
34.9813
34.9933
35.0032
35.0139
35.0229
35.0332
35.042
35.0523
35.0636
35.0741
35.0838
35.0949
35.1049
35.1163
35.1264
35.1361
35.1462
35.1585
35.1692
35.1791
35.1896
35.2003
35.2104
35.2208
35.2317
35.2435
35.2539
35.2639
35.2742
35.2845
35.296
35.3066
35.3177
35.3277
35.3383
35.3491
35.3598
35.3703
35.3811
35.3914
35.4011
35.4115
35.4216
35.4314
35.4421
35.4531
35.4641
35.4745
35.4859
35.4958
35.5058
35.5147
35.5247
35.5349
35.5439
35.5542
35.5632
35.5726
35.5821
35.5916
35.6013
35.6109
35.6211
35.6321
35.6415
35.6512
35.6611
35.6708
35.6804
35.6896
35.6991
35.7108
35.719
35.7272
35.7373
35.7483
35.7576
35.768
35.7779
35.7868
35.7964
35.8065
35.8158
35.8257
35.8352
35.8448
35.8549
35.8637
35.8733
35.8824
35.8924
35.9021
35.9122
35.9222
35.933
35.9424
35.9518
35.9611
35.9705
35.9792
35.9891
35.9974
36.0073
36.0169
36.0263
36.0352
36.0446
36.0545
36.0635
36.0728
36.0821
36.0926
36.1018
36.111
36.1201
36.129
36.1386
36.1468
36.1557
36.1642
36.1738
36.1831
36.1923
36.2008
36.2104
36.219
36.228
36.2376
36.2468
36.2555
36.2653
36.275
36.2861
36.2952
36.3049
36.3142
36.3228
36.3327
36.3415
36.3511
36.3609
36.3701
36.379
36.3878
36.3963
36.4046
36.4142
36.4221
36.4314
36.4402
36.449
36.4588
36.4677
36.4763
36.4858
36.4957
36.5048
36.5131
36.5219
36.5303
36.54
36.5488
36.5575
36.5657
36.5748
36.5832
36.5923
36.6013
36.6094
36.6188
36.6267
36.6357
36.6445
36.653
36.6615
36.6691
36.6775
36.6868
36.696
36.7045
36.7123
36.7217
36.7302
36.7399
36.7485
36.7568
36.7665
36.7764
36.7841
36.7927
36.8009
36.8092
36.8174
36.825
36.8333
36.8425
36.8512
36.8593
36.8682
36.8759
36.8838
36.8927
36.9019
36.9095
36.9165
36.925
36.9339
36.9424
36.951
36.9589
36.9672
36.9748
36.9835
36.9915
37.0002
37.008
37.0159
37.0239
37.0317
37.04
37.0479
37.0556
37.0634
37.0709
37.0797
37.0878
37.096
37.1032
37.1107
37.1184
37.1255
37.1339
37.1419
37.1493
37.1573
37.166
37.1741
37.1813
37.19
37.198
37.2061
37.2143
37.2224
37.2304
37.2384
37.247
37.2536
37.262
37.2708
37.2784
37.2862
37.2947
37.3025
37.3099
37.3174
37.3252
37.3325
37.3404
37.3475
37.3552
37.3636
37.3727
37.3804
37.388
37.3954
37.4027
37.4105
37.4195
37.4263
37.4348
37.4427
37.4501
37.4585
37.467
37.4752
37.4821
37.4902
37.4991
37.5077
37.5155
37.5229
37.531
37.5381
37.5468
37.5543
37.5621
37.5693
37.5764
37.5834
37.5902
37.5971
37.605
37.6132
37.6205
37.6288
37.6368
37.6439
37.6507
37.6591
37.6665
37.6749
37.6831
37.6904
37.698
37.7063
37.7142
37.7225
37.7298
37.7372
37.7449
37.7528
37.7605
37.7671
37.774
37.7815
37.7898
37.7971
37.8042
37.8121
37.8195
37.828
37.8358
37.8441
37.8517
37.859
37.8664
37.8743
37.882
37.889
37.8968
37.903
37.9112
37.9179
37.9258
37.9331
37.9404
37.9471
37.9538
37.9616
37.9694
37.9772
37.9849
37.9926
38.0005
38.0084
38.0159
38.0236
38.0303
38.0381
38.0457
38.0525
38.0598
38.0672
38.0744
38.0815
38.0886
38.0969
38.1033
38.1103
38.1174
38.1251
38.1319
38.1394
38.1459
38.1518
38.1587
38.1662
38.1737
38.1809
38.1887
38.1953
38.2013
38.2091
38.216
38.2223
38.2296
38.2376
38.2442
38.2522
38.2589
38.2655
38.2727
38.2804
38.2878
38.2946
38.3014
38.3094
38.3169
38.3245
38.3309
38.3371
38.3442
38.3506
38.3572
38.3651
38.3714
38.3788
38.3866
38.3938
38.4
38.4066
38.4131
38.4206
38.4272
38.4342
38.4412
38.449
38.4552
38.4617
38.4684
38.4751
38.482
38.4881
38.495
38.5017
38.5079
38.515
38.5222
38.5293
38.5355
38.5427
38.5495
38.5565
38.563
38.5692
38.5762
38.583
38.5907
38.5978
38.6045
38.6118
38.6191
38.626
38.6333
38.6404
38.6473
38.6541
38.661
38.668
38.6744
38.6813
38.6881
38.6955
38.7032
38.7108
38.7183
38.7245
38.7307
38.738
38.7444
38.7502
38.7563
38.7629
38.7696
38.7761
38.783
38.79
38.797
38.8039
38.8107
38.8186
38.8254
38.8314
38.8379
38.8444
38.8511
38.8582
38.8648
38.8713
38.8771
38.8834
38.8902
38.8975
38.9034
38.9097
38.9156
38.9226
38.9291
38.9353
38.9422
38.9479
38.955
38.9609
38.9675
38.974
38.9803
38.987
38.9934
39.0002
39.0068
39.0129
39.0202
39.0268
39.0336
39.0401
39.0471
39.0535
39.0604
39.0664
39.0741
39.0796
39.0863
39.0933
39.1
39.1058
39.1127
39.1194
39.1257
39.1313
39.1377
39.1443
39.1502
39.1568
39.1634
39.1702
39.1767
39.1822
39.1884
39.1948
39.2017
39.2081
39.2153
39.2212
39.2274
39.2333
39.2393
39.2459
39.2519
39.2576
39.2634
39.2699
39.2768
39.2822
39.2886
39.2946
39.3014
39.3072
39.3133
39.3203
39.3262
39.3327
39.3385
39.345
39.3514
39.3572
39.3641
39.3702
39.377
39.3837
39.39
39.3959
39.4022
39.4086
39.4158
39.422
39.428
39.4349
39.4416
39.4476
39.4529
39.4597
39.466
39.472
39.4781
39.4843
39.4904
39.496
39.5026
39.509
39.5153
39.5214
39.5264
39.5318
39.5383
39.5451
39.5509
39.5569
39.563
39.5691
39.5754
39.581
39.5875
39.5941
39.5999
39.6058
39.6121
39.6184
39.6243
39.6308
39.6372
39.6431
39.6486
39.6553
39.6618
39.6682
39.6749
39.6814
39.6878
39.6935
39.6994
39.7049
39.7103
39.7163
39.7221
39.7287
39.7348
39.74
39.7459
39.7518
39.7579
39.7641
39.7701
39.7767
39.7829
39.7881
39.7938
39.7999
39.8062
39.8122
39.8178
39.8243
39.8308
39.8362
39.8425
39.8485
39.8538
39.8599
39.8659
39.8719
39.8783
39.8846
39.8913
39.897
39.9023
39.908
39.9146
39.9204
39.9264
39.9322
39.9379
39.944
39.9497
39.9554
39.9617
39.9671
39.9726
39.978
39.9848
39.991
39.9972
40.0029
40.0086
40.0146
40.0214
40.0274
40.0338
40.0391
40.0449
40.0514
40.0572
40.0634
40.0699
40.0759
40.0827
40.0889
40.0947
40.1006
40.106
40.1121
40.1181
40.1238
40.1302
40.1359
40.1412
40.1475
40.1533
40.1591
40.1656
40.1721
40.1778
40.1834
40.1888
40.195
40.201
40.2069
40.2127
40.218
40.224
40.2295
40.2356
40.2413
40.2468
40.2531
40.2604
40.2659
40.2717
40.2768
40.2827
40.2886
40.2949
40.3001
40.3058
40.3112
40.3162
40.3217
40.3279
40.3338
40.3401
40.3465
40.3523
40.3581
40.3637
40.3694
40.3746
40.3802
40.3855
40.3914
40.3966
40.4022
40.4071
40.4127
40.418
40.4236
40.429
40.4348
40.4413
40.4461
40.4518
40.4579
40.4639
40.4693
40.4742
40.4791
40.4842
40.49
40.4959
40.5017
40.5069
40.5133
40.5186
40.5243
40.5307
40.5372
40.5432
40.5487
40.5545
40.5603
40.5659
40.5725
40.5781
40.5836
40.5895
40.595
40.6005
40.6063
40.6124
40.6183
40.6238
40.6294
40.6351
40.6409
40.6473
40.6535
40.6596
40.665
40.6702
40.6758
40.6814
40.686
40.6917
40.6968
40.7027
40.7081
40.7142
40.7198
40.7257
40.7309
40.7361
40.7416
40.7474
40.7529
40.758
40.7636
40.769
40.775
40.7805
40.7857
40.7913
40.7972
40.8027
40.8084
40.8134
40.8184
40.8236
40.8289
40.834
40.8385
40.8437
40.8502
40.8558
40.8614
40.8678
40.8737
40.8798
40.886
40.8912
40.8959
40.9012
40.9068
40.912
40.9173
40.9226
40.9281
40.934
40.9402
40.946
40.9518
40.9571
40.9624
40.9677
40.9737
40.9797
40.9857
40.9912
40.9966
41.0021
41.0074
41.0129
41.0181
41.0237
41.0294
41.0353
41.0415
41.0466
41.0518
41.0569
41.0617
41.0677
41.0736
41.0793
41.085
41.0901
41.0957
41.1011
41.107
41.1123
41.1174
41.123
41.1282
41.1336
41.1391
41.1445
41.1499
41.1554
41.1606
41.1663
41.1714
41.1763
41.1817
41.1876
41.1932
41.199
41.2043
41.2095
41.2151
41.2206
41.2254
41.2307
41.2356
41.2407
41.2461
41.2511
41.2576
41.2627
41.268
41.2734
41.2781
41.2826
41.2883
41.2939
41.2994
41.3047
41.3103
41.3147
41.3201
41.3257
41.3306
41.3359
41.342
41.347
41.3521
41.3578
41.3631
41.3688
41.3735
41.3791
41.3848
41.3896
41.3951
41.4002
41.4049
41.4103
41.4156
41.4205
41.4256
41.4309
41.4363
41.4416
41.4466
41.4515
41.4569
41.4623
41.4676
41.4737
41.4791
41.4845
41.4896
41.4948
41.5002
41.5054
41.5108
41.5166
41.5219
41.5268
41.5321
41.5372
41.5422
41.5467
41.5519
41.5568
41.5621
41.5673
41.5728
41.5779
41.583
41.5881
41.5931
41.5981
41.6033
41.6076
41.6126
41.618
41.6235
41.6289
41.6336
41.6387
41.6438
41.649
41.6549
41.6601
41.6647
41.67
41.675
41.6797
41.6843
41.6895
41.6948
41.7
41.7051
41.7107
41.7156
41.7207
41.7265
41.732
41.7367
41.7422
41.7472
41.7525
41.758
41.7634
41.7684
41.7736
41.7783
41.784
41.7894
41.7941
41.7995
41.8046
41.8098
41.8149
41.8201
41.826
41.831
41.8365
41.8413
41.8468
41.8516
41.8561
41.8609
41.8659
41.8707
41.8758
41.8807
41.8862
41.8915
41.8968
41.902
41.9072
41.9123
41.9177
41.9232
41.9279
41.9326
41.9374
41.9425
41.9479
41.9529
41.9581
41.9628
41.9677
41.9728
41.9786
41.984
41.9894
41.9949
42.0001
42.0053
42.0109
42.0162
42.0216
42.0266
42.0318
42.0368
42.0422
42.0473
42.0528
42.0575
42.0621
42.0671
42.072
42.0769
42.082
42.0869
42.092
42.0969
42.1016
42.1067
42.1116
42.1162
42.1212
42.1263
42.1317
42.137
42.1422
42.1473
42.1523
42.1574
42.1622
42.1671
42.1728
42.1782
42.1835
42.1892
42.1946
42.1991
42.2037
42.2087
42.2137
42.2188
42.2238
42.2295
42.2344
42.2401
42.2443
42.2498
42.2553
42.2596
42.2649
42.27
42.2749
42.2804
42.2855
42.291
42.2956
42.3002
42.3049
42.3099
42.3141
42.3197
42.3245
42.3292
42.3344
42.3388
42.3439
42.3489
42.3541
42.3592
42.3641
42.3696
42.3742
42.3788
42.3838
42.3886
42.3936
42.3979
42.4028
42.4074
42.413
42.4182
42.4229
42.4281
42.4333
42.4385
42.4436
42.4489
42.4541
42.4594
42.4648
42.4695
42.4745
42.4793
42.4841
42.4886
42.4937
42.4989
42.5036
42.5091
42.5141
42.5191
42.524
42.5288
42.5343
42.5389
42.543
42.5479
42.5531
42.5581
42.5623
42.5672
42.5727
42.578
42.5834
42.5884
42.5932
42.5983
42.6033
42.6072
42.6121
42.6168
42.6213
42.6266
42.6322
42.637
42.6422
42.6461
42.6516
42.6563
42.6615
42.6658
42.6711
42.6756
42.68
42.6853
42.6905
42.6954
42.6997
42.705
42.7097
42.7148
42.7199
42.725
42.7298
42.7346
42.7393
42.744
42.7489
42.7541
42.7592
42.7638
42.769
42.7732
42.7777
42.7824
42.7876
42.7924
42.7971
42.8021
42.807
42.8114
42.8156
42.8201
42.8254
42.8299
42.8348
42.8396
42.8452
42.8496
42.8538
42.8589
42.8638
42.8688
42.8742
42.8788
42.8837
42.8888
42.8933
42.8984
42.9033
42.9083
42.9131
42.9187
42.9236
42.9281
42.9328
42.938
42.9429
42.948
42.9527
42.9573
42.9625
42.967
42.9721
42.9765
42.9812
42.9855
42.9902
42.9943
42.9995
43.0043
43.0088
43.0138
43.0185
43.023
43.0275
43.0328
43.0374
43.0423
43.0472
43.0521
43.0569
43.0617
43.0663
43.0715
43.077
43.0815
43.0863
43.0905
43.095
43.0997
43.1046
43.1094
43.114
43.1185
43.1232
43.1284
43.133
43.138
43.143
43.1469
43.1518
43.1565
43.1616
43.1663
43.1709
43.1757
43.1804
43.1854
43.1899
43.1946
43.1989
43.2039
43.2089
43.2136
43.2182
43.223
43.2281
43.2328
43.2375
43.2424
43.2469
43.2515
43.2565
43.2616
43.2663
43.2709
43.2758
43.2806
43.2855
43.2903
43.2952
43.3002
43.3051
43.3097
43.3137
43.3183
43.3223
43.3268
43.3313
43.3357
43.3409
43.3455
43.3509
43.3559
43.3608
43.3656
43.3699
43.3752
43.3795
43.3836
43.3884
43.3932
43.3978
43.4024
43.4074
43.4115
43.4159
43.4207
43.4253
43.43
43.4349
43.4394
43.4444
43.4494
43.4541
43.4596
43.4647
43.4691
43.4734
43.4781
43.4825
43.4864
43.4913
43.4958
43.5016
43.5063
43.5109
43.5162
43.5207
43.5257
43.5301
43.5348
43.5396
43.5445
43.5489
43.5535
43.5583
43.5626
43.5673
43.5718
43.5765
43.5808
43.5855
43.5906
43.5954
43.6001
43.6049
43.6101
43.6146
43.6189
43.6231
43.6284
43.6328
43.6379
43.6429
43.6474
43.6515
43.6563
43.6605
43.6653
43.67
43.6751
43.6799
43.6852
43.6902
43.6949
43.6994
43.7041
43.7088
43.7135
43.7183
43.7228
43.7271
43.7319
43.7362
43.741
43.7462
43.7504
43.7552
43.7601
43.7647
43.7692
43.7734
43.7777
43.7824
43.7868
43.7914
43.796
43.8009
43.8057
43.8101
43.815
43.8197
43.8246
43.8297
43.8337
43.8384
43.8436
43.8485
43.8528
43.8573
43.8618
43.8666
43.8708
43.8755
43.8799
43.8843
43.8886
43.8935
43.8979
43.9023
43.9074
43.9124
43.9172
43.9217
43.9265
43.9313
43.9361
43.9406
43.9458
43.9503
43.9545
43.9595
43.9642
43.9682
43.9726
43.9769
43.9817
43.986
43.991
43.9953
44.0009
44.0057
44.0096
44.0143
44.0186
44.0236
44.0282
44.0333
44.0374
44.0415
44.0461
44.0507
44.0551
44.0597
44.0644
44.0691
44.0743
44.079
44.0836
44.0879
44.0927
44.0969
44.1015
44.1062
44.1111
44.1153
44.1204
44.1244
44.1298
44.1348
44.1394
44.1443
44.1489
44.1535
44.1578
44.1624
44.1664
44.1712
44.1755
44.1801
44.1851
44.1899
44.1943
44.1984
44.2031
44.2072
44.2116
44.2164
44.2217
44.2262
44.231
44.2362
44.2404
44.2449
44.2494
44.2539
44.2582
44.2627
44.2675
44.2722
44.2773
44.2817
44.2859
44.2906
44.2952
44.2992
44.3034
44.3075
44.3125
44.3169
44.321
44.3253
44.3298
44.3346
44.339
44.3438
44.348
44.3526
44.3573
44.3624
44.3669
44.3713
44.3766
44.381
44.3855
44.3899
44.394
44.3986
44.4028
44.4072
44.4115
44.4158
44.4207
44.425
44.4298
44.4345
44.4392
44.4437
44.4486
44.453
44.4573
44.4619
44.4664
44.4709
44.4755
44.4799
44.4841
44.4886
44.4927
44.4973
44.5019
44.5064
44.511
44.5152
44.52
44.5245
44.5296
44.5339
44.5388
44.5435
44.5476
44.552
44.5561
44.5606
44.565
44.5696
44.5746
44.5792
44.5836
44.5884
44.5929
44.5975
44.6018
44.6062
44.6103
44.6145
44.6194
44.6242
44.6289
44.6336
44.6378
44.6423
44.6468
44.6511
44.656
44.6608
44.6654
44.6697
44.6737
44.6781
44.6828
44.6873
44.6912
44.6954
44.6997
44.7043
44.7089
44.7132
44.7178
44.7224
44.7274
44.7314
44.7353
44.7403
44.7445
44.7488
44.7531
44.7574
44.7621
44.7663
44.7708
44.7753
44.7797
44.784
44.7883
44.7931
44.7979
44.802
44.8073
44.8117
44.8165
44.8208
44.8251
44.8298
44.834
44.8385
44.8436
44.848
44.8527
44.8567
44.8607
44.8653
44.8696
44.8741
44.8784
44.8826
44.8871
44.8908
44.8952
44.8994
44.9044
44.9089
44.9136
44.9176
44.9221
44.9263
44.9309
44.935
44.9396
44.9435
44.9484
44.9528
44.9572
44.962
44.9662
44.9703
44.9743
44.9792
44.9838
44.9877
44.9917
44.9962
45.0006
45.0052
45.0095
45.0139
45.0185
45.0223
45.0266
45.0308
45.0353
45.04
45.0444
45.0487
45.053
45.0571
45.0615
45.0656
45.0701
45.0746
45.0784
45.0827
45.0879
45.0921
45.0958
45.1001
45.1044
45.1088
45.1132
45.1174
45.1211
45.1249
45.1297
45.134
45.1384
45.1427
45.147
45.1521
45.1568
45.1612
45.1657
45.1696
45.1739
45.1787
45.1824
45.1873
45.1917
45.1956
45.1999
45.2048
45.2091
45.2136
45.2177
45.222
45.2263
45.2304
45.2342
45.2386
45.2423
45.2464
45.2504
45.2548
45.2589
45.2632
45.2675
45.2718
45.2764
45.281
45.286
45.2905
45.2953
45.2992
45.304
45.3089
45.3133
45.3174
45.3215
45.3252
45.3293
45.3335
45.3382
45.3424
45.3464
45.3513
45.3561
45.3605
45.3651
45.3692
45.3736
45.3781
45.3827
45.3874
45.3928
45.3975
45.4021
45.4068
45.4112
45.4161
45.4202
45.4241
45.4289
45.4332
45.4368
45.4408
45.445
45.4496
45.4545
45.4588
45.4631
45.4674
45.4717
45.4763
45.4808
45.4853
45.4895
45.4936
45.4976
45.5016
45.5059
45.5101
45.5138
45.5184
45.5229
45.5272
45.5313
45.5355
45.5399
45.5439
45.5483
45.5527
45.5569
45.5608
45.5651
45.5692
45.5737
45.578
45.5821
45.5861
45.5906
45.5949
45.5997
45.6039
45.6087
45.6136
45.6181
45.6226
45.6271
45.6318
45.6365
45.6408
45.6449
45.6492
45.6532
45.6574
45.661
45.6656
45.6694
45.6738
45.6779
45.6826
45.6869
45.6913
45.6955
45.6997
45.7037
45.7076
45.7114
45.7161
45.7205
45.7248
45.7288
45.7327
45.7368
45.741
45.7452
45.7495
45.754
45.7579
45.7618
45.7664
45.7709
45.7749
45.7792
45.7841
45.789
45.7938
45.7983
45.8025
45.8073
45.811
45.8151
45.8194
45.824
45.8282
45.8322
45.8366
45.8407
45.8452
45.8493
45.8535
45.8582
45.8627
45.8672
45.8716
45.8765
45.8808
45.8853
45.8899
45.8941
45.8991
45.9032
45.9073
45.9115
45.9157
45.9202
45.9243
45.9287
45.9332
45.9375
45.9422
45.9466
45.9509
45.9554
45.9597
45.9643
45.968
45.9724
45.977
45.9811
45.9853
45.9894
45.9933
45.9975
46.0021
46.007
46.0116
46.0158
46.0197
46.0245
46.0294
46.0337
46.0385
46.0428
46.0469
46.0511
46.0552
46.0598
46.0641
46.0681
46.0721
46.076
46.0802
46.0847
46.0889
46.0931
46.0979
46.1025
46.107
46.1113
46.1156
46.1199
46.1242
46.1285
46.1326
46.1369
46.1409
46.1451
46.1493
46.1536
46.1574
46.1615
46.1655
46.1697
46.174
46.1782
46.1823
46.1866
46.1908
46.1946
46.1986
46.2033
46.2078
46.2119
46.2162
46.2207
46.2253
46.23
46.2343
46.2383
46.2426
46.2468
46.2509
46.2554
46.2594
46.2637
46.2676
46.2718
46.2766
46.2808
46.2851
46.2892
46.2934
46.2981
46.3022
46.307
46.3111
46.3156
46.3205
46.3248
46.3292
46.3335
46.3377
46.3418
46.3457
46.3503
46.3543
46.3585
46.3624
46.3665
46.3708
46.3751
46.3793
46.3834
46.388
46.3924
46.3966
46.4011
46.4056
46.4101
46.4147
46.4191
46.4237
46.428
46.4319
46.4359
46.4403
46.4446
46.449
46.4537
46.4576
46.4616
46.4656
46.4693
46.4736
46.4781
46.4822
46.4866
46.4915
46.4957
46.4998
46.5045
46.5082
46.513
46.5176
46.5217
46.5255
46.5296
46.534
46.5379
46.5421
46.5467
46.5515
46.5558
46.5602
46.5641
46.5684
46.5728
46.5767
46.5817
46.5861
46.5903
46.5951
46.5998
46.6041
46.6086
46.613
46.6174
46.6217
46.626
46.6298
46.634
46.6385
46.6423
46.6466
46.651
46.6554
46.66
46.6643
46.6687
46.6737
46.678
46.6826
46.6874
46.6912
46.6953
46.6988
46.7033
46.708
46.7126
46.7167
46.7208
46.7253
46.7297
46.734
46.7378
46.742
46.7459
46.7501
46.7545
46.7587
46.7632
46.7673
46.7714
46.776
46.7807
46.7849
46.7894
46.7941
46.7982
46.8026
46.8065
46.8107
46.8153
46.8195
46.8235
46.8277
46.8321
46.836
46.8404
46.845
46.8492
46.8532
46.8573
46.8613
46.8658
46.8702
46.8742
46.8788
46.8833
46.8876
46.8921
46.8958
46.9001
46.9045
46.9089
46.9133
46.9173
46.9217
46.9263
46.9303
46.9349
46.939
46.9431
46.9474
46.9519
46.9567
46.9607
46.9653
46.9707
46.9751
46.9796
46.984
46.9876
46.992
46.9959
47.0002
47.0042
47.0086
47.0129
47.0173
47.0218
47.0259
47.0304
47.0346
47.0389
47.0431
47.0475
47.0514
47.0555
47.0596
47.0633
47.0681
47.0727
47.0771
47.0806
47.0854
47.0893
47.0938
47.0981
47.102
47.1065
47.1109
47.1149
47.1197
47.1239
47.128
47.1322
47.1365
47.1409
47.1449
47.1489
47.1533
47.1577
47.1625
47.1667
47.1708
47.1748
47.1786
47.1825
47.1868
47.1916
47.1957
47.1999
47.2042
47.2081
47.2133
47.2175
47.2214
47.2259
47.2305
47.2343
47.2386
47.243
47.247
47.2508
47.2547
47.2585
47.2629
47.2673
47.2718
47.2758
47.2802
47.2846
47.2891
47.2936
47.2978
47.3017
47.3056
47.3097
47.314
47.3182
47.3229
47.3268
47.3313
47.3355
47.3396
47.3438
47.3478
47.352
47.3567
47.3614
47.3659
47.3703
47.3745
47.3789
47.3827
47.3866
47.3906
47.3944
47.3993
47.4037
47.4078
47.4119
47.4165
47.4202
47.424
47.4281
47.4321
47.4363
47.4412
47.4452
47.4496
47.4535
47.4577
47.4618
47.4654
47.4696
47.4739
47.4779
47.482
47.4861
47.4899
47.4941
47.4983
47.5025
47.5064
47.5104
47.5145
47.519
47.5234
47.5274
47.5317
47.5362
47.5403
47.5445
47.5489
47.5534
47.5578
47.562
47.5662
47.5702
47.5743
47.5787
47.583
47.5866
47.5904
47.5948
47.599
47.6028
47.607
47.6113
47.6154
47.6195
47.6238
47.6278
47.6318
47.6368
47.641
47.6453
47.6494
47.6539
47.658
47.6628
47.6674
47.6718
47.6757
47.6796
47.684
47.6887
47.6931
47.6975
47.7018
47.7061
47.71
47.7137
47.7171
47.7213
47.726
47.73
47.7346
47.7389
47.743
47.7468
47.751
47.7545
47.7591
47.763
47.7674
47.7715
47.7754
47.7794
47.7833
47.7873
47.7916
47.7961
47.8002
47.8042
47.8089
47.8127
47.817
47.8212
47.8255
47.8298
47.8341
47.8389
47.8427
47.8468
47.8509
47.8554
47.8596
47.864
47.868
47.8721
47.8763
47.88
47.8846
47.8897
47.8942
47.8985
47.9028
47.9073
47.9116
47.9158
47.9198
47.9239
47.9282
47.9324
47.9365
47.9408
47.9454
47.9493
47.954
47.9582
47.9625
47.9668
47.9709
47.975
47.9789
47.9833
47.9876
47.9913
47.9954
47.9999
48.0041
48.0087
48.013
48.017
48.0212
48.0255
48.0293
48.0331
48.0369
48.0413
48.0458
48.0501
48.0542
48.058
48.0621
48.0665
48.0711
48.0755
48.0796
48.0834
48.0875
48.0917
48.0961
48.101
48.105
48.1098
48.114
48.1186
48.1229
48.1275
48.1315
48.1355
48.1397
48.1441
48.1484
48.1531
48.1569
48.1612
48.1652
48.1697
48.174
48.1784
48.1829
48.1872
48.1918
48.196
48.2008
48.2058
48.2107
48.2149
48.2188
48.2228
48.2273
48.2319
48.2357
48.2397
48.244
48.2484
48.2525
48.2567
48.2614
48.2655
48.2699
48.2737
48.2781
48.2821
48.2866
48.2906
48.2947
48.2989
48.3029
48.3069
48.3109
48.3152
48.3194
48.3237
48.3279
48.3323
48.3363
48.3402
48.3443
48.3483
48.3528
48.3571
48.3611
48.3653
48.3697
48.3739
48.3783
48.3822
48.3865
48.3909
48.395
48.3993
48.4035
48.4079
48.4119
48.4161
48.42
48.4239
48.4281
48.4327
48.4371
48.442
48.4464
48.4502
48.4549
48.4591
48.4633
48.4681
48.4726
48.4769
48.4812
48.4856
48.4899
48.4942
48.4985
48.5027
48.5072
48.5118
48.516
48.52
48.5241
48.5283
48.5329
48.5372
48.5413
48.5457
48.55
48.5544
48.5586
48.5625
48.5664
48.5709
48.5749
48.5794
48.5838
48.588
48.5926
48.5966
48.6008
48.6047
48.6089
48.6133
48.618
48.6219
48.6261
48.6301
48.6346
48.6395
48.6438
48.6482
48.6526
48.6565
48.6608
48.6651
48.6699
48.6745
48.6786
48.6827
48.6874
48.6916
48.6956
48.7001
48.7043
48.7089
48.7131
48.7175
48.7218
48.7262
48.7301
48.7343
48.7385
48.7424
48.7465
48.7506
48.7556
48.7592
48.7632
48.7679
48.7722
48.7767
48.7807
48.785
48.7894
48.7936
48.7979
48.8021
48.807
48.8116
48.8155
48.8199
48.8242
48.8284
48.833
48.838
48.8425
48.8469
48.8509
48.855
48.8591
48.8638
48.8678
48.8722
48.8765
48.8811
48.8854
48.8899
48.8937
48.8986
48.9029
48.9069
48.9113
48.9154
48.9197
48.9243
48.9285
48.9325
48.9367
48.9408
48.9452
48.9494
48.9537
48.9579
48.962
48.9663
48.9705
48.975
48.9794
48.9835
48.988
48.9921
48.9969
49.0015
49.0058
49.0098
49.0137
49.0177
49.0221
49.0262
49.0306
49.0351
49.0394
49.0441
49.0481
49.0528
49.0573
49.0617
49.0663
49.0707
49.0753
49.0792
49.0835
49.0879
49.0919
49.0959
49.1003
49.1045
49.1094
49.1138
49.1181
49.1227
49.1271
49.1319
49.1362
49.1403
49.1449
49.1493
49.1538
49.1581
49.162
49.1663
49.17
49.1742
49.1789
49.1831
49.1873
49.1921
49.1964
49.2008
49.2047
49.2087
49.2131
49.2175
49.2215
49.2259
49.2304
49.2347
49.2391
49.2431
49.2476
49.2518
49.2564
49.2604
49.2646
49.2692
49.2732
49.2769
49.2807
49.285
49.2894
49.2937
49.2981
49.3025
49.3065
49.3111
49.3161
49.3199
49.3243
49.3285
49.3325
49.3369
49.3416
49.3457
49.3497
49.3539
49.3582
49.363
49.3676
49.3723
49.3763
49.3804
49.385
49.3892
49.393
49.3969
49.4014
49.4055
49.4105
49.4149
49.4193
49.4241
49.4284
49.4325
49.4374
49.4422
49.4469
49.4515
49.4559
49.4598
49.4644
49.4687
49.4735
49.4777
49.4819
49.4864
49.4912
49.4951
49.4995
49.5037
49.508
49.5122
49.5161
49.5209
49.5253
49.5301
49.5343
49.5392
49.5439
49.5485
49.5526
49.5571
49.5612
49.5657
49.5699
49.5746
49.5791
49.5839
49.5881
49.5929
49.597
49.6014
49.6063
49.6108
49.6152
49.6194
49.6242
49.6289
49.6332
49.6375
49.6414
49.6462
49.6507
49.6551
49.66
49.6647
49.6694
49.6734
49.6779
49.6823
49.6863
49.6907
49.695
49.6992
49.7036
49.7083
49.7126
49.7167
49.721
49.7261
49.7306
49.7354
49.7396
49.7446
49.7491
49.7536
49.7578
49.7626
49.767
49.7713
49.7756
49.78
49.7843
49.7885
49.7934
49.7982
49.802
49.8061
49.8108
49.8152
49.8197
49.8244
49.8287
49.8332
49.8378
49.8419
49.8462
49.8499
49.8546
49.8588
49.863
49.8673
49.872
49.8764
49.8806
49.8848
49.8895
49.8941
49.8988
49.9034
49.9083
49.9128
49.9173
49.9216
49.926
49.9305
49.9346
49.9389
49.944
49.9485
49.953
49.9576
49.9619
49.9662
49.9699
49.9743
49.9789
49.9837
49.988
49.9924
49.9972
50.0023
50.0067
50.0113
50.0157
50.0197
50.0238
50.0281
50.033
50.0375
50.0416
50.0461
50.0513
50.0559
50.0607
50.0649
50.0695
50.0739
50.0785
50.0832
50.0879
50.0926
50.0973
50.1017
50.1062
50.1103
50.1143
50.1188
50.1232
50.1282
50.1329
50.138
50.1424
50.147
50.1518
50.1562
50.1606
50.1654
50.1696
50.1744
50.1788
50.1834
50.1884
50.1924
50.1965
50.2012
50.2059
50.2102
50.2146
50.2192
50.2231
50.2277
50.2326
50.2365
50.2412
50.2459
50.2497
50.2538
50.2584
50.2628
50.2677
50.272
50.2763
50.2816
50.2859
50.29
50.2943
50.2987
50.303
50.3076
50.3123
50.3172
50.3215
50.3259
50.3306
50.3348
50.3392
50.3434
50.3481
50.3529
50.3574
50.3621
50.3661
50.3707
50.3748
50.3789
50.384
50.3885
50.3933
50.3984
50.403
50.407
50.4119
50.4172
50.4218
50.4265
50.4311
50.4357
50.4403
50.4455
50.4499
50.4545
50.459
50.464
50.4687
50.4733
50.4776
50.4825
50.4864
50.4906
50.4946
50.4992
50.5037
50.5088
50.5139
50.518
50.5227
50.527
50.532
50.5368
50.5416
50.5464
50.5503
50.5545
50.5589
50.5629
50.5675
50.5715
50.5758
50.5803
50.5849
50.5897
50.594
50.5991
50.6038
50.6085
50.6128
50.6171
50.6212
50.6253
50.6302
50.635
50.6398
50.6445
50.6495
50.6536
50.6579
50.6625
50.6671
50.6711
50.6762
50.6807
50.6854
50.6899
50.6945
50.6992
50.703
50.7076
50.7122
50.7166
50.721
50.7257
50.73
50.7352
50.7393
50.7439
50.7484
50.7527
50.7575
50.7622
50.767
50.772
50.7764
50.7814
50.7853
50.79
50.7948
50.7989
50.8039
50.8088
50.8136
50.8183
50.823
50.8273
50.8317
50.8365
50.8413
50.8459
50.8508
50.8556
50.8604
50.8648
50.8693
50.874
50.8793
50.8838
50.8884
50.8933
50.8972
50.9019
50.9065
50.9108
50.9156
50.9207
50.9256
50.9305
50.9354
50.9402
50.9445
50.9494
50.9546
50.9603
50.9651
50.9693
50.9745
50.9792
50.9845
50.9892
50.9939
50.9991
51.0033
51.0085
51.0124
51.017
51.0217
51.026
51.0307
51.0357
51.041
51.0463
51.0507
51.0554
51.06
51.0646
51.0697
51.0739
51.0784
51.083
51.0881
51.0936
51.0983
51.1033
51.1075
51.1125
51.1169
51.1219
51.1264
51.131
51.1363
51.1412
51.1457
51.1505
51.1553
51.16
51.1648
51.1697
51.1739
51.1786
51.183
51.1879
51.1925
51.1968
51.2014
51.2061
51.2105
51.2157
51.2202
51.2251
51.2298
51.2349
51.2396
51.2445
51.2495
51.2542
51.2597
51.2651
51.2709
51.2757
51.2804
51.2851
51.2896
51.2944
51.2994
51.3041
51.3093
51.3139
51.3188
51.3246
51.3298
51.3346
51.3393
51.3441
51.3486
51.3534
51.3582
51.3634
51.3688
51.3734
51.3783
51.3829
51.3873
51.3919
51.3973
51.4022
51.4069
51.4116
51.4161
51.4207
51.4257
51.4305
51.435
51.4397
51.4442
51.4489
51.4535
51.4584
51.463
51.4677
51.4728
51.4771
51.4821
51.4866
51.4916
51.4962
51.5011
51.5055
51.5107
51.5162
51.5212
51.5259
51.5306
51.5356
51.5403
51.5448
51.5495
51.5548
51.5594
51.5639
51.569
51.5737
51.5786
51.5836
51.5883
51.593
51.5979
51.6031
51.6083
51.6131
51.6179
51.6223
51.6272
51.632
51.6366
51.6416
51.6463
51.6519
51.6565
51.661
51.666
51.6705
51.6763
51.6816
51.6865
51.6916
51.6972
51.7018
51.7067
51.7111
51.7169
51.7231
51.7283
51.7328
51.7375
51.7421
51.7471
51.7523
51.7569
51.762
51.7671
51.772
51.7777
51.7827
51.7878
51.7937
51.7982
51.803
51.8081
51.8129
51.8181
51.8233
51.8281
51.8332
51.8385
51.8433
51.8483
51.8529
51.8577
51.8628
51.8675
51.8723
51.8777
51.883
51.8878
51.8933
51.8984
51.9027
51.9079
51.9133
51.9183
51.9226
51.9276
51.9325
51.9374
51.9421
51.9475
51.9525
51.9581
51.9633
51.9685
51.9738
51.9792
51.9846
51.9893
51.9943
51.9993
52.0048
52.0096
52.014
52.0187
52.0237
52.0286
52.0339
52.0389
52.0439
52.0491
52.0543
52.0593
52.0642
52.0694
52.0744
52.0792
52.0844
52.0893
52.0945
52.0998
52.1053
52.1108
52.1159
52.1213
52.126
52.1313
52.1367
52.1413
52.1461
52.1511
52.156
52.1606
52.1662
52.1709
52.1755
52.1803
52.1858
52.191
52.1958
52.2009
52.2057
52.2109
52.2152
52.2198
52.2251
52.2303
52.2359
52.241
52.2463
52.252
52.2569
52.262
52.2675
52.2731
52.2782
52.2827
52.2882
52.2931
52.2983
52.3026
52.3074
52.312
52.3172
52.3223
52.3281
52.3327
52.3371
52.3423
52.3474
52.3532
52.358
52.3635
52.3686
52.3735
52.3785
52.3834
52.3892
52.3946
52.3996
52.4046
52.4094
52.4139
52.4192
52.424
52.4288
52.4342
52.4396
52.4456
52.451
52.456
52.4617
52.4674
52.4723
52.4778
52.483
52.4889
52.4948
52.4999
52.5052
52.5102
52.5151
52.5204
52.526
52.5311
52.5365
52.5422
52.548
52.5531
52.5583
52.5633
52.5686
52.5734
52.5781
52.5823
52.587
52.5924
52.5975
52.6027
52.6077
52.6135
52.6185
52.6235
52.6284
52.6345
52.6401
52.6461
52.6515
52.6559
52.6611
52.6662
52.6711
52.676
52.6808
52.6861
52.6913
52.6972
52.7028
52.7081
52.7134
52.7191
52.7243
52.73
52.7357
52.7413
52.7472
52.7522
52.7569
52.7624
52.7675
52.7723
52.7778
52.7828
52.7881
52.7932
52.7986
52.8035
52.8085
52.8139
52.8192
52.824
52.8288
52.8337
52.8391
52.8438
52.8496
52.8544
52.86
52.8658
52.8712
52.8764
52.8817
52.8875
52.8929
52.8982
52.9037
52.9088
52.9142
52.919
52.9242
52.9293
52.9357
52.9416
52.9472
52.9525
52.958
52.9635
52.9685
52.9732
52.9785
52.9838
52.9891
52.994
52.9995
53.0048
53.0104
53.0157
53.0207
53.0268
53.032
53.0375
53.0433
53.0487
53.0541
53.06
53.0656
53.0714
53.077
53.0822
53.0877
53.0933
53.0992
53.1044
53.1097
53.1156
53.1213
53.1277
53.1333
53.1393
53.1455
53.1508
53.1567
53.1625
53.1668
53.1722
53.1783
53.1845
53.1904
53.1959
53.2012
53.207
53.2127
53.2179
53.2235
53.2293
53.2362
53.2417
53.2477
53.253
53.2582
53.2642
53.2705
53.2762
53.2832
53.2888
53.2949
53.3008
53.3066
53.3122
53.318
53.3232
53.3288
53.3343
53.3404
53.3467
53.3519
53.3575
53.3634
53.3689
53.3749
53.3803
53.3856
53.3915
53.3971
53.4024
53.4074
53.4127
53.418
53.4231
53.4286
53.4344
53.4402
53.446
53.4518
53.4579
53.4635
53.4694
53.4753
53.4809
53.4863
53.4917
53.4977
53.5032
53.5091
53.5147
53.5207
53.5258
53.5321
53.5378
53.543
53.5489
53.5551
53.5607
53.5669
53.5728
53.5781
53.5848
53.5905
53.5959
53.6021
53.6077
53.613
53.6186
53.6244
53.6305
53.6364
53.6418
53.6481
53.6537
53.6601
53.6663
53.6715
53.6777
53.6833
53.6899
53.696
53.7021
53.7083
53.7136
53.7198
53.7257
53.7312
53.7366
53.7425
53.7489
53.7546
53.7595
53.7655
53.7717
53.7776
53.7834
53.7889
53.7954
53.8023
53.8083
53.8143
53.8204
53.8259
53.8319
53.8379
53.8436
53.8498
53.8552
53.8617
53.8685
53.8748
53.881
53.887
53.8928
53.899
53.905
53.9115
53.9172
53.9235
53.9294
53.9352
53.9412
53.9468
53.9522
53.958
53.9649
53.9711
53.9771
53.983
53.9887
53.9945
54.0007
54.0063
54.0124
54.0189
54.0247
54.0312
54.0367
54.0427
54.0485
54.0548
54.0611
54.0683
54.0751
54.0811
54.0873
54.0938
54.0995
54.1063
54.1123
54.1189
54.125
54.1306
54.1367
54.1429
54.1495
54.1566
54.1622
54.1683
54.1748
54.1818
54.1884
54.1944
54.2014
54.2075
54.2139
54.2196
54.2261
54.2325
54.2389
54.2458
54.2517
54.2585
54.265
54.2713
54.2782
54.2841
54.2901
54.2957
54.3028
54.3098
54.3172
54.3232
54.3295
54.3365
54.3425
54.3486
54.355
54.3609
54.3673
54.3734
54.3796
54.3859
54.3923
54.3994
54.4058
54.4121
54.4197
54.4266
54.4333
54.4393
54.4459
54.4531
54.46
54.4666
54.4731
54.4794
54.4864
54.4927
54.4997
54.5057
54.5121
54.5186
54.5244
54.5312
54.5391
54.5458
54.5523
54.5588
54.5657
54.5729
54.5795
54.5866
54.5933
54.6005
54.607
54.614
54.6202
54.6272
54.6341
54.6414
54.6473
54.6538
54.6606
54.667
54.6734
54.6801
54.6861
54.6926
54.7
54.7061
54.7122
54.7191
54.7253
54.7318
54.7388
54.7453
54.7516
54.7584
54.7649
54.7717
54.778
54.7852
54.7922
54.7998
54.8065
54.8136
54.8219
54.829
54.8351
54.8424
54.8491
54.8557
54.8627
54.8694
54.8761
54.8823
54.8897
54.8962
54.903
54.9106
54.9172
54.9242
54.9316
54.9385
54.9456
54.9524
54.9594
54.9662
54.9735
54.9807
54.9878
54.9947
55.0023
55.0094
55.0154
55.0222
55.0286
55.0357
55.0433
55.0508
55.0573
55.0637
55.072
55.0793
55.087
55.0937
55.1008
55.1072
55.1146
55.1216
55.129
55.1361
55.1434
55.1502
55.1573
55.1642
55.1715
55.1784
55.1854
55.1926
55.1996
55.2073
55.2138
55.2218
55.229
55.2355
55.2424
55.2508
55.2587
55.2658
55.2737
55.2807
55.2877
55.2953
55.3037
55.3116
55.3192
55.3261
55.3339
55.3413
55.3481
55.3554
55.3623
55.3691
55.3766
55.3848
55.3917
55.3994
55.4064
55.4136
55.4211
55.4286
55.4353
55.4422
55.4496
55.4576
55.4646
55.4714
55.4774
55.4848
55.492
55.4994
55.5068
55.5151
55.5227
55.5299
55.5373
55.5457
55.5538
55.5612
55.569
55.5762
55.585
55.5934
55.6011
55.6091
55.6175
55.6251
55.6338
55.6406
55.6482
55.6552
55.6631
55.6713
55.6786
55.6861
55.6952
55.7027
55.7103
55.7195
55.7276
55.7356
55.7439
55.7517
55.7593
55.7677
55.7756
55.7847
55.7916
55.7998
55.8068
55.8159
55.8239
55.8318
55.8394
55.8473
55.8556
55.8648
55.8729
55.8812
55.8891
55.8979
55.9054
55.9144
55.9226
55.9304
55.9386
55.9484
55.9566
55.9652
55.9733
55.9813
55.9882
55.9972
56.0057
56.0137
56.0228
56.0318
56.04
56.0487
56.0573
56.0656
56.0733
56.082
56.0899
56.0991
56.1074
56.1165
56.1246
56.1328
56.1415
56.1495
56.1575
56.1655
56.1747
56.1836
56.1919
56.2
56.2093
56.2185
56.2268
56.2349
56.2444
56.2535
56.2626
56.2715
56.2791
56.2881
56.2965
56.3049
56.3138
56.3214
56.3311
56.3393
56.3498
56.3585
56.3682
56.3763
56.3857
56.3938
56.4027
56.4114
56.42
56.4283
56.4379
56.4471
56.4578
56.4662
56.4758
56.4861
56.4957
56.5051
56.5154
56.5247
56.5336
56.5424
56.5513
56.5601
56.5686
56.5772
56.5867
56.5942
56.6037
56.6129
56.6218
56.6315
56.6408
56.6505
56.6598
56.6684
56.678
56.6878
56.6971
56.7063
56.7161
56.7261
56.7356
56.7444
56.7533
56.763
56.7735
56.7836
56.7939
56.8032
56.8132
56.8227
56.8324
56.8422
56.852
56.862
56.8714
56.8805
56.8904
56.9007
56.9097
56.9199
56.9308
56.9402
56.9502
56.9602
56.97
56.9803
56.9913
57.0029
57.0126
57.022
57.0316
57.0406
57.0518
57.062
57.0734
57.0834
57.0923
57.1019
57.1113
57.1215
57.132
57.1419
57.1522
57.1614
57.1723
57.1828
57.1931
57.2035
57.2141
57.2244
57.234
57.2447
57.2558
57.2668
57.2765
57.2874
57.2974
57.3083
57.3183
57.3284
57.3391
57.3488
57.3596
57.3696
57.3811
57.3919
57.4042
57.4159
57.4258
57.4377
57.4481
57.4598
57.47
57.482
57.4914
57.5018
57.5133
57.5243
57.5364
57.5476
57.5584
57.5701
57.5809
57.5911
57.6023
57.6129
57.6244
57.6367
57.6489
57.6605
57.6704
57.6812
57.6922
57.7044
57.7158
57.7267
57.7381
57.7498
57.7622
57.7742
57.7866
57.7976
57.8095
57.8217
57.8331
57.8459
57.8578
57.8694
57.8805
57.8928
57.9076
57.9185
57.9306
57.943
57.955
57.9674
57.9799
57.9914
58.0031
58.0139
58.0262
58.0391
58.0514
58.0643
58.0774
58.0907
58.1028
58.115
58.1299
58.1425
58.1563
58.1707
58.1845
58.1984
58.2112
58.2225
58.2347
58.2478
58.2617
58.276
58.289
58.3023
58.3167
58.3323
58.3448
58.3565
58.3689
58.3832
58.3948
58.4084
58.421
58.4333
58.4482
58.4602
58.4748
58.4873
58.5019
58.5173
58.5311
58.5467
58.5598
58.5743
58.5883
58.6029
58.6165
58.6314
58.6463
58.6612
58.6766
58.6917
58.7067
58.7235
58.7373
58.753
58.7677
58.7817
58.7959
58.8122
58.8288
58.8425
58.8596
58.8749
58.8902
58.9066
58.9234
58.9387
58.9533
58.9668
58.9816
58.998
59.0161
59.0325
59.0479
59.0645
59.0812
59.0976
59.1134
59.1286
59.1456
59.1624
59.1791
59.1965
59.2147
59.2319
59.2504
59.2667
59.2823
59.2982
59.3145
59.3336
59.3513
59.3695
59.3864
59.4063
59.4252
59.444
59.4603
59.4805
59.499
59.5179
59.5371
59.5556
59.5738
59.5913
59.61
59.6292
59.6485
59.6693
59.6882
59.7071
59.7255
59.7486
59.7669
59.7851
59.8029
59.8218
59.8415
59.8619
59.8826
59.9053
59.9271
59.9487
59.9672
59.9882
60.0107
60.0293
60.0486
60.0708
60.0959
60.1152
60.1377
60.1582
60.1813
60.2031
60.2264
60.2494
60.2703
60.2924
60.3132
60.3374
60.3617
60.3835
60.4075
60.432
60.454
60.4779
60.5037
60.5236
60.5504
60.5739
60.5978
60.6233
60.6451
60.6694
60.6962
60.7215
60.748
60.7718
60.799
60.8269
60.8547
60.8808
60.9122
60.9359
60.9633
60.9912
61.0157
61.0434
61.0738
61.0981
61.1281
61.1541
61.1828
61.2128
61.2418
61.2698
61.2997
61.3267
61.3542
61.3822
61.4151
61.4483
61.4801
61.5145
61.5477
61.5792
61.6105
61.6413
61.6731
61.7064
61.7398
61.7733
61.8054
61.8395
61.8724
61.9066
61.9436
61.9821
62.0181
62.056
62.0909
62.1277
62.1651
62.2075
62.2473
62.2853
62.3273
62.3655
62.4035
62.4419
62.4838
62.5297
62.5713
62.6103
62.6544
62.6988
62.745
62.7888
62.8377
62.8817
62.9254
62.9744
63.0149
63.0632
63.1068
63.1516
63.2033
63.2533
63.3062
63.3561
63.4132
63.4654
63.5161
63.5758
63.6309
63.6897
63.7562
63.8135
63.8696
63.9253
63.9896
64.0615
64.1283
64.1872
64.2548
64.3257
64.4054
64.4734
64.5522
64.629
64.7139
64.7933
64.8816
64.9735
65.0623
65.1581
65.2532
65.3556
65.4602
65.5786
65.6987
65.8121
65.9428
66.0612
66.1956
66.3541
66.4919
66.6644
66.8434
67.0024
67.177
67.3756
67.5842
67.8334
68.0867
68.3789
68.6566
69.0225
69.3745
69.9521
70.6468
71.6828
72.9878
74.5117
76.1863
84.3033
