2
2.5
2.83333
3.08333
3.68333
3.85
4.01667
4.18333
4.32619
5.93457
7.00167
8.18822
9.56386
10.0039
11.1693
12.2005
13.0048
13.6869
14.2177
14.6192
14.9784
15.3312
15.6431
15.9401
16.1606
16.4074
16.6375
16.8738
17.0915
17.2932
17.4647
17.6381
17.7953
17.9843
18.1281
18.2688
18.4023
18.5332
18.6562
18.7746
18.9144
19.0504
19.1559
19.2746
19.3815
19.4928
19.6093
19.712
19.8025
19.8993
20.0005
20.0991
20.1857
20.278
20.3576
20.448
20.5331
20.6147
20.698
20.7783
20.867
20.9345
21.0008
21.0822
21.1558
21.236
21.3145
21.3872
21.4642
21.5459
21.6253
21.7033
21.773
21.8499
21.9102
21.9784
22.0472
22.1166
22.1847
22.2492
22.3165
22.3824
22.4456
22.5135
22.577
22.6357
22.6948
22.7499
22.8076
22.8653
22.9295
22.9793
23.0354
23.0969
23.154
23.2033
23.2523
23.3063
23.3509
23.3992
23.4472
23.4998
23.5552
23.6119
23.6641
23.7124
23.7635
23.8082
23.8527
23.8973
23.9518
24.0017
24.0491
24.0917
24.1304
24.1752
24.2216
24.268
24.3127
24.3558
24.3982
24.4389
24.4867
24.5336
24.5731
24.6176
24.6574
24.6936
24.734
24.778
24.817
24.8587
24.9001
24.9364
24.976
25.0128
25.053
25.0967
25.1329
25.1773
25.216
25.2437
25.2815
25.3177
25.352
25.396
25.4326
25.4694
25.5068
25.5437
25.5756
25.613
25.6509
25.6831
25.7187
25.757
25.7948
25.8284
25.8633
25.9002
25.9351
25.9694
26.0002
26.0328
26.065
26.0938
26.1259
26.1587
26.1915
26.2242
26.2535
26.2828
26.3169
26.3511
26.3829
26.4145
26.4416
26.4711
26.5023
26.537
26.5671
26.5999
26.6277
26.6558
26.6864
26.7146
26.7433
26.7713
26.8021
26.8341
26.8643
26.8906
26.921
26.9482
26.9784
27.0065
27.0336
27.0598
27.0865
27.1151
27.1409
27.1714
27.1981
27.2205
27.2463
27.2699
27.2971
27.3215
27.3466
27.3735
27.4004
27.4261
27.4512
27.4757
27.5046
27.5278
27.5538
27.5796
27.6041
27.6295
27.6545
27.6817
27.7066
27.7343
27.7609
27.7858
27.8111
27.8358
27.8592
27.8829
27.9073
27.9332
27.9582
27.9786
28.0007
28.0243
28.0496
28.071
28.0922
28.1163
28.1376
28.1612
28.1864
28.2104
28.2306
28.2528
28.2744
28.2966
28.3201
28.3399
28.3589
28.3806
28.4023
28.4225
28.4422
28.4642
28.4851
28.5067
28.528
28.5478
28.5715
28.5916
28.6116
28.6302
28.6518
28.6714
28.6909
28.7118
28.7344
28.7557
28.7746
28.7933
28.8138
28.8316
28.8509
28.8732
28.8916
28.9087
28.9292
28.9488
28.9672
28.9857
29.0064
29.0278
29.0467
29.0661
29.086
29.1048
29.1239
29.1408
29.1605
29.1781
29.1971
29.2156
29.2356
29.254
29.2723
29.2911
29.3089
29.3282
29.3475
29.3661
29.3823
29.4
29.4162
29.4346
29.452
29.471
29.4886
29.5052
29.5218
29.5405
29.5601
29.5764
29.5922
29.6095
29.6291
29.6463
29.6629
29.6797
29.6971
29.7123
29.7311
29.749
29.7634
29.7805
29.7977
29.8148
29.8335
29.8516
29.8683
29.8858
29.9026
29.9189
29.9346
29.951
29.9681
29.9839
29.9988
30.0146
30.0315
30.0455
30.0626
30.0786
30.0945
30.1115
30.1282
30.1439
30.1593
30.1762
30.1911
30.2052
30.2208
30.2374
30.2541
30.2696
30.286
30.3012
30.3189
30.332
30.347
30.3624
30.3773
30.3924
30.4085
30.4243
30.4395
30.4541
30.4693
30.4852
30.4992
30.514
30.529
30.545
30.5606
30.5762
30.5903
30.6048
30.6187
30.6349
30.6501
30.664
30.6798
30.695
30.709
30.7255
30.7396
30.7556
30.7699
30.785
30.7988
30.8121
30.8241
30.8388
30.8504
30.8631
30.8756
30.8896
30.903
30.9165
30.9298
30.9449
30.9588
30.9737
30.988
31.0032
31.0157
31.03
31.0446
31.0588
31.0715
31.0848
31.0995
31.1123
31.126
31.1394
31.1532
31.1651
31.1782
31.1888
31.2023
31.2171
31.2314
31.2448
31.2588
31.2722
31.2862
31.2998
31.3101
31.323
31.3348
31.3477
31.3602
31.3729
31.385
31.3973
31.4114
31.4251
31.4402
31.4525
31.4649
31.4768
31.4892
31.5006
31.5125
31.5258
31.5389
31.5504
31.5622
31.5747
31.5861
31.5985
31.6105
31.6221
31.6347
31.6467
31.6598
31.6717
31.6834
31.6965
31.7091
31.7207
31.7323
31.7442
31.755
31.7665
31.7779
31.7896
31.8002
31.8122
31.8243
31.8364
31.8487
31.8598
31.8718
31.8842
31.8961
31.9081
31.9194
31.9316
31.9426
31.9538
31.9648
31.9778
31.9894
32.0008
32.011
32.0233
32.0344
32.0465
32.0572
32.0682
32.0796
32.0907
32.1023
32.1133
32.125
32.1371
32.1486
32.1611
32.173
32.1842
32.1951
32.2067
32.2188
32.2301
32.2413
32.2524
32.263
32.2735
32.2836
32.2952
32.3063
32.317
32.3285
32.3403
32.3505
32.362
32.3726
32.3833
32.3932
32.4037
32.4129
32.4239
32.4346
32.4444
32.4543
32.4647
32.4748
32.4851
32.4949
32.5058
32.5162
32.5262
32.5373
32.5481
32.5588
32.569
32.5806
32.5911
32.6003
32.61
32.6209
32.6321
32.6429
32.6544
32.6663
32.6776
32.6896
32.7014
32.7115
32.7218
32.7305
32.7418
32.7527
32.7628
32.774
32.7847
32.7954
32.8065
32.8158
32.8255
32.8352
32.8452
32.8553
32.8652
32.8743
32.8839
32.8927
32.9016
32.9106
32.9204
32.9293
32.9391
32.9492
32.9599
32.9698
32.9804
32.9911
33.0013
33.0109
33.021
33.0302
33.0418
33.052
33.0614
33.0702
33.0795
33.0888
33.0981
33.1084
33.1181
33.1282
33.1367
33.1464
33.1559
33.165
33.1746
33.184
33.1932
33.202
33.2112
33.2197
33.2288
33.2376
33.2476
33.2562
33.2662
33.2754
33.2857
33.2948
33.3039
33.3127
33.3219
33.331
33.34
33.348
33.358
33.3671
33.3757
33.3845
33.3935
33.403
33.4122
33.4211
33.4306
33.4399
33.4475
33.4569
33.4658
33.4743
33.4834
33.4915
33.4994
33.5078
33.5167
33.5249
33.5337
33.5424
33.5509
33.5596
33.5677
33.5755
33.5837
33.5927
33.6009
33.6086
33.6179
33.6264
33.635
33.6434
33.6522
33.6614
33.6711
33.6793
33.6879
33.6968
33.7056
33.7136
33.7225
33.7313
33.7405
33.7492
33.7574
33.7663
33.7748
33.7828
33.7911
33.8002
33.8091
33.818
33.8273
33.8364
33.8446
33.8534
33.8619
33.8706
33.8792
33.8865
33.8943
33.9023
33.9099
33.9175
33.9274
33.9348
33.9431
33.9525
33.961
33.9696
33.978
33.9863
33.9954
34.004
34.0128
34.0209
34.029
34.0377
34.0458
34.0553
34.064
34.0733
34.0811
34.0899
34.0984
34.1061
34.1138
34.1226
34.1301
34.1377
34.1453
34.1529
34.1609
34.1688
34.1764
34.1841
34.1919
34.2001
34.208
34.2167
34.2247
34.2326
34.2411
34.2485
34.2561
34.2641
34.2722
34.2802
34.2878
34.2964
34.3056
34.3134
34.3216
34.33
34.3388
34.3465
34.3542
34.363
34.3698
34.3779
34.387
34.3941
34.4025
34.4104
34.42
34.4277
34.4368
34.4446
34.4527
34.46
34.4667
34.4739
34.4818
34.4896
34.4972
34.5052
34.5128
34.5205
34.5287
34.5354
34.5427
34.5515
34.5587
34.5662
34.5729
34.5809
34.5881
34.5966
34.6044
34.6126
34.6204
34.6289
34.6371
34.6444
34.652
34.6598
34.6669
34.6743
34.6822
34.6897
34.6978
34.7052
34.7126
34.7196
34.7268
34.7347
34.7421
34.7503
34.7584
34.7658
34.7724
34.7794
34.7872
34.7944
34.8022
34.8093
34.8173
34.8256
34.8325
34.8399
34.847
34.8548
34.8614
34.8695
34.8767
34.8844
34.8914
34.8981
34.9052
34.9124
34.9201
34.927
34.9338
34.9406
34.9481
34.9549
34.9623
34.9696
34.9767
34.9843
34.9921
34.9999
35.0068
35.0137
35.0203
35.0266
35.0343
35.0425
35.0504
35.0581
35.0658
35.0724
35.079
35.0868
35.0939
35.1004
35.1076
35.1156
35.1232
35.1298
35.136
35.143
35.1499
35.1565
35.1637
35.1705
35.1769
35.1825
35.1895
35.1965
35.2038
35.2107
35.2169
35.2243
35.2317
35.2391
35.2459
35.2519
35.2594
35.2667
35.2737
35.2804
35.2867
35.2923
35.2984
35.3059
35.3131
35.3197
35.326
35.3328
35.3397
35.3456
35.3519
35.3592
35.3658
35.3724
35.3797
35.3866
35.3932
35.4002
35.4068
35.413
35.4204
35.427
35.434
35.4405
35.448
35.4543
35.4614
35.4679
35.4747
35.481
35.4873
35.4943
35.5013
35.5089
35.5163
35.5237
35.5305
35.5365
35.5437
35.5505
35.5574
35.5635
35.5702
35.5767
35.5833
35.5894
35.5964
35.6025
35.6087
35.6153
35.6211
35.6276
35.6337
35.6397
35.646
35.6521
35.6587
35.6653
35.6718
35.6774
35.684
35.6906
35.6974
35.7033
35.7094
35.7161
35.7219
35.7289
35.7349
35.7425
35.7483
35.7542
35.7606
35.7671
35.7735
35.7798
35.7872
35.7934
35.8001
35.8063
35.8124
35.8192
35.8255
35.8315
35.8381
35.8452
35.8508
35.858
35.8647
35.8708
35.8773
35.884
35.8907
35.8971
35.9034
35.9098
35.9155
35.9218
35.9284
35.9354
35.9414
35.9477
35.9536
35.9598
35.9655
35.9712
35.9768
35.9826
35.9884
35.9952
36.0011
36.0069
36.0131
36.0192
36.026
36.0321
36.0384
36.0443
36.0506
36.058
36.0641
36.0698
36.0761
36.0822
36.0883
36.094
36.1003
36.1066
36.1129
36.1187
36.1242
36.1306
36.1367
36.1429
36.1482
36.1541
36.1606
36.167
36.1723
36.1786
36.1847
36.1911
36.1972
36.2033
36.2093
36.2161
36.222
36.2276
36.2338
36.2401
36.2469
36.2525
36.2584
36.2647
36.2708
36.2769
36.2831
36.2892
36.2954
36.3012
36.3074
36.3132
36.319
36.325
36.331
36.3374
36.3433
36.3492
36.3551
36.3607
36.3661
36.3717
36.377
36.3825
36.3885
36.3939
36.3994
36.4062
36.4118
36.4178
36.4238
36.4291
36.4358
36.4426
36.4479
36.4541
36.4596
36.4652
36.4711
36.4771
36.4828
36.4883
36.4947
36.5007
36.5066
36.5129
36.5191
36.5256
36.5316
36.5374
36.543
36.5475
36.5537
36.5595
36.5648
36.571
36.5766
36.5821
36.588
36.594
36.5993
36.6054
36.6117
36.6176
36.6232
36.6287
36.6359
36.6418
36.6473
36.6531
36.6592
36.6647
36.67
36.6764
36.6826
36.6881
36.6937
36.7004
36.7071
36.7125
36.718
36.7236
36.7292
36.7346
36.7404
36.746
36.7521
36.7578
36.7642
36.7698
36.7746
36.7804
36.7861
36.7916
36.7975
36.8026
36.8084
36.8144
36.8202
36.826
36.8308
36.836
36.8417
36.8477
36.8534
36.8584
36.8635
36.8694
36.875
36.88
36.8858
36.8909
36.8967
36.9028
36.9082
36.9137
36.919
36.9246
36.9302
36.9359
36.9413
36.9464
36.9518
36.9575
36.9631
36.9694
36.9749
36.9799
36.9849
36.9909
36.9958
37.0015
37.0066
37.0115
37.0173
37.0233
37.0285
37.0337
37.0395
37.0449
37.05
37.0548
37.0604
37.0663
37.0721
37.0781
37.0836
37.0894
37.0949
37.1001
37.105
37.1104
37.1156
37.1211
37.1268
37.1322
37.137
37.1429
37.1484
37.1539
37.159
37.1645
37.1702
37.1756
37.1808
37.1863
37.1919
37.197
37.2018
37.2082
37.2139
37.2188
37.2241
37.2291
37.2343
37.2395
37.2453
37.2511
37.2561
37.2614
37.2663
37.2719
37.2776
37.2821
37.2878
37.2933
37.299
37.3047
37.3089
37.3136
37.3179
37.3234
37.3284
37.334
37.3396
37.3446
37.35
37.3552
37.3603
37.3651
37.3705
37.3755
37.3811
37.3858
37.3908
37.3964
37.4013
37.4063
37.4112
37.4172
37.4221
37.4273
37.4324
37.4374
37.4431
37.4484
37.4534
37.4589
37.464
37.4694
37.4746
37.4796
37.4846
37.4898
37.4946
37.5001
37.5052
37.5103
37.5158
37.5209
37.5261
37.5316
37.5369
37.542
37.5471
37.552
37.557
37.5627
37.568
37.5731
37.5779
37.5828
37.5874
37.5922
37.5972
37.602
37.6072
37.6126
37.6181
37.6232
37.6278
37.6328
37.6382
37.6432
37.648
37.6533
37.6583
37.6628
37.6675
37.672
37.6773
37.6828
37.6874
37.6927
37.6978
37.7026
37.7076
37.7122
37.7173
37.7227
37.7279
37.7331
37.738
37.7426
37.7474
37.7522
37.7577
37.7633
37.768
37.7729
37.7777
37.7831
37.7883
37.7938
37.799
37.8037
37.8082
37.813
37.8176
37.8222
37.8269
37.8319
37.8363
37.8416
37.8469
37.8518
37.8565
37.8617
37.8668
37.8714
37.8763
37.8816
37.8865
37.8912
37.8968
37.9023
37.9078
37.9127
37.9182
37.9234
37.9279
37.9332
37.9377
37.9424
37.9471
37.9521
37.9573
37.9621
37.9669
37.9718
37.9774
37.9821
37.9867
37.9912
37.996
38.001
38.0055
38.0104
38.0146
38.0192
38.0239
38.0286
38.0334
38.0374
38.0425
38.0481
38.0527
38.0577
38.0627
38.067
38.0717
38.0768
38.0819
38.0866
38.0912
38.096
38.1011
38.106
38.1108
38.1161
38.1203
38.1255
38.1303
38.1344
38.139
38.1441
38.1492
38.1545
38.159
38.1631
38.1676
38.1724
38.1771
38.1822
38.1874
38.1923
38.1967
38.2018
38.2064
38.2113
38.2159
38.2207
38.2253
38.2309
38.2358
38.2411
38.2465
38.2508
38.2552
38.2599
38.2643
38.2698
38.2742
38.2786
38.2833
38.2876
38.2922
38.2968
38.3019
38.3069
38.3118
38.3166
38.321
38.3264
38.3306
38.3356
38.34
38.3451
38.3499
38.3545
38.3597
38.3645
38.3689
38.3734
38.3778
38.3819
38.3863
38.3909
38.3951
38.4003
38.405
38.41
38.4152
38.4196
38.424
38.4289
38.4333
38.438
38.443
38.4476
38.4524
38.457
38.4613
38.4661
38.471
38.4759
38.4804
38.485
38.4898
38.4948
38.4993
38.5042
38.5094
38.5143
38.519
38.5236
38.5282
38.5334
38.5387
38.5436
38.5485
38.5529
38.5576
38.5624
38.567
38.5722
38.5769
38.5811
38.5859
38.5906
38.5957
38.5998
38.6039
38.6082
38.6129
38.6173
38.622
38.6259
38.6303
38.635
38.6398
38.6443
38.6488
38.6533
38.6579
38.6627
38.6668
38.6713
38.6755
38.6798
38.6845
38.6885
38.6937
38.699
38.7039
38.7087
38.7135
38.7182
38.7237
38.7287
38.7333
38.7379
38.7428
38.7476
38.7523
38.7567
38.7615
38.7661
38.7709
38.7755
38.78
38.7849
38.79
38.7942
38.7986
38.803
38.8073
38.8121
38.8167
38.8218
38.8268
38.8317
38.8363
38.8408
38.8443
38.8495
38.8542
38.8584
38.8633
38.8674
38.8718
38.8761
38.8807
38.8853
38.8901
38.8948
38.8998
38.9044
38.9085
38.9138
38.9179
38.9228
38.9271
38.9317
38.9363
38.9405
38.9451
38.9501
38.9546
38.9592
38.9641
38.9685
38.9725
38.977
38.9812
38.9858
38.9903
38.9946
38.9998
39.004
39.0084
39.0132
39.0174
39.0219
39.026
39.0301
39.0345
39.0384
39.0429
39.0482
39.0524
39.0569
39.0611
39.0656
39.07
39.0745
39.0787
39.0827
39.0873
39.0919
39.0966
39.1014
39.106
39.1102
39.1144
39.119
39.1237
39.1277
39.1316
39.136
39.1403
39.1449
39.1499
39.1546
39.1589
39.1633
39.1678
39.1724
39.1774
39.1822
39.1864
39.1906
39.1946
39.1988
39.2031
39.207
39.2119
39.2162
39.2208
39.2246
39.2288
39.2331
39.2375
39.2417
39.2461
39.2501
39.254
39.2588
39.2632
39.2673
39.2718
39.276
39.2802
39.2848
39.2899
39.2942
39.2985
39.3024
39.3067
39.3105
39.3152
39.319
39.3229
39.3277
39.332
39.3366
39.3413
39.3454
39.3499
39.3535
39.3581
39.362
39.367
39.3707
39.375
39.3796
39.3843
39.3886
39.3929
39.3973
39.4018
39.406
39.4103
39.4146
39.4192
39.4238
39.4276
39.4316
39.4366
39.4409
39.446
39.4506
39.4544
39.4589
39.4637
39.4681
39.4721
39.4767
39.4809
39.4853
39.4896
39.4936
39.4976
39.5012
39.5054
39.5096
39.5148
39.519
39.5233
39.5278
39.5322
39.5373
39.5415
39.5456
39.5503
39.5544
39.5589
39.5628
39.5671
39.5713
39.5757
39.5802
39.5844
39.5882
39.593
39.5972
39.6015
39.6057
39.6099
39.6142
39.6184
39.6229
39.627
39.631
39.6353
39.6394
39.6434
39.6475
39.6516
39.6559
39.6603
39.6646
39.6691
39.6733
39.6777
39.6819
39.686
39.6903
39.6944
39.6984
39.7025
39.7066
39.7107
39.7146
39.7193
39.7236
39.728
39.7327
39.7366
39.7408
39.7449
39.7491
39.7536
39.7575
39.7619
39.7667
39.7706
39.775
39.7795
39.7845
39.789
39.793
39.7972
39.8013
39.8058
39.8102
39.8138
39.8182
39.8226
39.8269
39.8312
39.8353
39.8394
39.8436
39.8485
39.8527
39.8572
39.8612
39.8657
39.8696
39.8734
39.8772
39.8817
39.8861
39.8903
39.895
39.8993
39.9033
39.9075
39.9114
39.9157
39.9205
39.9245
39.9288
39.9329
39.937
39.9412
39.9455
39.9493
39.9535
39.9571
39.9611
39.9654
39.9698
39.9738
39.9779
39.9819
39.9858
39.99
39.9945
39.9986
40.0028
40.0073
40.0113
40.0155
40.0203
40.0248
40.0293
40.0334
40.0373
40.0414
40.0453
40.0497
40.0534
40.0574
40.0624
40.0667
40.0705
40.0745
40.0786
40.0829
40.0871
40.091
40.0949
40.0993
40.1034
40.1064
40.1108
40.1146
40.1189
40.1231
40.1273
40.1315
40.1361
40.1405
40.1445
40.1489
40.1528
40.1573
40.1612
40.1656
40.17
40.1741
40.1782
40.1824
40.1862
40.1904
40.1941
40.1982
40.2027
40.2063
40.21
40.214
40.2174
40.2213
40.2252
40.2294
40.2335
40.2382
40.2425
40.246
40.25
40.2541
40.2582
40.2621
40.2662
40.2705
40.2749
40.2788
40.2828
40.2874
40.2917
40.296
40.3006
40.3043
40.3083
40.3124
40.3165
40.3208
40.3246
40.3285
40.3324
40.3367
40.3409
40.3452
40.3491
40.353
40.3568
40.3609
40.3652
40.3687
40.3733
40.3772
40.3814
40.3848
40.389
40.3934
40.3973
40.4012
40.4056
40.4097
40.4137
40.4185
40.4222
40.4264
40.431
40.4351
40.4391
40.4428
40.4475
40.452
40.4558
40.4597
40.4639
40.4682
40.4724
40.4765
40.4807
40.4852
40.4892
40.4933
40.4973
40.5014
40.5053
40.5095
40.5132
40.5168
40.5204
40.5246
40.5286
40.5327
40.537
40.5405
40.5447
40.5487
40.5523
40.5564
40.5603
40.5645
40.5684
40.5722
40.5766
40.5807
40.5846
40.5894
40.5936
40.5979
40.6021
40.6057
40.6102
40.6145
40.6189
40.6226
40.6267
40.6311
40.6348
40.6391
40.6431
40.6468
40.6509
40.6549
40.6592
40.6634
40.6672
40.6712
40.6758
40.6798
40.6838
40.6878
40.6921
40.6964
40.7004
40.7044
40.7081
40.712
40.7156
40.7194
40.7236
40.728
40.7318
40.7353
40.7395
40.7431
40.7472
40.7511
40.7552
40.7589
40.7629
40.7667
40.7705
40.7743
40.7786
40.7825
40.7868
40.7913
40.7956
40.7993
40.8031
40.8069
40.8106
40.8152
40.8194
40.8234
40.8278
40.8312
40.8349
40.8386
40.8432
40.8469
40.8512
40.8548
40.8586
40.8625
40.8664
40.87
40.8741
40.878
40.8817
40.886
40.8907
40.8946
40.8989
40.9024
40.9064
40.9103
40.9139
40.9173
40.9211
40.9252
40.9291
40.933
40.9367
40.9406
40.9447
40.9482
40.9527
40.9569
40.9607
40.9651
40.9692
40.9729
40.9769
40.9811
40.9856
40.9893
40.9932
40.9976
41.0012
41.0045
41.0085
41.0128
41.0169
41.0206
41.0244
41.028
41.0321
41.0357
41.0393
41.0431
41.0466
41.0505
41.0548
41.0589
41.0625
41.0663
41.0697
41.0735
41.0775
41.0812
41.0851
41.0893
41.0931
41.0972
41.101
41.1052
41.1094
41.1133
41.1172
41.1211
41.1249
41.1285
41.1329
41.1374
41.1409
41.1449
41.1495
41.1537
41.1579
41.1623
41.1664
41.1701
41.1734
41.1769
41.1808
41.1847
41.1883
41.1919
41.1963
41.2001
41.2036
41.2074
41.2111
41.2155
41.2195
41.2235
41.2274
41.2313
41.2353
41.2386
41.243
41.2471
41.2509
41.2544
41.2586
41.263
41.2668
41.2704
41.2743
41.2783
41.2821
41.2859
41.2897
41.2938
41.2978
41.3018
41.306
41.3098
41.3132
41.3169
41.3209
41.3247
41.328
41.3317
41.3357
41.3401
41.3435
41.3476
41.3512
41.355
41.3587
41.3624
41.366
41.3695
41.373
41.3772
41.3817
41.3856
41.3895
41.3937
41.398
41.4016
41.4055
41.4095
41.4133
41.417
41.4206
41.4248
41.4284
41.4324
41.4363
41.4404
41.4443
41.4489
41.4529
41.4567
41.4609
41.465
41.469
41.4724
41.4764
41.4807
41.4848
41.489
41.4933
41.4971
41.501
41.5052
41.5088
41.5128
41.5167
41.5207
41.525
41.5292
41.5338
41.5377
41.5419
41.5456
41.5493
41.5533
41.5576
41.5614
41.5652
41.569
41.5729
41.5768
41.5807
41.5844
41.5885
41.5921
41.596
41.6001
41.6034
41.6072
41.6111
41.6147
41.6186
41.6228
41.6269
41.6304
41.6339
41.6375
41.6415
41.6455
41.6494
41.6531
41.6571
41.6608
41.6651
41.6688
41.6729
41.6769
41.6806
41.6845
41.6884
41.6917
41.6955
41.6998
41.7041
41.708
41.7121
41.7159
41.7195
41.7234
41.7274
41.731
41.7347
41.7388
41.7427
41.7461
41.7506
41.7543
41.7577
41.7619
41.7658
41.7695
41.7735
41.7769
41.781
41.7847
41.7889
41.7928
41.7968
41.8009
41.8047
41.8088
41.8126
41.8165
41.8205
41.8241
41.8278
41.8318
41.8353
41.8387
41.8428
41.8463
41.8502
41.8541
41.8578
41.8612
41.8655
41.869
41.873
41.8768
41.8805
41.8845
41.8885
41.892
41.8964
41.9002
41.904
41.9077
41.9111
41.9152
41.9193
41.923
41.9269
41.9309
41.9348
41.9386
41.9423
41.9459
41.9494
41.9529
41.9566
41.9604
41.964
41.9676
41.9715
41.9756
41.9798
41.984
41.9877
41.9914
41.9955
41.9994
42.0038
42.0077
42.0111
42.015
42.0191
42.0228
42.0269
42.0308
42.0343
42.0382
42.0423
42.0458
42.05
42.0542
42.0582
42.0618
42.0656
42.0693
42.0732
42.0775
42.0812
42.0853
42.0889
42.093
42.0976
42.1018
42.1053
42.1092
42.113
42.1168
42.1206
42.1247
42.1285
42.1325
42.1362
42.1398
42.1436
42.1473
42.1513
42.1553
42.1591
42.1627
42.1665
42.1702
42.174
42.1781
42.1815
42.1852
42.1886
42.1925
42.1961
42.2003
42.2038
42.2077
42.2118
42.2155
42.2193
42.2234
42.2271
42.2312
42.2348
42.2387
42.2426
42.2467
42.2507
42.2545
42.2584
42.2625
42.2666
42.2708
42.2749
42.2797
42.284
42.2883
42.2924
42.2958
42.2993
42.3034
42.307
42.3109
42.3142
42.3181
42.3222
42.3258
42.33
42.3339
42.3384
42.3421
42.3455
42.3491
42.3529
42.3571
42.3612
42.3651
42.3691
42.3728
42.3763
42.3799
42.384
42.388
42.3918
42.3957
42.3993
42.4033
42.4072
42.4109
42.4149
42.4184
42.4221
42.4257
42.4294
42.4334
42.4371
42.4414
42.445
42.4488
42.453
42.4569
42.4608
42.4652
42.4692
42.4729
42.4765
42.4802
42.4837
42.4881
42.4918
42.4953
42.4989
42.5027
42.5066
42.5098
42.5138
42.5176
42.5212
42.5246
42.5286
42.5325
42.5365
42.5404
42.5441
42.5481
42.5518
42.5562
42.5602
42.5635
42.5671
42.5707
42.5742
42.5778
42.5813
42.5854
42.5893
42.5933
42.5968
42.6005
42.6042
42.6078
42.6117
42.6153
42.6192
42.623
42.6269
42.6308
42.635
42.6387
42.6428
42.6473
42.6507
42.6542
42.6582
42.6622
42.6658
42.6696
42.6735
42.677
42.6813
42.6854
42.6894
42.6933
42.697
42.701
42.7043
42.7081
42.7122
42.7159
42.72
42.7237
42.7274
42.7312
42.7351
42.739
42.7428
42.7472
42.751
42.7545
42.7584
42.7618
42.7658
42.7696
42.7735
42.7773
42.7807
42.7848
42.7889
42.7922
42.7959
42.8001
42.804
42.8078
42.8116
42.8152
42.8187
42.8222
42.8259
42.8298
42.8336
42.838
42.8424
42.8464
42.8496
42.8532
42.8571
42.8608
42.8647
42.8685
42.8722
42.8761
42.88
42.8837
42.8878
42.8917
42.8958
42.8998
42.9037
42.9074
42.9113
42.9151
42.919
42.9229
42.9274
42.931
42.9347
42.9388
42.9429
42.9469
42.9506
42.9544
42.9583
42.9616
42.966
42.9701
42.9735
42.9774
42.9811
42.9845
42.9887
42.9928
42.9969
43.0007
43.0045
43.0083
43.0117
43.0157
43.0194
43.0233
43.0266
43.0308
43.0345
43.0382
43.0417
43.0457
43.0498
43.0538
43.0574
43.0613
43.0654
43.0694
43.0737
43.0773
43.0812
43.085
43.0887
43.0924
43.0961
43.0996
43.1037
43.1079
43.1117
43.1158
43.1197
43.1238
43.1274
43.1312
43.1351
43.1394
43.1438
43.1478
43.1514
43.1548
43.1587
43.1625
43.1665
43.1708
43.1747
43.1787
43.1825
43.1865
43.1904
43.1941
43.1981
43.2018
43.2055
43.2094
43.213
43.2168
43.2207
43.2245
43.2285
43.2323
43.2363
43.2399
43.2436
43.2473
43.2508
43.2547
43.2586
43.263
43.2669
43.2705
43.2751
43.2796
43.2836
43.2873
43.291
43.2949
43.2991
43.303
43.3067
43.3105
43.3142
43.3179
43.3217
43.3257
43.3296
43.3332
43.3368
43.3411
43.3446
43.3488
43.3528
43.3568
43.3601
43.3637
43.3671
43.3709
43.3747
43.3788
43.3829
43.3865
43.3905
43.3941
43.3979
43.4016
43.4055
43.4093
43.4132
43.4171
43.4206
43.4242
43.4284
43.4322
43.4365
43.4403
43.4441
43.4483
43.452
43.4555
43.4598
43.4637
43.4672
43.471
43.4745
43.4789
43.4824
43.4862
43.4898
43.4935
43.4973
43.5013
43.5048
43.509
43.513
43.5168
43.5204
43.5243
43.5285
43.5323
43.5363
43.5401
43.5443
43.5476
43.5514
43.555
43.5587
43.5628
43.5669
43.5711
43.5749
43.5789
43.5821
43.5861
43.5904
43.5947
43.5982
43.6022
43.6062
43.6101
43.6133
43.6173
43.6213
43.625
43.6285
43.6323
43.6361
43.6398
43.6437
43.6478
43.6521
43.6558
43.6601
43.6637
43.6675
43.6714
43.6753
43.6787
43.6826
43.6858
43.6901
43.6938
43.6975
43.7012
43.7052
43.7089
43.7126
43.7166
43.7202
43.724
43.7282
43.7321
43.7359
43.7401
43.7442
43.748
43.752
43.756
43.7598
43.7635
43.7675
43.7718
43.7755
43.779
43.7832
43.7869
43.7907
43.7948
43.7984
43.8026
43.8062
43.8101
43.8143
43.8179
43.8214
43.8256
43.8294
43.833
43.8368
43.8407
43.845
43.8487
43.8531
43.8566
43.8605
43.8642
43.868
43.872
43.8761
43.88
43.8836
43.8873
43.8917
43.8955
43.8993
43.9033
43.9072
43.9114
43.915
43.9191
43.9232
43.9266
43.9303
43.9342
43.938
43.9423
43.9463
43.9501
43.9542
43.958
43.9616
43.9655
43.9697
43.9732
43.9776
43.982
43.9863
43.9902
43.9942
43.9982
44.002
44.0063
44.0102
44.0143
44.0194
44.0237
44.027
44.0307
44.0343
44.038
44.0419
44.0457
44.0491
44.0528
44.0567
44.0609
44.065
44.0693
44.0738
44.0777
44.0814
44.085
44.0887
44.0926
44.0962
44.0997
44.1034
44.1072
44.1111
44.1156
44.1196
44.1238
44.1274
44.1311
44.1348
44.1387
44.1428
44.147
44.1511
44.1552
44.1592
44.163
44.1666
44.1707
44.1748
44.1787
44.183
44.1873
44.1915
44.1959
44.2001
44.2042
44.2077
44.212
44.2156
44.2193
44.2235
44.2276
44.2311
44.2349
44.239
44.2432
44.2469
44.2509
44.2553
44.2595
44.2632
44.2674
44.2716
44.2756
44.279
44.2828
44.2865
44.29
44.2937
44.2975
44.3016
44.3052
44.3093
44.3134
44.3171
44.3205
44.3246
44.3287
44.3328
44.3364
44.3402
44.3443
44.3485
44.3523
44.3566
44.3609
44.3648
44.3692
44.3732
44.3773
44.3815
44.3852
44.3899
44.3943
44.3983
44.4022
44.4066
44.4103
44.4139
44.418
44.422
44.4256
44.4296
44.4333
44.4376
44.442
44.446
44.4494
44.4531
44.4571
44.4611
44.4652
44.4691
44.4732
44.4773
44.4813
44.4863
44.4901
44.4942
44.4977
44.5014
44.5047
44.509
44.5126
44.5165
44.5206
44.5243
44.5289
44.5328
44.5367
44.5406
44.5443
44.5483
44.5522
44.5564
44.5602
44.5641
44.568
44.5721
44.5755
44.5796
44.5835
44.5875
44.5919
44.5962
44.6003
44.6038
44.608
44.612
44.6161
44.6198
44.6238
44.6284
44.6322
44.6364
44.6405
44.644
44.6477
44.6515
44.6553
44.6595
44.6632
44.6673
44.6715
44.6753
44.6792
44.6831
44.687
44.6913
44.6945
44.6985
44.7027
44.7064
44.7104
44.7144
44.7183
44.7229
44.7268
44.731
44.7351
44.7388
44.7428
44.7466
44.7505
44.7544
44.7583
44.7624
44.7664
44.7703
44.7747
44.7785
44.7828
44.7872
44.7913
44.7957
44.7994
44.8029
44.8075
44.8116
44.8155
44.8192
44.8233
44.8274
44.8312
44.8353
44.839
44.8425
44.8464
44.8504
44.8545
44.8587
44.8623
44.8662
44.8706
44.8745
44.8782
44.8825
44.8868
44.8908
44.8943
44.8984
44.9022
44.906
44.9098
44.9136
44.918
44.9218
44.9262
44.9302
44.9339
44.9375
44.9415
44.9452
44.949
44.9533
44.9575
44.9617
44.9653
44.9697
44.9735
44.9781
44.9823
44.9867
44.9909
44.9947
44.9982
45.002
45.0063
45.0102
45.0139
45.0177
45.0216
45.0258
45.0302
45.0346
45.0386
45.0429
45.0465
45.0501
45.0538
45.0576
45.0617
45.0657
45.0696
45.0742
45.0784
45.0821
45.0863
45.0907
45.0953
45.0999
45.1041
45.108
45.1117
45.116
45.1202
45.1247
45.1284
45.1323
45.1359
45.1398
45.1438
45.1481
45.1517
45.156
45.1596
45.1636
45.1678
45.1717
45.1757
45.1797
45.1838
45.1876
45.192
45.1961
45.1998
45.2041
45.2082
45.2125
45.2162
45.2203
45.2248
45.229
45.2325
45.2364
45.2405
45.2446
45.2484
45.2523
45.257
45.2609
45.2652
45.2695
45.2744
45.2783
45.2826
45.287
45.291
45.2954
45.2996
45.3043
45.3082
45.3127
45.3171
45.321
45.3251
45.3298
45.3338
45.3374
45.3415
45.3453
45.3494
45.3533
45.357
45.3613
45.3652
45.3691
45.3728
45.3768
45.3809
45.3847
45.389
45.3935
45.398
45.4025
45.4066
45.4108
45.4146
45.4183
45.4223
45.4264
45.4304
45.4344
45.4388
45.4429
45.4468
45.451
45.4551
45.4597
45.464
45.4677
45.4712
45.4753
45.4798
45.4836
45.4878
45.4921
45.4963
45.5003
45.5046
45.5087
45.5131
45.5168
45.521
45.5249
45.5292
45.5334
45.5372
45.5412
45.5453
45.5501
45.5541
45.558
45.5619
45.5665
45.5705
45.5748
45.5786
45.5825
45.5867
45.591
45.5955
45.5993
45.6037
45.6079
45.6119
45.6158
45.6196
45.6242
45.6282
45.6324
45.636
45.6404
45.6446
45.6492
45.6534
45.6575
45.6615
45.666
45.6701
45.6741
45.6782
45.6828
45.6868
45.6911
45.6958
45.7001
45.7043
45.708
45.7119
45.7161
45.7203
45.7238
45.7279
45.7321
45.7365
45.7408
45.7451
45.7498
45.754
45.7581
45.7622
45.7661
45.7702
45.7744
45.7788
45.7828
45.7871
45.7917
45.7955
45.7997
45.8037
45.8078
45.812
45.8163
45.8209
45.8249
45.8293
45.8333
45.838
45.8421
45.8465
45.8507
45.8551
45.8589
45.8634
45.8677
45.8718
45.8758
45.8796
45.884
45.8884
45.8926
45.8966
45.9007
45.9051
45.9091
45.9129
45.9171
45.9215
45.9263
45.9311
45.9354
45.9403
45.9438
45.948
45.9518
45.9561
45.9602
45.9646
45.9687
45.9732
45.9774
45.9816
45.9856
45.9898
45.9945
45.9987
46.0031
46.0069
46.0112
46.0154
46.0196
46.0239
46.0279
46.0323
46.0366
46.0412
46.0451
46.0494
46.0541
46.0584
46.0624
46.067
46.0709
46.075
46.0799
46.0838
46.0881
46.0926
46.0966
46.1011
46.1055
46.1094
46.1134
46.1181
46.1224
46.1261
46.1297
46.134
46.1385
46.143
46.1473
46.1514
46.1553
46.1594
46.1639
46.1682
46.1725
46.1769
46.1811
46.1851
46.1891
46.1935
46.1979
46.2025
46.2067
46.2114
46.2161
46.2205
46.2246
46.2285
46.2325
46.2369
46.2412
46.2459
46.25
46.2541
46.2586
46.2629
46.2675
46.2725
46.2773
46.2816
46.286
46.29
46.2946
46.2988
46.303
46.3071
46.3117
46.3157
46.3209
46.3255
46.3297
46.3345
46.339
46.3437
46.3476
46.3521
46.3563
46.3602
46.3647
46.3689
46.3728
46.3771
46.3813
46.3858
46.3904
46.3948
46.3992
46.4031
46.4073
46.4121
46.4163
46.4207
46.4249
46.4293
46.4338
46.4382
46.4422
46.4466
46.4508
46.4551
46.4595
46.4638
46.4679
46.4722
46.4768
46.4806
46.4846
46.489
46.4934
46.4978
46.502
46.5059
46.5104
46.5151
46.5193
46.5236
46.5283
46.5325
46.5365
46.541
46.5456
46.5503
46.5544
46.5591
46.5636
46.5677
46.5717
46.5758
46.5809
46.586
46.5905
46.5951
46.5996
46.6038
46.6083
46.6126
46.6168
46.6213
46.6255
46.6299
46.6341
46.6388
46.6431
46.6476
46.652
46.6567
46.661
46.6652
46.6696
46.6743
46.6783
46.6826
46.6875
46.6917
46.6961
46.7005
46.7049
46.7096
46.714
46.7185
46.7226
46.7272
46.7321
46.7363
46.7406
46.7454
46.7498
46.754
46.7579
46.7622
46.7668
46.7714
46.7761
46.781
46.7855
46.7901
46.7944
46.7981
46.8028
46.8066
46.8113
46.816
46.8201
46.8245
46.8287
46.8333
46.8381
46.8426
46.847
46.8512
46.8558
46.8607
46.8656
46.8699
46.8744
46.8789
46.8832
46.8873
46.8917
46.8965
46.9011
46.905
46.9094
46.914
46.9183
46.9224
46.9269
46.9311
46.9355
46.9406
46.9448
46.9494
46.9538
46.9579
46.9622
46.9661
46.9705
46.9749
46.9794
46.9838
46.9884
46.9929
46.9977
47.0026
47.0073
47.0119
47.0163
47.0208
47.0254
47.0296
47.0341
47.0388
47.0438
47.0488
47.0535
47.0581
47.0628
47.0671
47.071
47.0758
47.08
47.0849
47.0897
47.0939
47.0979
47.1022
47.1072
47.112
47.1167
47.1214
47.1258
47.1301
47.1349
47.139
47.1433
47.1473
47.1518
47.1562
47.1611
47.1656
47.1694
47.1742
47.1786
47.1833
47.1879
47.1924
47.1971
47.2019
47.2063
47.2106
47.2149
47.2194
47.2241
47.2285
47.2329
47.2374
47.2417
47.2459
47.2499
47.2548
47.2594
47.2639
47.2688
47.2733
47.2777
47.2823
47.2869
47.2923
47.2972
47.3019
47.3059
47.3111
47.3158
47.3203
47.3252
47.3296
47.3343
47.3387
47.343
47.3471
47.3512
47.3555
47.3601
47.3649
47.3692
47.3745
47.3796
47.384
47.3882
47.3926
47.397
47.402
47.4067
47.4111
47.4158
47.4201
47.4246
47.4291
47.4333
47.438
47.4423
47.4467
47.4517
47.4563
47.46
47.4646
47.4695
47.4742
47.4787
47.4832
47.4878
47.4923
47.4969
47.5011
47.5059
47.5111
47.5157
47.5204
47.5253
47.5297
47.5348
47.5399
47.5442
47.5484
47.5532
47.5579
47.5621
47.5665
47.5712
47.5758
47.5807
47.5856
47.5898
47.5946
47.599
47.6045
47.6091
47.614
47.6188
47.6238
47.6287
47.6336
47.6385
47.6435
47.6486
47.6531
47.6577
47.6623
47.6662
47.6708
47.6757
47.6804
47.685
47.6897
47.6946
47.6989
47.7039
47.7094
47.7139
47.7182
47.7226
47.7277
47.7319
47.7372
47.7417
47.7463
47.751
47.7554
47.7605
47.7649
47.77
47.7746
47.7795
47.7843
47.7893
47.7943
47.7992
47.8041
47.809
47.8139
47.8186
47.8231
47.8281
47.833
47.8377
47.8426
47.8478
47.8528
47.8578
47.8622
47.867
47.8714
47.876
47.8807
47.8856
47.8907
47.8954
47.9002
47.9048
47.9093
47.9139
47.9187
47.9231
47.9277
47.9328
47.9376
47.942
47.9468
47.9525
47.9566
47.9617
47.9664
47.9712
47.9762
47.9815
47.9864
47.9922
47.9971
48.0023
48.0075
48.0124
48.0174
48.0225
48.0275
48.0324
48.0368
48.0421
48.0472
48.0522
48.0571
48.0626
48.0674
48.0722
48.0778
48.0826
48.0876
48.0923
48.0967
48.1011
48.1057
48.1105
48.1152
48.1197
48.1251
48.1302
48.1345
48.1396
48.1447
48.1492
48.1533
48.1584
48.1637
48.1688
48.1735
48.1784
48.183
48.1874
48.1918
48.1969
48.2014
48.2066
48.2118
48.2169
48.2217
48.2259
48.231
48.2358
48.2412
48.2458
48.2511
48.2562
48.261
48.2664
48.2716
48.2765
48.2805
48.286
48.2914
48.2967
48.3015
48.3067
48.3117
48.3164
48.322
48.3273
48.3319
48.3367
48.3413
48.3463
48.3516
48.3571
48.3614
48.3664
48.3713
48.3759
48.3811
48.3858
48.3909
48.3962
48.401
48.4053
48.41
48.4154
48.4197
48.4239
48.4287
48.4339
48.4391
48.4439
48.4497
48.4544
48.4593
48.4638
48.4693
48.4752
48.4803
48.4854
48.4901
48.495
48.4995
48.5052
48.51
48.5149
48.5196
48.5244
48.5291
48.5338
48.5388
48.5438
48.5482
48.5538
48.5591
48.5638
48.5692
48.5742
48.5791
48.5841
48.5888
48.5942
48.5993
48.6041
48.6091
48.6139
48.6198
48.6251
48.6302
48.635
48.6403
48.6449
48.6498
48.655
48.6598
48.6657
48.6711
48.6764
48.6817
48.6874
48.6924
48.6974
48.7033
48.7092
48.7144
48.7195
48.7245
48.7296
48.7349
48.74
48.7448
48.7493
48.7548
48.7605
48.7656
48.7708
48.7762
48.781
48.786
48.7917
48.7966
48.8016
48.8065
48.811
48.8161
48.821
48.8268
48.832
48.837
48.8424
48.8477
48.8529
48.8579
48.8633
48.8686
48.8739
48.879
48.884
48.89
48.8955
48.9002
48.9048
48.9101
48.9155
48.9202
48.9254
48.9305
48.9361
48.9407
48.9465
48.9515
48.9566
48.9618
48.9677
48.9732
48.9791
48.9848
48.9901
48.9961
49.0008
49.0064
49.0116
49.0165
49.0219
49.0269
49.0316
49.0379
49.0434
49.0485
49.0537
49.0586
49.0643
49.0701
49.076
49.0813
49.0864
49.0917
49.0974
49.1036
49.1088
49.1142
49.119
49.1241
49.1294
49.1347
49.1403
49.1461
49.1514
49.1572
49.1627
49.1684
49.1742
49.1796
49.185
49.1906
49.1957
49.2014
49.2076
49.213
49.2183
49.224
49.2292
49.235
49.2403
49.2457
49.2513
49.2565
49.2617
49.2669
49.2722
49.2775
49.2833
49.289
49.2949
49.3008
49.3064
49.3117
49.3172
49.3222
49.327
49.3326
49.3372
49.3427
49.3484
49.354
49.3597
49.3648
49.3711
49.3765
49.3811
49.3869
49.3919
49.3974
49.4024
49.4079
49.4134
49.4188
49.424
49.4294
49.4361
49.4417
49.4473
49.453
49.4584
49.4651
49.4708
49.4755
49.4807
49.4855
49.4908
49.4962
49.5008
49.5053
49.5107
49.5159
49.5215
49.5268
49.5324
49.5381
49.5439
49.5498
49.5555
49.5612
49.5665
49.5721
49.5779
49.5838
49.5892
49.5945
49.6002
49.6052
49.6111
49.6175
49.6227
49.6282
49.6338
49.6391
49.6453
49.6512
49.6564
49.662
49.6674
49.6728
49.6782
49.6841
49.6896
49.6952
49.7005
49.7064
49.7118
49.7174
49.7236
49.7288
49.7346
49.7402
49.7459
49.7517
49.7579
49.7645
49.7703
49.7762
49.782
49.7874
49.7934
49.7991
49.8049
49.8109
49.8164
49.822
49.8278
49.8331
49.8393
49.8447
49.85
49.855
49.8613
49.8674
49.8729
49.8778
49.8841
49.8897
49.8955
49.9012
49.9069
49.9132
49.9184
49.9239
49.93
49.936
49.9414
49.9466
49.9522
49.9581
49.9638
49.9692
49.9756
49.9817
49.9867
49.9933
49.9995
50.0055
50.0114
50.0169
50.0225
50.027
50.033
50.0396
50.0457
50.0509
50.0578
50.0645
50.0706
50.0769
50.083
50.0892
50.0953
50.1006
50.1062
50.1123
50.1184
50.1251
50.1311
50.1373
50.1427
50.1479
50.1543
50.1601
50.1654
50.1715
50.1773
50.1836
50.1896
50.1956
50.2013
50.2061
50.2117
50.2173
50.2235
50.2291
50.2349
50.2409
50.2466
50.2531
50.2591
50.2651
50.271
50.2773
50.2834
50.2898
50.2964
50.3025
50.3076
50.3137
50.3193
50.325
50.3308
50.3369
50.3426
50.3483
50.3547
50.361
50.3671
50.3725
50.3789
50.3851
50.3922
50.3988
50.4046
50.4105
50.4175
50.4239
50.4303
50.436
50.4421
50.4478
50.4547
50.4605
50.4669
50.4725
50.4779
50.4832
50.4895
50.4959
50.502
50.5078
50.5142
50.5202
50.5264
50.5335
50.5393
50.5456
50.5512
50.5581
50.5643
50.571
50.5773
50.5834
50.5897
50.5966
50.6026
50.6094
50.6156
50.6214
50.628
50.634
50.6404
50.6465
50.6528
50.6585
50.6647
50.6707
50.6757
50.6822
50.6883
50.6951
50.7013
50.7077
50.7143
50.7209
50.7266
50.7334
50.7392
50.7457
50.7529
50.7596
50.7663
50.7725
50.7788
50.7842
50.7905
50.7963
50.802
50.808
50.8138
50.8208
50.8283
50.8352
50.8416
50.8472
50.8527
50.8604
50.8667
50.8746
50.8807
50.8869
50.8932
50.8995
50.9064
50.9123
50.9185
50.9249
50.9312
50.9376
50.9438
50.9497
50.9562
50.9639
50.97
50.9774
50.9841
50.9904
50.9967
51.0035
51.0104
51.0166
51.023
51.03
51.0369
51.0436
51.051
51.0575
51.0645
51.0709
51.0787
51.0846
51.0905
51.0974
51.1037
51.1111
51.1184
51.1244
51.1308
51.1378
51.1442
51.1502
51.1575
51.1643
51.1722
51.1787
51.1852
51.1921
51.1981
51.2051
51.2116
51.219
51.2257
51.2324
51.2395
51.2461
51.2533
51.2593
51.2666
51.2736
51.281
51.288
51.295
51.302
51.3083
51.3151
51.3216
51.3283
51.3356
51.3421
51.3496
51.3563
51.3631
51.3694
51.3777
51.3841
51.3914
51.3982
51.4053
51.413
51.4199
51.4263
51.4332
51.4401
51.4471
51.4533
51.4601
51.4669
51.4737
51.4809
51.4882
51.4951
51.5024
51.5103
51.5177
51.5256
51.5327
51.5401
51.547
51.5537
51.5607
51.5684
51.5759
51.5834
51.5908
51.5984
51.6064
51.6134
51.6208
51.628
51.635
51.6418
51.6506
51.6576
51.6641
51.6716
51.6779
51.6844
51.6922
51.6995
51.7065
51.713
51.721
51.7279
51.7351
51.7423
51.7487
51.7555
51.7628
51.7708
51.7783
51.7856
51.7921
51.7996
51.8063
51.8141
51.8212
51.8278
51.835
51.8425
51.8507
51.8582
51.8646
51.8719
51.8799
51.8866
51.8945
51.9018
51.9102
51.9176
51.9245
51.9327
51.9405
51.9476
51.9557
51.9628
51.9703
51.9782
51.9858
51.9929
52.0011
52.0084
52.0161
52.0232
52.0309
52.0381
52.0458
52.0535
52.0607
52.067
52.0748
52.0823
52.0901
52.0971
52.1045
52.1119
52.1193
52.126
52.1336
52.1415
52.1496
52.1573
52.1637
52.1706
52.1783
52.1852
52.1928
52.2007
52.2074
52.2155
52.2223
52.2296
52.2372
52.2446
52.2534
52.2617
52.2698
52.2773
52.2843
52.2931
52.301
52.3087
52.3163
52.324
52.3316
52.3395
52.3479
52.3554
52.3634
52.371
52.3786
52.3872
52.3948
52.4032
52.4115
52.4206
52.4283
52.4377
52.4456
52.4532
52.461
52.4693
52.4766
52.4851
52.4935
52.5014
52.5091
52.5181
52.5259
52.5341
52.5428
52.5507
52.5586
52.5671
52.5754
52.5832
52.5916
52.5987
52.6076
52.6166
52.6252
52.6338
52.6413
52.6493
52.6581
52.6664
52.6734
52.6805
52.6886
52.6963
52.7043
52.7122
52.7205
52.7291
52.7368
52.7457
52.7534
52.762
52.7712
52.7795
52.7878
52.7953
52.8034
52.8112
52.8194
52.8281
52.8367
52.8444
52.8528
52.8611
52.8692
52.8774
52.8865
52.8949
52.9033
52.9116
52.9196
52.9274
52.9356
52.9444
52.9528
52.9605
52.9696
52.9788
52.9877
52.9959
53.0046
53.0138
53.0225
53.0301
53.0388
53.0476
53.0559
53.064
53.0721
53.08
53.0879
53.0959
53.1045
53.1136
53.122
53.1322
53.1412
53.15
53.1576
53.167
53.1754
53.1843
53.1938
53.2019
53.2114
53.2205
53.2304
53.2392
53.248
53.2567
53.2664
53.2758
53.2846
53.2944
53.3036
53.3124
53.3214
53.3303
53.3391
53.3484
53.3565
53.3665
53.3753
53.3831
53.3929
53.4025
53.4108
53.4201
53.4294
53.4391
53.4495
53.4586
53.4681
53.4791
53.4877
53.497
53.5062
53.5154
53.5244
53.5348
53.5443
53.5533
53.563
53.5738
53.583
53.5916
53.6015
53.6106
53.621
53.6311
53.6405
53.6501
53.6594
53.6689
53.6789
53.6886
53.6988
53.708
53.7178
53.7278
53.7379
53.7472
53.7586
53.7686
53.7787
53.7902
53.8002
53.8104
53.8199
53.8296
53.8401
53.8505
53.86
53.87
53.88
53.8909
53.9011
53.911
53.9213
53.9315
53.942
53.9518
53.9621
53.9734
53.9831
53.9933
54.0053
54.0154
54.0255
54.0378
54.0482
54.0576
54.0691
54.0796
54.091
54.1021
54.1128
54.1238
54.1352
54.1466
54.1567
54.1677
54.1787
54.1897
54.2001
54.2096
54.2193
54.2298
54.2405
54.2511
54.2627
54.2729
54.2826
54.2936
54.3058
54.318
54.3291
54.339
54.3491
54.3622
54.3732
54.3839
54.3938
54.4051
54.4169
54.4278
54.44
54.4522
54.4624
54.4743
54.4858
54.4979
54.5108
54.5227
54.5332
54.5457
54.5565
54.5676
54.5782
54.5912
54.6015
54.6141
54.628
54.6411
54.6524
54.6636
54.6769
54.6899
54.7026
54.7155
54.7273
54.7399
54.7523
54.7657
54.7784
54.7902
54.8014
54.8128
54.8242
54.8362
54.849
54.8618
54.8732
54.8845
54.8957
54.9073
54.9198
54.9339
54.9476
54.9595
54.9713
54.9833
54.9955
55.0093
55.023
55.0355
55.0481
55.0618
55.0749
55.0874
55.1003
55.1121
55.1269
55.1411
55.1554
55.1682
55.1819
55.1942
55.2066
55.2196
55.2348
55.248
55.2589
55.272
55.2861
55.299
55.312
55.3263
55.34
55.3525
55.3674
55.3805
55.394
55.4084
55.4227
55.4361
55.4494
55.4652
55.4779
55.493
55.5068
55.52
55.5364
55.5492
55.5643
55.5807
55.5948
55.6092
55.6249
55.6396
55.6557
55.672
55.6881
55.7034
55.7195
55.7359
55.7512
55.765
55.7796
55.7942
55.8093
55.825
55.8393
55.8533
55.8693
55.8867
55.9007
55.9155
55.9334
55.9498
55.9663
55.9825
55.9981
56.0138
56.0286
56.0446
56.0606
56.0768
56.0936
56.1092
56.1258
56.1408
56.1579
56.1761
56.1944
56.2126
56.2308
56.2483
56.2655
56.2829
56.2996
56.3183
56.338
56.3569
56.3761
56.3942
56.4155
56.4331
56.4511
56.4704
56.4888
56.5067
56.5248
56.5438
56.5623
56.5806
56.598
56.6147
56.6355
56.6566
56.6751
56.6961
56.7158
56.7376
56.758
56.7764
56.7994
56.818
56.838
56.8578
56.8788
56.8994
56.9185
56.9417
56.9633
56.9882
57.013
57.0326
57.0545
57.0776
57.101
57.1229
57.1449
57.1687
57.191
57.2158
57.2399
57.2635
57.2893
57.3138
57.3392
57.3637
57.3889
57.4141
57.4393
57.4628
57.487
57.5093
57.5359
57.5595
57.5845
57.6099
57.6359
57.6636
57.6935
57.7195
57.7448
57.7703
57.7941
57.8273
57.855
57.8846
57.9139
57.9425
57.9698
57.9989
58.0311
58.0606
58.0909
58.124
58.1517
58.1837
58.2145
58.2472
58.278
58.3147
58.3443
58.3712
58.4045
58.4397
58.4736
58.5096
58.5405
58.5781
58.6149
58.6473
58.6858
58.7201
58.7606
58.8017
58.8388
58.8769
58.92
58.9622
58.999
59.0424
59.0866
59.1288
59.1705
59.2143
59.2576
59.301
59.3437
59.391
59.4366
59.4855
59.5358
59.5863
59.6378
59.6892
59.7437
59.7973
59.8593
59.9199
59.9759
60.0272
60.0848
60.1451
60.217
60.2777
60.3482
60.4121
60.4796
60.5514
60.6215
60.6964
60.7713
60.8555
60.9416
61.025
61.1185
61.201
61.2919
61.3921
61.506
61.6161
61.7266
61.8534
61.9635
62.0952
62.2365
62.3842
62.5706
62.728
62.9156
63.1172
63.3272
63.5646
63.8346
64.1259
64.3996
64.7051
65.0024
65.3851
65.6918
66.1236
66.5234
66.9242
67.3102
67.7211
68.1352
68.5104
68.8941
69.2945
69.7126
70.0539
70.433
70.7909
71.1808
71.6509
72.1613
72.9256
75.7811
