1
2
2.5
2.83333
3.08333
3.28333
3.78333
4.06905
4.19405
4.30516
5.98972
7.46416
9.41119
13.1344
16.456
18.5415
19.9164
20.952
21.8215
22.6124
23.2605
23.8949
24.4518
24.9796
25.4223
25.8579
26.3331
26.7419
27.1501
27.5675
27.976
28.3675
28.789
29.1753
29.5617
29.9488
30.3798
30.7809
31.2372
31.6692
32.0484
32.4071
32.7928
33.1499
33.5508
33.9097
34.2595
34.6156
34.9255
35.2414
35.5446
35.8082
36.0773
36.3487
36.6185
36.886
37.1133
37.4006
37.6324
37.8902
38.1143
38.3439
38.5735
38.8026
39.0408
39.2604
39.497
39.7345
40.0001
40.2194
40.4377
40.6587
40.8947
41.1182
41.3453
41.5747
41.7842
42.024
42.2245
42.4189
42.6233
42.8285
43.0575
43.2795
43.5088
43.7263
43.9231
44.1157
44.2916
44.4896
44.6806
44.8679
45.0749
45.2585
45.4501
45.6458
45.8574
46.0498
46.2343
46.4182
46.6252
46.7987
46.9974
47.189
47.3886
47.5602
47.7492
47.9265
48.1059
48.2703
48.466
48.6329
48.8251
49.0237
49.208
49.3815
49.5744
49.7618
49.9577
50.1495
50.3281
50.5146
50.713
50.8886
51.072
51.2446
51.4231
51.5919
51.7664
51.9297
52.0884
52.2563
52.4116
52.5604
52.712
52.8532
52.9871
53.127
53.2725
53.4096
53.5373
53.6758
53.8016
53.9258
54.0536
54.1716
54.2859
54.4139
54.5273
54.6594
54.7859
54.9024
55.0149
55.1187
55.2274
55.354
55.4776
55.5775
55.6897
55.7984
55.8937
55.995
56.095
56.193
56.2909
56.3984
56.4964
56.5968
56.6986
56.7876
56.8829
56.9731
57.0643
57.172
57.2694
57.3589
57.4429
57.5355
57.6231
57.7168
57.8048
57.9037
57.9872
58.0806
58.1669
58.2631
58.351
58.4343
58.5194
58.6013
58.6894
58.7779
58.8653
58.9428
59.0297
59.1146
59.1879
59.2643
59.3532
59.4407
59.5321
59.6284
59.7047
59.7866
59.8627
59.9543
60.0417
60.1348
60.22
60.2932
60.3686
60.4571
60.5447
60.6252
60.7043
60.7929
60.8747
60.9547
61.0365
61.125
61.2101
61.2946
61.3761
61.4609
61.5338
61.6204
61.6959
61.779
61.8642
61.9482
62.033
62.1187
62.2061
62.2884
62.3777
62.4618
62.5481
62.6358
62.7188
62.799
62.8852
62.9585
63.0397
63.1315
63.214
63.3013
63.3728
63.4549
63.5309
63.6149
63.6985
63.7805
63.8611
63.9428
64.0169
64.0922
64.1699
64.2577
64.3316
64.4049
64.491
64.5683
64.6468
64.7156
64.7872
64.8707
64.9446
65.0291
65.1028
65.1749
65.2499
65.3228
65.3967
65.4671
65.5338
65.6142
65.6901
65.7533
65.8318
65.9043
65.9778
66.0446
66.1176
66.2005
66.2682
66.3395
66.4143
66.481
66.5581
66.6268
66.6882
66.7606
66.8362
66.9115
66.9792
67.0491
67.1185
67.1892
67.2591
67.3294
67.4103
67.4804
67.5532
67.6154
67.687
67.7574
67.8275
67.8967
67.9584
68.0283
68.094
68.1629
68.2275
68.2937
68.3637
68.4304
68.4945
68.5652
68.6327
68.7068
68.7736
68.8418
68.9161
68.9846
69.0531
69.1078
69.1779
69.2336
69.3037
69.373
69.4457
69.5093
69.5722
69.6363
69.7028
69.7635
69.8289
69.897
69.9616
70.0202
70.0803
70.1388
70.2017
70.2731
70.3328
70.3932
70.4511
70.5153
70.5769
70.637
70.7038
70.7598
70.8156
70.8785
70.9402
70.997
71.0584
71.1177
71.1827
71.2482
71.3064
71.3681
71.4204
71.477
71.5345
71.5932
71.6521
71.7092
71.764
71.8258
71.886
71.9446
72.001
72.06
72.1142
72.1749
72.2278
72.2829
72.3319
72.3885
72.4408
72.5005
72.5572
72.6136
72.6663
72.7291
72.785
72.8299
72.8942
72.949
73.0023
73.054
73.107
73.1591
73.2179
73.268
73.3291
73.391
73.4497
73.502
73.5589
73.6114
73.6648
73.7135
73.7672
73.8251
73.884
73.9428
73.9944
74.0483
74.1029
74.157
74.2172
74.2733
74.3273
74.3871
74.4355
74.492
74.5423
74.5959
74.6532
74.7068
74.7568
74.8075
74.8617
74.9112
74.9643
75.0186
75.0751
75.13
75.1813
75.2348
75.2908
75.3425
75.3968
75.4505
75.5073
75.5638
75.616
75.6701
75.7216
75.7745
75.8215
75.874
75.9304
75.9885
76.0469
76.1014
76.1584
76.2099
76.262
76.3153
76.369
76.4219
76.475
76.529
76.5851
76.6411
76.6921
76.7483
76.799
76.8502
76.9029
76.9558
77.0053
77.059
77.1136
77.1672
77.2191
77.2663
77.3186
77.3722
77.4278
77.484
77.5397
77.5902
77.6419
77.6896
77.7373
77.7902
77.8446
77.8952
77.9459
77.9923
78.0458
78.0932
78.1447
78.2023
78.2513
78.2956
78.3471
78.4024
78.4478
78.4965
78.5512
78.6036
78.6521
78.7005
78.7503
78.7995
78.8532
78.9001
78.9505
78.9971
79.048
79.1015
79.1468
79.2016
79.2549
79.3029
79.3512
79.3973
79.4467
79.4966
79.5436
79.5945
79.6428
79.6931
79.7413
79.793
79.8388
79.8811
79.9287
79.9778
80.0245
80.0684
80.1171
80.1694
80.2154
80.2638
80.3105
80.3578
80.4063
80.4548
80.4968
80.5435
80.59
80.6371
80.6859
80.7298
80.7752
80.8264
80.8727
80.9191
80.9646
81.0129
81.0614
81.1046
81.1468
81.1963
81.2389
81.2795
81.3206
81.3669
81.4086
81.4543
81.5022
81.5484
81.5906
81.6372
81.6797
81.7281
81.7712
81.8137
81.86
81.9033
81.9458
81.9905
82.0372
82.0815
82.1236
82.1651
82.209
82.2496
82.2912
82.3334
82.3779
82.4204
82.4639
82.5035
82.5442
82.5875
82.6285
82.6681
82.7087
82.7529
82.7987
82.8449
82.8873
82.9297
82.9727
83.0222
83.0609
83.1032
83.1412
83.1819
83.2258
83.2698
83.3175
83.3539
83.3958
83.4363
83.4739
83.514
83.5548
83.5961
83.635
83.6758
83.7199
83.7598
83.8019
83.8443
83.881
83.9222
83.9635
84.0084
84.0461
84.0848
84.1278
84.1728
84.214
84.2524
84.294
84.3367
84.3763
84.4147
84.4519
84.4898
84.5299
84.5668
84.6043
84.6404
84.6799
84.7213
84.7614
84.7985
84.8373
84.8752
84.9141
84.9522
84.99
85.0303
85.0673
85.1043
85.1446
85.1846
85.2229
85.2561
85.2927
85.3313
85.3698
85.4055
85.4427
85.4774
85.5136
85.5475
85.5818
85.6159
85.6522
85.6912
85.7271
85.7594
85.7963
85.8326
85.8667
85.8984
85.933
85.9645
85.9985
86.033
86.0657
86.1028
86.1374
86.1702
86.2049
86.2407
86.2772
86.3146
86.3545
86.3885
86.423
86.4563
86.4875
86.5204
86.5554
86.5882
86.6205
86.6542
86.6869
86.7223
86.7553
86.7876
86.824
86.8614
86.893
86.9261
86.9584
86.9891
87.0204
87.055
87.0864
87.1227
87.1567
87.1932
87.223
87.2515
87.2822
87.3176
87.3484
87.3787
87.41
87.4431
87.4754
87.5096
87.5412
87.5746
87.6082
87.642
87.6727
87.7044
87.7382
87.7691
87.7985
87.8276
87.8632
87.8971
87.9258
87.9561
87.9864
88.0135
88.0446
88.0746
88.1068
88.1389
88.1675
88.1975
88.2257
88.2578
88.2903
88.3186
88.35
88.381
88.4127
88.4452
88.4763
88.5064
88.5366
88.5657
88.5975
88.6265
88.6567
88.6857
88.7148
88.7422
88.7721
88.8003
88.8316
88.8621
88.8928
88.9192
88.9512
88.9784
89.0111
89.0394
89.0699
89.1009
89.1308
89.1574
89.1869
89.2153
89.2504
89.2808
89.3097
89.3411
89.3731
89.4043
89.4347
89.4644
89.4952
89.5249
89.5535
89.5789
89.61
89.6407
89.6679
89.6973
89.7249
89.7547
89.7842
89.8145
89.8453
89.8741
89.8997
89.9312
89.9621
89.9928
90.0248
90.0533
90.0808
90.1121
90.1398
90.169
90.1973
90.2255
90.252
90.2805
90.3118
90.3421
90.3705
90.4034
90.4309
90.4617
90.487
90.5126
90.5421
90.5719
90.6012
90.631
90.6633
90.6882
90.7194
90.7486
90.7797
90.8089
90.8372
90.865
90.8975
90.9266
90.9546
90.9801
91.0055
91.0337
91.0619
91.0929
91.1185
91.147
91.1775
91.2036
91.232
91.2612
91.2905
91.3195
91.3459
91.3731
91.4032
91.4276
91.4573
91.4857
91.5178
91.5463
91.5739
91.6027
91.6317
91.6621
91.6898
91.7192
91.7485
91.7765
91.803
91.8307
91.8602
91.8882
91.9171
91.9423
91.9704
91.9986
92.0282
92.0579
92.0837
92.1133
92.1404
92.1685
92.198
92.2285
92.2587
92.2892
92.3177
92.3444
92.372
92.3966
92.4249
92.455
92.486
92.5154
92.5441
92.571
92.5974
92.6246
92.651
92.6791
92.71
92.74
92.7709
92.7975
92.8267
92.8565
92.8855
92.9156
92.9433
92.9713
93.0009
93.0298
93.0566
93.0868
93.1131
93.1448
93.1728
93.201
93.2264
93.2545
93.2798
93.3105
93.3413
93.3668
93.3969
93.4237
93.4518
93.4779
93.5052
93.5303
93.5574
93.5818
93.611
93.6392
93.6663
93.6948
93.7209
93.7501
93.7778
93.8066
93.8334
93.8591
93.8863
93.9146
93.9413
93.9709
93.9981
94.0239
94.0505
94.0736
94.0982
94.1249
94.1518
94.1819
94.2108
94.2365
94.2636
94.2925
94.3203
94.3527
94.3799
94.4106
94.4372
94.4655
94.4948
94.5221
94.5495
94.576
94.6084
94.6362
94.6635
94.6916
94.7192
94.7495
94.7753
94.8014
94.828
94.8544
94.878
94.9047
94.9331
94.9591
94.9888
95.0128
95.0413
95.0674
95.0926
95.1187
95.1451
95.1697
95.1965
95.2253
95.2539
95.2825
95.313
95.3421
95.3685
95.3933
95.4235
95.4489
95.4761
95.5004
95.525
95.5526
95.5784
95.6044
95.6326
95.6606
95.6877
95.7146
95.7399
95.7678
95.7958
95.8221
95.8476
95.8729
95.8992
95.9283
95.9536
95.9791
96.0068
96.0374
96.0653
96.0926
96.1205
96.1448
96.1701
96.199
96.2301
96.2599
96.2848
96.3112
96.3355
96.3664
96.394
96.4211
96.4462
96.4719
96.4984
96.5253
96.5486
96.5768
96.6038
96.6321
96.6604
96.6848
96.712
96.739
96.7671
96.7945
96.8203
96.847
96.8761
96.9013
96.9322
96.9557
96.9809
97.0075
97.0338
97.0588
97.0859
97.1155
97.1417
97.1668
97.1951
97.2234
97.2486
97.2731
97.3017
97.3304
97.3553
97.3805
97.4079
97.4336
97.4585
97.4832
97.5115
97.5402
97.5686
97.597
97.6246
97.6514
97.6789
97.7063
97.7308
97.7547
97.7811
97.8065
97.8329
97.8605
97.8867
97.9116
97.9388
97.9691
97.9954
98.0224
98.0521
98.0773
98.1045
98.1308
98.1579
98.1854
98.2127
98.2409
98.269
98.2953
98.3197
98.3486
98.3743
98.3993
98.4231
98.4498
98.4779
98.5038
98.53
98.5566
98.5805
98.6072
98.6323
98.6607
98.6858
98.7092
98.7353
98.7597
98.7833
98.8097
98.8367
98.8666
98.8948
98.9206
98.9452
98.9713
98.9944
99.02
99.0452
99.0718
99.0974
99.1231
99.1477
99.1729
99.1976
99.2244
99.2494
99.2775
99.3036
99.332
99.3561
99.3828
99.4068
99.4325
99.4583
99.4834
99.5119
99.5381
99.5642
99.5916
99.6163
99.6427
99.6681
99.6918
99.7161
99.7401
99.7701
99.7963
99.8196
99.8452
99.8708
99.8988
99.9266
99.9514
99.9772
100.003
100.029
100.055
100.08
100.104
100.128
100.154
100.18
100.207
100.238
100.262
100.284
100.309
100.334
100.361
100.386
100.412
100.442
100.467
100.495
100.521
100.544
100.568
100.592
100.615
100.64
100.664
100.689
100.714
100.739
100.766
100.788
100.813
100.839
100.864
100.888
100.912
100.94
100.962
100.988
101.012
101.037
101.064
101.087
101.115
101.137
101.161
101.186
101.212
101.236
101.258
101.286
101.314
101.339
101.368
101.393
101.417
101.442
101.467
101.492
101.514
101.539
101.566
101.591
101.616
101.64
101.669
101.692
101.718
101.742
101.765
101.789
101.815
101.838
101.864
101.888
101.912
101.936
101.96
101.983
102.006
102.033
102.058
102.081
102.104
102.129
102.154
102.179
102.201
102.225
102.249
102.274
102.301
102.325
102.351
102.375
102.396
102.421
102.446
102.469
102.493
102.52
102.544
102.568
102.591
102.616
102.64
102.665
102.688
102.713
102.736
102.762
102.788
102.813
102.838
102.863
102.887
102.914
102.939
102.961
102.986
103.008
103.035
103.057
103.084
103.108
103.128
103.152
103.176
103.202
103.226
103.249
103.275
103.3
103.325
103.348
103.373
103.395
103.418
103.442
103.466
103.493
103.515
103.538
103.565
103.588
103.61
103.634
103.66
103.684
103.707
103.733
103.756
103.779
103.807
103.832
103.854
103.878
103.902
103.926
103.949
103.974
103.997
104.021
104.045
104.068
104.093
104.117
104.141
104.164
104.185
104.207
104.231
104.255
104.277
104.301
104.323
104.346
104.37
104.396
104.421
104.443
104.465
104.491
104.516
104.539
104.561
104.585
104.61
104.633
104.656
104.681
104.704
104.725
104.748
104.769
104.795
104.82
104.843
104.866
104.887
104.911
104.935
104.958
104.984
105.008
105.031
105.055
105.078
105.1
105.125
105.147
105.17
105.191
105.214
105.238
105.262
105.285
105.308
105.33
105.353
105.376
105.401
105.424
105.448
105.469
105.492
105.516
105.544
105.568
105.592
105.615
105.64
105.658
105.683
105.708
105.728
105.753
105.777
105.798
105.821
105.845
105.866
105.891
105.914
105.937
105.959
105.983
106.005
106.028
106.049
106.073
106.094
106.116
106.14
106.165
106.186
106.209
106.23
106.253
106.277
106.3
106.321
106.346
106.37
106.392
106.414
106.437
106.459
106.482
106.503
106.523
106.547
106.57
106.591
106.618
106.64
106.662
106.683
106.705
106.727
106.749
106.772
106.795
106.816
106.837
106.859
106.88
106.903
106.925
106.947
106.969
106.989
107.011
107.034
107.057
107.077
107.099
107.124
107.147
107.169
107.192
107.213
107.235
107.256
107.281
107.304
107.326
107.351
107.372
107.393
107.412
107.436
107.455
107.477
107.499
107.523
107.545
107.565
107.587
107.611
107.636
107.657
107.679
107.702
107.724
107.747
107.77
107.791
107.812
107.837
107.857
107.879
107.902
107.922
107.943
107.963
107.984
108.005
108.026
108.048
108.069
108.092
108.115
108.132
108.153
108.177
108.197
108.22
108.242
108.264
108.287
108.309
108.329
108.349
108.37
108.394
108.415
108.435
108.457
108.481
108.503
108.526
108.548
108.569
108.59
108.612
108.633
108.656
108.679
108.7
108.721
108.743
108.768
108.793
108.813
108.835
108.857
108.879
108.903
108.927
108.95
108.972
108.995
109.018
109.04
109.062
109.085
109.107
109.127
109.15
109.17
109.192
109.213
109.236
109.258
109.279
109.303
109.324
109.344
109.365
109.388
109.41
109.431
109.452
109.473
109.492
109.512
109.534
109.555
109.577
109.599
109.621
109.645
109.665
109.686
109.708
109.732
109.754
109.776
109.799
109.82
109.841
109.864
109.886
109.907
109.929
109.949
109.97
109.994
110.016
110.038
110.06
110.078
110.102
110.123
110.145
110.167
110.189
110.212
110.235
110.257
110.276
110.298
110.32
110.342
110.364
110.386
110.407
110.428
110.449
110.469
110.491
110.511
110.533
110.554
110.578
110.599
110.621
110.643
110.667
110.689
110.71
110.732
110.751
110.775
110.796
110.816
110.839
110.863
110.883
110.905
110.926
110.945
110.967
110.988
111.009
111.03
111.051
111.071
111.093
111.114
111.137
111.157
111.179
111.2
111.222
111.242
111.265
111.287
111.309
111.329
111.351
111.371
111.392
111.414
111.436
111.456
111.478
111.499
111.519
111.542
111.563
111.585
111.606
111.626
111.649
111.671
111.691
111.713
111.734
111.757
111.779
111.8
111.821
111.843
111.865
111.886
111.907
111.93
111.951
111.974
111.993
112.015
112.037
112.058
112.079
112.102
112.123
112.145
112.169
112.193
112.214
112.236
112.258
112.278
112.3
112.32
112.343
112.364
112.386
112.407
112.429
112.449
112.471
112.495
112.518
112.54
112.562
112.587
112.606
112.628
112.651
112.671
112.692
112.713
112.734
112.754
112.777
112.799
112.819
112.84
112.861
112.883
112.903
112.925
112.948
112.968
112.991
113.014
113.037
113.059
113.079
113.1
113.121
113.142
113.164
113.186
113.208
113.232
113.255
113.278
113.3
113.324
113.346
113.371
113.394
113.416
113.44
113.464
113.483
113.505
113.528
113.552
113.574
113.595
113.617
113.639
113.663
113.686
113.708
113.73
113.75
113.774
113.794
113.816
113.836
113.859
113.88
113.903
113.924
113.946
113.968
113.99
114.012
114.035
114.056
114.077
114.098
114.12
114.144
114.166
114.188
114.209
114.23
114.254
114.275
114.297
114.321
114.346
114.369
114.391
114.412
114.435
114.457
114.482
114.505
114.526
114.548
114.573
114.595
114.616
114.641
114.663
114.686
114.707
114.73
114.751
114.774
114.797
114.819
114.841
114.863
114.885
114.909
114.932
114.955
114.978
115.001
115.024
115.044
115.065
115.088
115.11
115.133
115.154
115.176
115.198
115.219
115.24
115.267
115.288
115.31
115.334
115.356
115.381
115.405
115.429
115.452
115.474
115.498
115.521
115.543
115.564
115.585
115.609
115.631
115.654
115.677
115.7
115.721
115.742
115.764
115.785
115.809
115.833
115.854
115.877
115.9
115.922
115.943
115.965
115.991
116.014
116.036
116.059
116.083
116.106
116.132
116.155
116.177
116.2
116.222
116.246
116.272
116.299
116.322
116.343
116.366
116.391
116.412
116.435
116.456
116.479
116.5
116.525
116.547
116.571
116.593
116.62
116.643
116.668
116.69
116.711
116.737
116.761
116.783
116.806
116.829
116.853
116.875
116.9
116.923
116.948
116.971
116.999
117.021
117.044
117.068
117.09
117.112
117.134
117.159
117.182
117.204
117.227
117.25
117.274
117.295
117.317
117.342
117.366
117.391
117.414
117.438
117.461
117.483
117.505
117.529
117.554
117.579
117.605
117.628
117.651
117.674
117.697
117.724
117.749
117.773
117.796
117.82
117.845
117.866
117.888
117.91
117.932
117.956
117.977
118.002
118.025
118.048
118.072
118.095
118.119
118.14
118.166
118.188
118.212
118.238
118.262
118.284
118.308
118.333
118.357
118.382
118.407
118.427
118.451
118.475
118.5
118.524
118.547
118.573
118.596
118.62
118.644
118.667
118.689
118.712
118.734
118.758
118.781
118.805
118.829
118.857
118.881
118.902
118.928
118.951
118.976
119.002
119.026
119.05
119.076
119.102
119.125
119.147
119.169
119.191
119.215
119.239
119.264
119.287
119.31
119.335
119.359
119.383
119.406
119.43
119.452
119.477
119.499
119.524
119.55
119.575
119.599
119.622
119.647
119.672
119.696
119.719
119.742
119.765
119.791
119.817
119.843
119.865
119.892
119.915
119.941
119.964
119.99
120.011
120.036
120.061
120.085
120.109
120.134
120.161
120.184
120.208
120.232
120.257
120.285
120.31
120.335
120.359
120.382
120.409
120.434
120.46
120.488
120.513
120.536
120.56
120.587
120.613
120.638
120.663
120.69
120.719
120.74
120.766
120.789
120.817
120.84
120.865
120.89
120.916
120.941
120.966
120.992
121.019
121.044
121.069
121.092
121.119
121.143
121.167
121.194
121.218
121.244
121.269
121.293
121.319
121.345
121.371
121.399
121.424
121.452
121.477
121.501
121.529
121.554
121.579
121.607
121.631
121.656
121.683
121.707
121.735
121.76
121.79
121.813
121.84
121.868
121.894
121.921
121.947
121.971
121.996
122.024
122.049
122.074
122.099
122.127
122.154
122.182
122.209
122.238
122.266
122.294
122.323
122.348
122.376
122.4
122.427
122.456
122.484
122.511
122.538
122.564
122.59
122.618
122.647
122.673
122.7
122.728
122.759
122.786
122.812
122.837
122.86
122.886
122.914
122.94
122.968
122.993
123.019
123.046
123.076
123.102
123.13
123.154
123.181
123.207
123.233
123.262
123.291
123.319
123.346
123.376
123.401
123.432
123.456
123.482
123.517
123.543
123.573
123.601
123.63
123.66
123.686
123.716
123.741
123.768
123.798
123.827
123.853
123.882
123.907
123.936
123.961
123.984
124.009
124.034
124.061
124.088
124.114
124.144
124.173
124.199
124.227
124.25
124.277
124.302
124.327
124.356
124.383
124.413
124.439
124.465
124.494
124.52
124.546
124.573
124.598
124.627
124.656
124.681
124.709
124.738
124.766
124.793
124.82
124.848
124.876
124.904
124.93
124.958
124.984
125.011
125.04
125.069
125.096
125.122
125.149
125.175
125.206
125.231
125.257
125.283
125.31
125.336
125.365
125.391
125.416
125.442
125.471
125.498
125.525
125.552
125.579
125.604
125.633
125.661
125.686
125.713
125.74
125.765
125.795
125.82
125.847
125.872
125.896
125.924
125.95
125.975
126
126.021
126.048
126.076
126.1
126.125
126.153
126.179
126.205
126.233
126.255
126.28
126.305
126.329
126.353
126.379
126.404
126.429
126.453
126.478
126.503
126.527
126.551
126.576
126.604
126.631
126.655
126.68
126.704
126.729
126.753
126.778
126.803
126.825
126.847
126.868
126.893
126.917
126.942
126.966
126.988
127.013
127.035
127.061
127.086
127.11
127.136
127.16
127.184
127.21
127.235
127.257
127.28
127.304
127.328
127.352
127.376
127.402
127.426
127.449
127.473
127.499
127.522
127.548
127.572
127.596
127.62
127.648
127.67
127.691
127.713
127.738
127.76
127.786
127.81
127.833
127.858
127.883
127.906
127.929
127.952
127.972
127.997
128.021
128.044
128.068
128.089
128.112
128.138
128.16
128.183
128.204
128.228
128.252
128.275
128.296
128.319
128.34
128.362
128.385
128.408
128.429
128.452
128.474
128.497
128.519
128.541
128.565
128.588
128.61
128.63
128.653
128.675
128.696
128.719
128.739
128.761
128.783
128.804
128.822
128.846
128.866
128.888
128.911
128.933
128.955
128.973
128.995
129.016
129.038
129.059
129.081
129.103
129.123
129.144
129.164
129.185
129.208
129.229
129.252
129.273
129.292
129.314
129.334
129.355
129.375
129.398
129.419
129.44
129.46
129.478
129.498
129.521
129.54
129.563
129.583
129.603
129.626
129.646
129.668
129.69
129.714
129.736
129.756
129.777
129.798
129.818
129.839
129.858
129.88
129.9
129.92
129.941
129.963
129.984
130.003
130.021
130.041
130.062
130.082
130.101
130.125
130.146
130.164
130.184
130.203
130.222
130.242
130.262
130.283
130.302
130.322
130.342
130.364
130.384
130.404
130.426
130.445
130.466
130.486
130.505
130.522
130.543
130.562
130.581
130.599
130.618
130.638
130.657
130.677
130.696
130.715
130.734
130.755
130.772
130.793
130.813
130.831
130.849
130.868
130.887
130.907
130.927
130.946
130.965
130.981
131.003
131.022
131.04
131.06
131.079
131.101
131.12
131.138
131.157
131.176
131.195
131.214
131.235
131.254
131.273
131.292
131.312
131.33
131.35
131.368
131.386
131.405
131.423
131.442
131.46
131.481
131.499
131.518
131.536
131.552
131.568
131.586
131.604
131.623
131.645
131.664
131.683
131.703
131.722
131.74
131.758
131.775
131.792
131.808
131.824
131.843
131.86
131.88
131.897
131.916
131.933
131.952
131.97
131.988
132.006
132.023
132.041
132.06
132.079
132.096
132.114
132.131
132.148
132.164
132.183
132.201
132.218
132.236
132.253
132.27
132.288
132.308
132.325
132.344
132.358
132.377
132.395
132.412
132.431
132.449
132.467
132.483
132.499
132.517
132.534
132.551
132.567
132.584
132.601
132.619
132.636
132.654
132.67
132.687
132.704
132.723
132.742
132.758
132.776
132.795
132.812
132.83
132.848
132.865
132.883
132.902
132.92
132.936
132.952
132.971
132.989
133.008
133.024
133.041
133.059
133.077
133.094
133.112
133.129
133.145
133.164
133.179
133.195
133.213
133.23
133.246
133.263
133.278
133.295
133.313
133.329
133.347
133.364
133.382
133.398
133.412
133.428
133.444
133.462
133.479
133.497
133.514
133.53
133.547
133.564
133.581
133.597
133.613
133.629
133.647
133.663
133.68
133.697
133.714
133.729
133.747
133.764
133.782
133.802
133.818
133.835
133.852
133.868
133.883
133.899
133.918
133.934
133.951
133.967
133.981
133.998
134.015
134.031
134.047
134.065
134.082
134.1
134.115
134.132
134.149
134.165
134.182
134.2
134.215
134.232
134.249
134.266
134.282
134.299
134.315
134.333
134.35
134.366
134.381
134.397
134.412
134.429
134.443
134.461
134.477
134.491
134.506
134.523
134.539
134.556
134.571
134.586
134.603
134.62
134.635
134.651
134.669
134.684
134.7
134.716
134.732
134.749
134.764
134.779
134.793
134.81
134.825
134.842
134.857
134.871
134.887
134.902
134.918
134.933
134.947
134.963
134.98
134.995
135.011
135.027
135.042
135.058
135.074
135.09
135.107
135.122
135.136
135.151
135.167
135.183
135.197
135.212
135.23
135.245
135.261
135.276
135.294
135.31
135.325
135.341
135.355
135.371
135.387
135.402
135.418
135.434
135.449
135.465
135.482
135.498
135.514
135.529
135.545
135.56
135.574
135.592
135.606
135.62
135.634
135.65
135.665
135.68
135.693
135.709
135.724
135.739
135.754
135.77
135.785
135.799
135.815
135.83
135.845
135.859
135.874
135.889
135.903
135.916
135.93
135.944
135.958
135.974
135.989
136.005
136.021
136.035
136.052
136.067
136.081
136.096
136.112
136.128
136.143
136.157
136.171
136.186
136.202
136.217
136.23
136.245
136.26
136.274
136.289
136.303
136.318
136.331
136.346
136.36
136.377
136.392
136.406
136.42
136.434
136.45
136.465
136.478
136.493
136.509
136.522
136.537
136.551
136.565
136.578
136.592
136.606
136.62
136.634
136.647
136.661
136.676
136.692
136.705
136.719
136.733
136.747
136.763
136.777
136.792
136.805
136.82
136.836
136.853
136.868
136.881
136.896
136.912
136.925
136.939
136.954
136.968
136.982
136.996
137.011
137.024
137.039
137.055
137.068
137.083
137.098
137.112
137.126
137.139
137.154
137.169
137.182
137.197
137.212
137.225
137.239
137.252
137.263
137.278
137.293
137.307
137.319
137.334
137.349
137.364
137.379
137.393
137.407
137.422
137.435
137.449
137.462
137.476
137.49
137.504
137.517
137.532
137.546
137.561
137.574
137.59
137.604
137.617
137.631
137.645
137.659
137.674
137.689
137.702
137.718
137.731
137.745
137.759
137.774
137.789
137.803
137.817
137.83
137.843
137.856
137.871
137.886
137.9
137.915
137.931
137.947
137.961
137.975
137.988
138.001
138.014
138.029
138.043
138.059
138.073
138.088
138.102
138.118
138.131
138.147
138.16
138.173
138.186
138.201
138.215
138.228
138.242
138.255
138.27
138.284
138.299
138.313
138.326
138.34
138.353
138.367
138.38
138.393
138.407
138.421
138.435
138.448
138.463
138.476
138.49
138.504
138.52
138.533
138.546
138.56
138.576
138.59
138.603
138.618
138.631
138.646
138.66
138.674
138.688
138.702
138.715
138.729
138.742
138.756
138.768
138.781
138.797
138.81
138.823
138.836
138.851
138.864
138.877
138.892
138.906
138.92
138.934
138.948
138.962
138.975
138.99
139.004
139.018
139.033
139.047
139.061
139.074
139.089
139.104
139.119
139.133
139.147
139.161
139.175
139.189
139.203
139.217
139.231
139.244
139.257
139.271
139.283
139.297
139.313
139.326
139.34
139.354
139.369
139.383
139.397
139.411
139.427
139.441
139.454
139.467
139.481
139.495
139.51
139.523
139.537
139.552
139.564
139.577
139.59
139.602
139.616
139.629
139.643
139.656
139.67
139.685
139.699
139.713
139.728
139.742
139.757
139.77
139.782
139.797
139.811
139.824
139.839
139.852
139.865
139.878
139.891
139.906
139.918
139.933
139.945
139.96
139.973
139.986
139.999
140.012
140.026
140.039
140.052
140.065
140.08
140.095
140.108
140.122
140.136
140.15
140.163
140.176
140.19
140.204
140.217
140.231
140.245
140.258
140.269
140.284
140.298
140.311
140.325
140.339
140.352
140.365
140.377
140.391
140.404
140.418
140.432
140.445
140.459
140.472
140.486
140.499
140.513
140.527
140.54
140.554
140.567
140.582
140.594
140.606
140.62
140.634
140.647
140.66
140.675
140.689
140.703
140.718
140.732
140.747
140.76
140.773
140.787
140.799
140.814
140.827
140.841
140.855
140.867
140.88
140.893
140.907
140.921
140.933
140.946
140.959
140.973
140.986
141
141.013
141.027
141.038
141.052
141.065
141.078
141.091
141.104
141.117
141.131
141.145
141.158
141.17
141.183
141.196
141.21
141.225
141.239
141.254
141.268
141.282
141.293
141.306
141.318
141.332
141.345
141.358
141.371
141.384
141.399
141.413
141.426
141.44
141.453
141.466
141.479
141.492
141.506
141.52
141.532
141.545
141.558
141.572
141.586
141.6
141.613
141.626
141.639
141.653
141.666
141.68
141.693
141.707
141.719
141.731
141.743
141.757
141.769
141.782
141.796
141.81
141.822
141.835
141.85
141.862
141.873
141.887
141.899
141.913
141.926
141.941
141.955
141.969
141.981
141.994
142.007
142.02
142.032
142.046
142.061
142.076
142.09
142.104
142.116
142.129
142.143
142.156
142.169
142.183
142.197
142.209
142.223
142.238
142.249
142.264
142.277
142.29
142.304
142.318
142.331
142.344
142.356
142.368
142.383
142.397
142.409
142.422
142.436
142.449
142.463
142.475
142.487
142.5
142.513
142.528
142.541
142.554
142.567
142.582
142.595
142.608
142.621
142.635
142.647
142.659
142.671
142.685
142.698
142.71
142.722
142.734
142.747
142.758
142.772
142.784
142.797
142.811
142.825
142.839
142.852
142.866
142.879
142.892
142.906
142.92
142.935
142.95
142.965
142.978
142.991
143.002
143.015
143.029
143.04
143.053
143.066
143.079
143.091
143.106
143.118
143.131
143.146
143.161
143.176
143.19
143.204
143.217
143.23
143.242
143.254
143.268
143.281
143.295
143.308
143.322
143.334
143.348
143.362
143.373
143.386
143.4
143.413
143.426
143.438
143.451
143.464
143.477
143.49
143.504
143.517
143.529
143.541
143.555
143.567
143.581
143.596
143.609
143.621
143.633
143.647
143.66
143.673
143.685
143.698
143.71
143.724
143.738
143.75
143.762
143.775
143.788
143.8
143.812
143.825
143.838
143.849
143.862
143.875
143.888
143.9
143.913
143.926
143.939
143.951
143.963
143.975
143.988
144.002
144.016
144.029
144.041
144.053
144.067
144.079
144.093
144.107
144.12
144.134
144.148
144.16
144.171
144.184
144.196
144.209
144.222
144.233
144.246
144.26
144.272
144.285
144.298
144.311
144.322
144.336
144.348
144.361
144.374
144.386
144.398
144.412
144.425
144.44
144.452
144.466
144.479
144.493
144.506
144.519
144.532
144.545
144.557
144.57
144.582
144.594
144.607
144.621
144.634
144.646
144.658
144.67
144.682
144.696
144.709
144.723
144.736
144.749
144.761
144.774
144.786
144.798
144.812
144.825
144.837
144.851
144.864
144.878
144.892
144.903
144.915
144.929
144.942
144.956
144.968
144.982
144.995
145.006
145.02
145.034
145.046
145.059
145.071
145.085
145.096
145.107
145.119
145.132
145.145
145.157
145.17
145.183
145.197
145.211
145.223
145.236
145.248
145.261
145.275
145.288
145.302
145.313
145.327
145.339
145.351
145.363
145.375
145.387
145.401
145.413
145.427
145.44
145.453
145.466
145.479
145.492
145.505
145.518
145.532
145.543
145.556
145.57
145.583
145.596
145.609
145.621
145.634
145.647
145.66
145.674
145.687
145.7
145.714
145.725
145.738
145.751
145.763
145.776
145.789
145.802
145.815
145.828
145.84
145.853
145.867
145.88
145.891
145.905
145.917
145.93
145.943
145.956
145.968
145.981
145.993
146.004
146.017
146.029
146.041
146.052
146.065
146.079
146.091
146.104
146.116
146.13
146.142
146.155
146.167
146.179
146.191
146.203
146.215
146.229
146.241
146.254
146.267
146.28
146.294
146.305
146.317
146.331
146.344
146.357
146.369
146.381
146.395
146.408
146.421
146.433
146.444
146.457
146.47
146.481
146.494
146.507
146.519
146.532
146.545
146.558
146.571
146.584
146.595
146.608
146.621
146.635
146.647
146.66
146.672
146.685
146.696
146.71
146.722
146.734
146.747
146.759
146.77
146.783
146.795
146.809
146.822
146.833
146.847
146.858
146.87
146.883
146.895
146.908
146.92
146.932
146.944
146.956
146.969
146.982
146.994
147.005
147.018
147.03
147.043
147.055
147.067
147.08
147.092
147.103
147.116
147.129
147.141
147.152
147.165
147.176
147.189
147.202
147.215
147.227
147.238
147.252
147.264
147.275
147.287
147.299
147.31
147.323
147.335
147.347
147.36
147.371
147.383
147.395
147.407
147.419
147.432
147.445
147.458
147.471
147.483
147.494
147.506
147.519
147.532
147.543
147.555
147.567
147.578
147.59
147.603
147.615
147.626
147.638
147.65
147.662
147.673
147.686
147.698
147.711
147.722
147.734
147.746
147.759
147.773
147.785
147.798
147.81
147.822
147.833
147.844
147.858
147.871
147.883
147.896
147.909
147.921
147.935
147.948
147.959
147.973
147.984
147.997
148.009
148.022
148.034
148.046
148.058
148.072
148.083
148.095
148.106
148.118
148.129
148.142
148.156
148.168
148.181
148.192
148.205
148.217
148.23
148.243
148.254
148.267
148.28
148.294
148.305
148.316
148.329
148.341
148.353
148.365
148.377
148.389
148.402
148.414
148.427
148.439
148.453
148.466
148.478
148.489
148.5
148.512
148.523
148.534
148.546
148.557
148.568
148.58
148.593
148.607
148.619
148.631
148.644
148.655
148.667
148.678
148.691
148.702
148.714
148.725
148.737
148.75
148.762
148.775
148.787
148.799
148.811
148.823
148.836
148.847
148.858
148.87
148.883
148.894
148.906
148.918
148.93
148.942
148.956
148.967
148.98
148.991
149.003
149.013
149.025
149.037
149.049
149.061
149.072
149.083
149.095
149.109
149.12
149.133
149.145
149.156
149.169
149.181
149.193
149.205
149.216
149.229
149.242
149.253
149.265
149.276
149.287
149.299
149.311
149.322
149.334
149.346
149.357
149.37
149.382
149.395
149.408
149.422
149.434
149.447
149.459
149.471
149.482
149.494
149.507
149.518
149.53
149.541
149.553
149.564
149.574
149.586
149.597
149.61
149.623
149.636
149.647
149.658
149.67
149.682
149.694
149.705
149.717
149.729
149.74
149.751
149.763
149.774
149.786
149.798
149.811
149.821
149.833
149.845
149.857
149.871
149.883
149.893
149.903
149.916
149.928
149.94
149.952
149.964
149.975
149.987
150
150.011
150.023
150.034
150.047
150.058
150.071
150.08
150.093
150.103
150.115
150.126
150.138
150.15
150.163
150.174
150.187
150.198
150.211
150.223
150.233
150.245
150.258
150.269
150.282
150.293
150.306
150.318
150.329
150.341
150.352
150.365
150.377
150.389
150.4
150.412
150.424
150.436
150.447
150.458
150.469
150.481
150.492
150.503
150.515
150.527
150.538
150.55
150.56
150.574
150.585
150.596
150.609
150.621
150.634
150.646
150.657
150.667
150.679
150.69
150.701
150.714
150.725
150.735
150.747
150.76
150.773
150.786
150.798
150.809
150.821
150.833
150.842
150.854
150.866
150.879
150.89
150.901
150.912
150.923
150.935
150.945
150.957
150.967
150.978
150.99
151.002
151.013
151.024
151.035
151.047
151.059
151.07
151.082
151.093
151.106
151.117
151.128
151.139
151.15
151.161
151.174
151.185
151.197
151.209
151.221
151.233
151.245
151.256
151.267
151.279
151.29
151.302
151.314
151.325
151.336
151.348
151.36
151.373
151.385
151.398
151.409
151.421
151.433
151.444
151.455
151.466
151.476
151.487
151.499
151.511
151.522
151.534
151.545
151.557
151.569
151.581
151.592
151.604
151.616
151.627
151.638
151.648
151.659
151.672
151.683
151.695
151.707
151.719
151.73
151.742
151.753
151.764
151.775
151.786
151.796
151.807
151.819
151.829
151.842
151.853
