1
2
2.5
2.83333
3.58333
3.58333
3.75
3.89286
4.01786
4.35119
5.8498
7.39871
9.1631
12.1886
14.9081
16.7689
18.2025
19.3038
20.2866
21.1845
21.9981
22.8093
23.6763
24.3913
25.0276
25.6543
26.2517
26.7938
27.258
27.8503
28.3294
28.8327
29.3087
29.812
30.2779
30.7127
31.1383
31.5748
31.986
32.3656
32.7178
33.0818
33.4742
33.8467
34.2047
34.5623
34.8637
35.1787
35.5106
35.8414
36.1457
36.4837
36.7901
37.0806
37.3403
37.6456
37.9236
38.2069
38.4711
38.7176
38.9792
39.2214
39.4552
39.7096
39.9668
40.2178
40.4374
40.6709
40.9189
41.1379
41.3634
41.5611
41.7647
41.9963
42.1916
42.3801
42.5823
42.7666
42.9671
43.1641
43.3464
43.514
43.7028
43.8762
44.0281
44.1953
44.3739
44.5321
44.6892
44.8368
44.9985
45.1591
45.2909
45.4312
45.5792
45.7179
45.8681
46.028
46.1576
46.2857
46.4145
46.553
46.6864
46.8146
46.9521
47.0881
47.208
47.3319
47.4591
47.5911
47.7221
47.843
47.9711
48.093
48.2265
48.3519
48.4727
48.5975
48.7237
48.8428
48.9667
49.0855
49.2037
49.3146
49.434
49.5288
49.6396
49.7493
49.8586
49.9641
50.0696
50.1872
50.2904
50.3941
50.4995
50.5974
50.6952
50.7997
50.9195
51.0281
51.1327
51.2344
51.3476
51.4553
51.5672
51.6672
51.7674
51.8644
51.9741
52.0844
52.1967
52.2891
52.3913
52.487
52.5897
52.6912
52.7854
52.8873
52.9935
53.0925
53.1884
53.2973
53.41
53.5071
53.6103
53.7131
53.8059
53.9042
54.0028
54.0955
54.1819
54.2729
54.3654
54.4546
54.5484
54.6405
54.7337
54.8241
54.9178
55.0192
55.1083
55.1923
55.2884
55.3835
55.4739
55.5607
55.6584
55.7427
55.8332
55.926
56.0177
56.1074
56.2035
56.2922
56.3789
56.4653
56.5496
56.6408
56.716
56.8058
56.9032
56.9886
57.066
57.1597
57.2401
57.3245
57.4052
57.4757
57.5559
57.6434
57.7173
57.8009
57.8787
57.9575
58.0308
58.1179
58.1973
58.2816
58.3613
58.4453
58.5268
58.604
58.683
58.7613
58.8403
58.9235
59.0064
59.0902
59.1673
59.2423
59.3159
59.3965
59.4675
59.5473
59.6254
59.6984
59.7755
59.85
59.9265
60.0025
60.0795
60.1564
60.2293
60.3037
60.3818
60.4602
60.5383
60.6161
60.6932
60.7721
60.8501
60.9251
61.0012
61.0752
61.1453
61.228
61.3057
61.376
61.4534
61.5331
61.6111
61.6849
61.7582
61.8355
61.914
61.9967
62.0773
62.1457
62.2189
62.2964
62.3709
62.4553
62.5275
62.611
62.6954
62.7711
62.8381
62.9101
62.9919
63.0707
63.1556
63.2347
63.3118
63.3941
63.4678
63.5369
63.613
63.6909
63.7766
63.8586
63.9272
64.0008
64.0803
64.1517
64.2254
64.2971
64.3737
64.4495
64.5284
64.6007
64.6716
64.7427
64.8183
64.8984
64.9615
65.036
65.1092
65.182
65.2431
65.3119
65.3747
65.451
65.5233
65.5974
65.664
65.7316
65.7997
65.8644
65.9309
65.9983
66.0533
66.1154
66.1741
66.2444
66.3116
66.3751
66.4361
66.4948
66.5608
66.6254
66.6917
66.757
66.8153
66.8769
66.9323
66.9942
67.0553
67.1116
67.1649
67.2266
67.276
67.3396
67.3916
67.4521
67.5053
67.5651
67.6217
67.6724
67.728
67.7861
67.8445
67.9033
67.9624
68.0144
68.0655
68.118
68.1665
68.2192
68.2765
68.3296
68.3862
68.4401
68.4941
68.5409
68.5918
68.646
68.7
68.7552
68.8106
68.858
68.9049
68.9563
69.0104
69.0611
69.1086
69.1616
69.212
69.2605
69.313
69.3643
69.415
69.4627
69.5143
69.5675
69.6151
69.6621
69.7146
69.7651
69.816
69.862
69.9086
69.9543
70.0047
70.0523
70.1016
70.1459
70.1946
70.2439
70.2936
70.3411
70.3883
70.4323
70.4814
70.5234
70.5719
70.6173
70.6707
70.7211
70.7653
70.8128
70.8587
70.9035
70.9507
70.9966
71.0408
71.0883
71.1394
71.1868
71.2288
71.276
71.3187
71.3632
71.4092
71.4528
71.4986
71.5451
71.5896
71.6411
71.6793
71.7224
71.7626
71.8075
71.8455
71.8852
71.9285
71.9737
72.0159
72.0574
72.1024
72.1453
72.1866
72.23
72.2725
72.315
72.3603
72.4029
72.4458
72.4852
72.5267
72.5671
72.6126
72.6538
72.6962
72.7368
72.7741
72.8157
72.8556
72.8965
72.94
72.9836
73.0241
73.0581
73.0978
73.1337
73.1682
73.2092
73.2474
73.2894
73.3268
73.3688
73.4082
73.446
73.4825
73.5208
73.5586
73.5979
73.6403
73.6795
73.7232
73.7557
73.7941
73.8308
73.8658
73.9008
73.9388
73.9782
74.0103
74.0504
74.0898
74.1281
74.1637
74.2017
74.2376
74.2788
74.3134
74.3533
74.3896
74.4266
74.4648
74.5028
74.5377
74.5737
74.6119
74.6483
74.6865
74.7208
74.7594
74.7952
74.8265
74.8683
74.9017
74.9341
74.9717
75.0047
75.0383
75.073
75.1095
75.1428
75.1761
75.2101
75.2449
75.2814
75.3164
75.3514
75.3876
75.4229
75.458
75.4948
75.5284
75.5658
75.6013
75.6384
75.672
75.7045
75.7419
75.7808
75.8156
75.852
75.8878
75.9211
75.9543
75.988
76.0188
76.0585
76.0906
76.1275
76.1606
76.1936
76.2269
76.2595
76.2958
76.3315
76.3661
76.4028
76.4371
76.4729
76.5062
76.5404
76.5748
76.6112
76.6457
76.677
76.709
76.7431
76.7747
76.8078
76.8443
76.8793
76.913
76.9491
76.9853
77.021
77.0553
77.0907
77.1252
77.1559
77.1864
77.2199
77.2544
77.2869
77.3196
77.3511
77.3865
77.4204
77.4538
77.4904
77.525
77.5556
77.5853
77.6227
77.6538
77.6874
77.7205
77.7515
77.7842
77.8166
77.8475
77.8801
77.9131
77.9447
77.9779
78.0116
78.0483
78.0803
78.1138
78.1473
78.1793
78.2138
78.2482
78.2785
78.309
78.3462
78.3803
78.4108
78.4422
78.4775
78.5087
78.5373
78.5707
78.6055
78.6413
78.673
78.7037
78.7376
78.7673
78.7991
78.8339
78.8672
78.901
78.934
78.9662
79.0033
79.0355
79.0689
79.1055
79.1409
79.1718
79.2085
79.2426
79.2716
79.3058
79.3391
79.3683
79.4023
79.4365
79.4645
79.4981
79.5338
79.5667
79.6019
79.6371
79.6721
79.7065
79.7375
79.7707
79.8048
79.837
79.8707
79.9031
79.9373
79.9692
80.0044
80.0396
80.0714
80.1053
80.1386
80.17
80.203
80.2313
80.264
80.3038
80.3368
80.3694
80.4059
80.4426
80.4756
80.5078
80.544
80.5751
80.604
80.6368
80.6714
80.7057
80.7456
80.7827
80.8145
80.8492
80.8818
80.9154
80.9518
80.985
81.0197
81.056
81.087
81.1204
81.1558
81.1874
81.2203
81.253
81.2899
81.3229
81.3561
81.3939
81.4311
81.4622
81.4947
81.53
81.5645
81.5961
81.6312
81.6658
81.7004
81.7344
81.7694
81.8023
81.8367
81.8707
81.9033
81.9381
81.9742
82.0094
82.0407
82.076
82.1096
82.1442
82.1784
82.2135
82.2473
82.283
82.3161
82.3513
82.3856
82.4236
82.4564
82.4917
82.522
82.5578
82.5903
82.627
82.6593
82.6915
82.7249
82.7576
82.7888
82.8234
82.8599
82.8977
82.932
82.9691
83.0026
83.0406
83.0783
83.1138
83.1482
83.1827
83.2177
83.2498
83.2835
83.3158
83.3561
83.391
83.4252
83.464
83.5005
83.5367
83.5752
83.6077
83.6415
83.676
83.7098
83.7461
83.7807
83.8146
83.8485
83.8814
83.9123
83.9501
83.9874
84.0235
84.0548
84.0859
84.1159
84.1462
84.1803
84.2138
84.2471
84.2795
84.3133
84.3485
84.3839
84.4176
84.4536
84.4877
84.5245
84.5633
84.5976
84.6319
84.6622
84.6961
84.7281
84.7593
84.7944
84.8291
84.8652
84.8996
84.9341
84.9706
85.0018
85.0373
85.0699
85.1095
85.1452
85.1821
85.2185
85.2521
85.2845
85.3198
85.3519
85.3871
85.4214
85.4528
85.4867
85.5244
85.5598
85.595
85.6299
85.6633
85.6995
85.7343
85.7702
85.806
85.8406
85.8744
85.9098
85.9422
85.9786
86.0132
86.0532
86.0873
86.1263
86.1589
86.1958
86.2314
86.264
86.2997
86.3299
86.3674
86.4002
86.4364
86.471
86.5038
86.5395
86.5724
86.607
86.6411
86.6746
86.7108
86.7482
86.7842
86.8195
86.8536
86.8888
86.9277
86.9639
86.9988
87.0363
87.0699
87.1081
87.1429
87.1815
87.2188
87.2594
87.2929
87.3275
87.3645
87.4027
87.4379
87.4733
87.5092
87.5445
87.585
87.6224
87.6562
87.6925
87.7308
87.7639
87.8006
87.838
87.8727
87.9111
87.948
87.981
88.0186
88.0542
88.0912
88.1263
88.164
88.2012
88.241
88.2744
88.3123
88.3482
88.3828
88.4217
88.4594
88.4997
88.5366
88.5727
88.6126
88.6459
88.683
88.7222
88.7598
88.7962
88.8363
88.8773
88.9178
88.9539
88.9907
89.0303
89.0694
89.1085
89.1462
89.1806
89.2213
89.2614
89.296
89.3364
89.3726
89.406
89.4467
89.4809
89.5202
89.5607
89.6019
89.6413
89.6808
89.7199
89.7593
89.7963
89.8349
89.8766
89.9136
89.9518
89.9888
90.028
90.0722
90.1153
90.1546
90.1937
90.2328
90.2723
90.3125
90.3532
90.3954
90.4366
90.4744
90.5144
90.5516
90.5898
90.6298
90.6686
90.7107
90.7531
90.7927
90.8345
90.8757
90.9183
90.9564
90.9991
91.0411
91.0834
91.1209
91.1605
91.2042
91.247
91.2912
91.3348
91.3763
91.4131
91.454
91.4927
91.5349
91.5731
91.6177
91.6568
91.6965
91.735
91.7736
91.8105
91.8506
91.8978
91.9387
91.98
92.0242
92.0656
92.1049
92.1488
92.1924
92.238
92.2807
92.3227
92.3652
92.4012
92.4406
92.4876
92.5302
92.5736
92.6121
92.6511
92.6931
92.7277
92.7696
92.8084
92.8518
92.8913
92.9311
92.9724
93.0126
93.0537
93.0959
93.1395
93.1802
93.2214
93.2654
93.3115
93.3468
93.3888
93.4297
93.4674
93.5155
93.5575
93.6026
93.6428
93.685
93.7254
93.7645
93.8063
93.8498
93.8926
93.9355
93.9783
94.0184
94.0628
94.1026
94.1416
94.1827
94.2266
94.2657
94.3039
94.3462
94.3881
94.4281
94.4717
94.5073
94.5501
94.593
94.6326
94.67
94.7117
94.7491
94.7887
94.8285
94.8749
94.9141
94.9534
94.9957
95.0385
95.0803
95.1193
95.1606
95.1987
95.2382
95.2801
95.3162
95.3574
95.3961
95.4344
95.4731
95.5122
95.549
95.5897
95.6272
95.6645
95.7027
95.7431
95.78
95.8214
95.8628
95.9021
95.941
95.9806
96.0201
96.0619
96.0959
96.1311
96.1709
96.2092
96.2426
96.2842
96.3167
96.354
96.3944
96.4312
96.4716
96.5106
96.5479
96.584
96.6176
96.6551
96.6924
96.7325
96.7721
96.8095
96.8441
96.8839
96.9215
96.9591
96.9977
97.0354
97.0744
97.109
97.1438
97.1812
97.2162
97.2547
97.2926
97.3307
97.3714
97.409
97.4479
97.483
97.5197
97.5581
97.5966
97.6348
97.6699
97.7036
97.7408
97.7734
97.8086
97.843
97.8762
97.9112
97.9493
97.9854
98.0223
98.0573
98.0898
98.124
98.1622
98.199
98.2318
98.2676
98.3043
98.3385
98.3762
98.4163
98.4513
98.483
98.522
98.5568
98.5893
98.6222
98.6556
98.6898
98.7231
98.7572
98.7901
98.8253
98.8611
98.8973
98.9331
98.9668
98.999
99.0342
99.0699
99.1081
99.1423
99.1767
99.2104
99.2445
99.2768
99.3101
99.3429
99.3744
99.4071
99.4388
99.4755
99.5095
99.545
99.5772
99.6116
99.6458
99.6811
99.7144
99.7501
99.7819
99.8143
99.8462
99.8779
99.9123
99.9439
99.9797
100.013
100.042
100.078
100.112
100.148
100.179
100.213
100.242
100.274
100.306
100.337
100.371
100.4
100.432
100.462
100.492
100.524
100.555
100.586
100.618
100.652
100.682
100.711
100.744
100.775
100.81
100.842
100.873
100.904
100.936
100.965
100.996
101.025
101.052
101.081
101.111
101.142
101.171
101.202
101.233
101.262
101.292
101.326
101.354
101.384
101.416
101.448
101.477
101.506
101.537
101.569
101.596
101.628
101.656
101.687
101.719
101.742
101.77
101.798
101.828
101.856
101.88
101.909
101.941
101.969
102.001
102.033
102.062
102.091
102.121
102.151
102.18
102.207
102.238
102.267
102.295
102.323
102.355
102.385
102.416
102.447
102.478
102.508
102.536
102.568
102.596
102.623
102.654
102.683
102.716
102.745
102.773
102.802
102.831
102.859
102.887
102.913
102.941
102.97
103.001
103.029
103.057
103.087
103.117
103.145
103.17
103.201
103.23
103.261
103.287
103.315
103.342
103.371
103.397
103.424
103.45
103.476
103.504
103.53
103.556
103.585
103.612
103.64
103.669
103.695
103.721
103.749
103.782
103.811
103.838
103.865
103.892
103.918
103.948
103.975
104.003
104.027
104.055
104.08
104.105
104.129
104.154
104.182
104.21
104.24
104.266
104.292
104.319
104.345
104.374
104.402
104.426
104.454
104.48
104.507
104.534
104.559
104.582
104.609
104.637
104.663
104.687
104.715
104.741
104.768
104.794
104.823
104.848
104.876
104.902
104.928
104.954
104.984
105.011
105.038
105.062
105.088
105.118
105.147
105.17
105.196
105.22
105.247
105.272
105.3
105.325
105.35
105.376
105.4
105.424
105.452
105.476
105.5
105.523
105.551
105.579
105.604
105.628
105.656
105.682
105.707
105.733
105.756
105.778
105.803
105.827
105.851
105.879
105.906
105.934
105.959
105.983
106.009
106.034
106.059
106.088
106.113
106.138
106.163
106.185
106.21
106.233
106.257
106.285
106.311
106.336
106.362
106.388
106.413
106.439
106.464
106.488
106.513
106.539
106.567
106.591
106.618
106.644
106.668
106.694
106.716
106.738
106.764
106.791
106.818
106.841
106.865
106.889
106.917
106.941
106.968
106.993
107.014
107.036
107.059
107.084
107.108
107.134
107.159
107.185
107.209
107.235
107.26
107.286
107.311
107.337
107.362
107.388
107.411
107.434
107.457
107.481
107.508
107.533
107.557
107.58
107.605
107.631
107.656
107.682
107.709
107.733
107.757
107.78
107.808
107.831
107.858
107.882
107.904
107.93
107.953
107.979
108
108.024
108.053
108.075
108.097
108.123
108.149
108.172
108.198
108.221
108.246
108.271
108.295
108.32
108.345
108.367
108.392
108.416
108.442
108.468
108.491
108.514
108.537
108.564
108.585
108.607
108.631
108.652
108.676
108.699
108.725
108.749
108.772
108.795
108.82
108.843
108.863
108.885
108.909
108.933
108.957
108.979
109.003
109.027
109.05
109.073
109.098
109.121
109.142
109.167
109.189
109.212
109.237
109.261
109.283
109.304
109.327
109.354
109.377
109.4
109.424
109.448
109.473
109.495
109.519
109.543
109.566
109.589
109.611
109.635
109.66
109.68
109.704
109.726
109.749
109.775
109.796
109.819
109.844
109.867
109.889
109.913
109.934
109.956
109.978
110.001
110.025
110.045
110.066
110.087
110.11
110.131
110.156
110.18
110.204
110.226
110.248
110.27
110.292
110.315
110.338
110.361
110.383
110.406
110.427
110.45
110.475
110.498
110.52
110.542
110.562
110.584
110.607
110.628
110.651
110.672
110.694
110.716
110.736
110.756
110.779
110.801
110.825
110.843
110.866
110.889
110.91
110.93
110.952
110.975
110.998
111.019
111.041
111.064
111.084
111.104
111.126
111.148
111.17
111.191
111.212
111.233
111.254
111.277
111.296
111.318
111.34
111.364
111.385
111.406
111.426
111.446
111.466
111.487
111.508
111.528
111.548
111.569
111.59
111.611
111.629
111.651
111.673
111.697
111.719
111.74
111.762
111.783
111.803
111.824
111.846
111.866
111.887
111.907
111.927
111.948
111.97
111.988
112.007
112.027
112.049
112.069
112.09
112.109
112.128
112.151
112.171
112.191
112.212
112.231
112.251
112.27
112.292
112.313
112.333
112.351
112.372
112.39
112.411
112.433
112.455
112.474
112.493
112.511
112.531
112.549
112.569
112.589
112.609
112.629
112.649
112.669
112.69
112.711
112.73
112.749
112.767
112.787
112.807
112.829
112.849
112.869
112.888
112.906
112.927
112.948
112.967
112.984
113.002
113.021
113.039
113.058
113.076
113.093
113.115
113.135
113.155
113.174
113.193
113.213
113.23
113.249
113.268
113.286
113.306
113.327
113.347
113.368
113.386
113.403
113.425
113.445
113.463
113.481
113.5
113.519
113.538
113.557
113.576
113.597
113.617
113.637
113.657
113.677
113.695
113.712
113.73
113.749
113.767
113.785
113.805
113.824
113.842
113.859
113.878
113.897
113.916
113.935
113.955
113.975
113.994
114.011
114.028
114.048
114.065
114.084
114.102
114.12
114.138
114.156
114.176
114.194
114.212
114.23
114.248
114.266
114.285
114.304
114.321
114.34
114.36
114.377
114.394
114.413
114.431
114.45
114.47
114.489
114.505
114.524
114.542
114.561
114.58
114.598
114.618
114.638
114.656
114.674
114.691
114.708
114.729
114.746
114.766
114.785
114.805
114.822
114.841
114.855
114.871
114.89
114.911
114.928
114.946
114.964
114.983
115.002
115.02
115.037
115.053
115.071
115.089
115.108
115.124
115.143
115.16
115.178
115.195
115.213
115.229
115.247
115.266
115.283
115.302
115.322
115.339
115.357
115.373
115.393
115.411
115.43
115.448
115.466
115.485
115.502
115.522
115.541
115.559
115.578
115.597
115.616
115.635
115.652
115.671
115.691
115.709
115.728
115.744
115.763
115.783
115.8
115.816
115.833
115.849
115.867
115.886
115.905
115.921
115.938
115.957
115.975
115.995
116.014
116.031
116.051
116.067
116.084
116.101
116.119
116.139
116.156
116.173
116.192
116.209
116.228
116.247
116.266
116.285
116.304
116.322
116.341
116.359
116.378
116.395
116.412
116.43
116.447
116.465
116.484
116.502
116.522
116.538
116.555
116.573
116.589
116.606
116.624
116.642
116.66
116.679
116.697
116.716
116.734
116.752
116.77
116.788
116.806
116.824
116.844
116.864
116.881
116.898
116.916
116.934
116.953
116.972
116.99
117.009
117.025
117.041
117.058
117.075
117.092
117.11
117.129
117.146
117.165
117.184
117.201
117.22
117.241
117.26
117.277
117.294
117.312
117.329
117.348
117.368
117.385
117.403
117.421
117.438
117.456
117.474
117.492
117.51
117.53
117.548
117.565
117.582
117.602
117.62
117.64
117.658
117.677
117.695
117.713
117.731
117.751
117.77
117.789
117.809
117.825
117.843
117.861
117.879
117.899
117.918
117.936
117.953
117.973
117.989
118.007
118.026
118.045
118.063
118.083
118.101
118.119
118.137
118.154
118.173
118.191
118.21
118.229
118.248
118.267
118.285
118.301
118.321
118.339
118.358
118.372
118.39
118.408
118.429
118.446
118.464
118.483
118.503
118.52
118.539
118.558
118.577
118.596
118.616
118.635
118.655
118.673
118.691
118.709
118.727
118.746
118.766
118.784
118.802
118.821
118.84
118.86
118.88
118.899
118.916
118.935
118.953
118.972
118.991
119.01
119.028
119.045
119.066
119.083
119.102
119.121
119.138
119.158
119.179
119.197
119.216
119.235
119.255
119.273
119.291
119.31
119.33
119.347
119.365
119.386
119.403
119.421
119.438
119.456
119.475
119.494
119.511
119.529
119.548
119.569
119.588
119.606
119.625
119.643
119.661
119.678
119.697
119.715
119.734
119.753
119.771
119.789
119.809
119.828
119.849
119.866
119.886
119.907
119.925
119.943
119.963
119.983
120.002
120.02
120.039
120.059
120.079
120.096
120.114
120.132
120.151
120.17
120.187
120.206
120.227
120.245
120.262
120.279
120.299
120.318
120.338
120.357
120.375
120.394
120.413
120.433
120.451
120.472
120.492
120.509
120.527
120.545
120.563
120.581
120.597
120.616
120.636
120.656
120.675
120.693
120.713
120.734
120.752
120.771
120.788
120.805
120.823
120.842
120.861
120.88
120.9
120.917
120.938
120.956
120.973
120.992
121.012
121.032
121.05
121.069
121.088
121.107
121.126
121.145
121.164
121.182
121.202
121.22
121.238
121.257
121.277
121.293
121.314
121.334
121.352
121.369
121.388
121.409
121.428
121.446
121.464
121.486
121.506
121.527
121.546
121.567
121.587
121.606
121.626
121.646
121.667
121.684
121.703
121.723
121.742
121.76
121.779
121.801
121.821
121.839
121.86
121.88
121.898
121.915
121.935
121.954
121.972
121.995
122.016
122.034
122.054
122.077
122.097
122.117
122.136
122.156
122.178
122.2
122.221
122.239
122.257
122.278
122.297
122.314
122.333
122.352
122.371
122.392
122.413
122.432
122.451
122.47
122.491
122.51
122.529
122.549
122.567
122.585
122.602
122.624
122.642
122.662
122.682
122.701
122.719
122.737
122.76
122.78
122.8
122.818
122.837
122.855
122.876
122.896
122.915
122.935
122.956
122.975
122.993
123.014
123.032
123.052
123.071
123.09
123.11
123.13
123.15
123.17
123.19
123.21
123.229
123.248
123.269
123.29
123.308
123.328
123.346
123.365
123.385
123.406
123.426
123.445
123.466
123.484
123.504
123.524
123.543
123.563
123.584
123.604
123.622
123.641
123.66
123.68
123.702
123.722
123.741
123.759
123.782
123.801
123.819
123.84
123.86
123.881
123.902
123.921
123.941
123.965
123.984
124.003
124.023
124.043
124.065
124.086
124.106
124.124
124.143
124.163
124.183
124.202
124.222
124.241
124.261
124.282
124.305
124.324
124.343
124.365
124.384
124.405
124.426
124.444
124.464
124.482
124.502
124.521
124.543
124.562
124.585
124.605
124.623
124.642
124.664
124.684
124.704
124.723
124.744
124.765
124.786
124.807
124.83
124.851
124.871
124.893
124.913
124.936
124.955
124.976
124.995
125.017
125.038
125.056
125.077
125.096
125.115
125.136
125.156
125.175
125.195
125.215
125.236
125.255
125.274
125.293
125.313
125.331
125.35
125.372
125.395
125.416
125.435
125.457
125.478
125.497
125.519
125.539
125.557
125.578
125.596
125.616
125.635
125.654
125.675
125.694
125.715
125.736
125.756
125.777
125.795
125.818
125.839
125.859
125.88
125.902
125.92
125.94
125.961
125.981
126.002
126.023
126.043
126.063
126.082
126.103
126.124
126.145
126.166
126.186
126.206
126.224
126.243
126.264
126.284
126.307
126.324
126.343
126.361
126.383
126.403
126.424
126.446
126.469
126.488
126.507
126.527
126.55
126.573
126.594
126.614
126.635
126.657
126.678
126.7
126.724
126.743
126.763
126.782
126.801
126.824
126.842
126.863
126.881
126.902
126.922
126.942
126.963
126.984
127.004
127.024
127.046
127.067
127.086
127.107
127.128
127.148
127.169
127.19
127.212
127.231
127.251
127.268
127.286
127.307
127.328
127.35
127.371
127.388
127.408
127.428
127.448
127.47
127.491
127.51
127.53
127.551
127.573
127.594
127.614
127.635
127.654
127.677
127.695
127.715
127.734
127.756
127.778
127.797
127.818
127.84
127.861
127.881
127.901
127.921
127.94
127.962
127.984
128.006
128.026
128.05
128.069
128.088
128.108
128.129
128.149
128.168
128.189
128.209
128.229
128.249
128.273
128.293
128.313
128.334
128.356
128.378
128.4
128.42
128.44
128.462
128.482
128.499
128.52
128.542
128.561
128.583
128.603
128.625
128.647
128.667
128.689
128.709
128.73
128.75
128.774
128.796
128.816
128.838
128.86
128.882
128.903
128.925
128.946
128.965
128.987
129.01
129.03
129.052
129.075
129.097
129.121
129.141
129.161
129.182
129.203
129.223
129.246
129.267
129.288
129.312
129.332
129.353
129.373
129.395
129.417
129.438
129.459
129.479
129.502
129.524
129.548
129.568
129.589
129.608
129.63
129.65
129.671
129.693
129.714
129.735
129.758
129.778
129.801
129.823
129.843
129.864
129.886
129.906
129.928
129.949
129.971
129.992
130.012
130.035
130.057
130.08
130.102
130.126
130.149
130.172
130.193
130.215
130.237
130.259
130.28
130.303
130.325
130.346
130.368
130.391
130.413
130.434
130.456
130.478
130.501
130.522
130.545
130.566
130.589
130.61
130.631
130.654
130.675
130.697
130.718
130.737
130.76
130.783
130.806
130.826
130.849
130.869
130.89
130.912
130.936
130.957
130.98
131.008
131.028
131.052
131.074
131.096
131.12
131.142
131.163
131.187
131.211
131.232
131.253
131.275
131.299
131.32
131.343
131.369
131.391
131.412
131.435
131.455
131.477
131.498
131.52
131.54
131.564
131.587
131.61
131.631
131.655
131.679
131.7
131.722
131.745
131.769
131.791
131.811
131.834
131.854
131.876
131.898
131.921
131.946
131.969
131.991
132.013
132.033
132.057
132.078
132.101
132.124
132.145
132.168
132.189
132.209
132.232
132.253
132.274
132.296
132.315
132.339
132.361
132.382
132.406
132.429
132.452
132.473
132.494
132.516
132.54
132.563
132.587
132.61
132.63
132.654
132.678
132.702
132.726
132.75
132.774
132.797
132.818
132.841
132.866
132.888
132.911
132.935
132.958
132.98
133.003
133.027
133.05
133.074
133.098
133.121
133.145
133.165
133.187
133.211
133.234
133.256
133.28
133.299
133.323
133.345
133.368
133.392
133.416
133.439
133.462
133.485
133.509
133.533
133.558
133.583
133.606
133.63
133.653
133.676
133.699
133.725
133.749
133.774
133.798
133.82
133.842
133.867
133.889
133.913
133.936
133.959
133.983
134.008
134.034
134.059
134.084
134.107
134.128
134.153
134.176
134.201
134.225
134.247
134.271
134.295
134.321
134.343
134.367
134.392
134.415
134.438
134.463
134.486
134.509
134.533
134.558
134.582
134.606
134.631
134.655
134.679
134.701
134.723
134.746
134.769
134.794
134.818
134.842
134.866
134.887
134.911
134.935
134.957
134.98
135.003
135.028
135.053
135.073
135.097
135.123
135.146
135.169
135.198
135.22
135.244
135.266
135.291
135.315
135.339
135.365
135.389
135.416
135.439
135.463
135.486
135.513
135.537
135.562
135.584
135.609
135.636
135.659
135.68
135.703
135.728
135.752
135.777
135.799
135.823
135.845
135.869
135.894
135.918
135.943
135.967
135.992
136.017
136.043
136.065
136.09
136.112
136.136
136.159
136.185
136.209
136.23
136.255
136.278
136.302
136.329
136.352
136.377
136.403
136.426
136.451
136.474
136.496
136.52
136.543
136.572
136.597
136.62
136.643
136.666
136.691
136.714
136.736
136.759
136.783
136.809
136.832
136.858
136.882
136.907
136.929
136.956
136.981
137.005
137.027
137.049
137.071
137.093
137.118
137.141
137.162
137.186
137.213
137.237
137.261
137.286
137.31
137.332
137.355
137.38
137.407
137.43
137.453
137.478
137.502
137.527
137.553
137.578
137.601
137.627
137.651
137.674
137.7
137.723
137.744
137.765
137.789
137.813
137.839
137.862
137.883
137.907
137.935
137.96
137.98
138.006
138.029
138.052
138.075
138.099
138.125
138.15
138.171
138.195
138.218
138.24
138.261
138.283
138.305
138.329
138.353
138.377
138.4
138.419
138.443
138.469
138.491
138.516
138.541
138.564
138.591
138.617
138.639
138.662
138.684
138.709
138.733
138.754
138.779
138.803
138.826
138.848
138.87
138.895
138.917
138.94
138.965
138.991
139.016
139.043
139.067
139.09
139.111
139.134
139.157
139.179
139.204
139.23
139.25
139.273
139.298
139.321
139.346
139.367
139.391
139.412
139.435
139.459
139.486
139.507
139.531
139.553
139.575
139.6
139.623
139.645
139.667
139.69
139.712
139.735
139.759
139.78
139.802
139.824
139.845
139.865
139.887
139.909
139.929
139.95
139.972
139.994
140.018
140.041
140.062
140.084
140.106
140.127
140.149
140.17
140.192
140.214
140.235
140.257
140.28
140.3
140.322
140.346
140.368
140.39
140.413
140.435
140.455
140.479
140.503
140.525
140.546
140.564
140.585
140.604
140.625
140.649
140.671
140.695
140.72
140.741
140.765
140.789
140.814
140.834
140.856
140.877
140.897
140.917
140.939
140.961
140.983
141.003
141.026
141.047
141.069
141.088
141.108
141.128
141.15
141.17
141.191
141.213
141.232
141.253
141.275
141.294
141.313
141.334
141.354
141.375
141.395
141.417
141.437
141.457
141.476
141.497
141.518
141.54
141.56
141.58
141.599
141.619
141.639
141.66
141.68
141.699
141.718
141.739
141.76
141.779
141.8
141.82
141.84
141.858
141.88
141.897
141.917
141.937
141.958
141.978
141.999
142.021
142.04
142.06
142.079
142.099
142.119
142.139
142.159
142.178
142.2
142.221
142.239
142.259
142.279
142.298
142.318
142.338
142.355
142.373
142.391
142.414
142.432
142.451
142.469
142.485
142.503
142.523
142.544
142.562
142.58
142.601
142.619
142.638
142.658
142.68
142.7
142.72
142.739
142.759
142.778
142.797
142.816
142.834
142.852
142.873
142.892
142.911
142.93
142.95
142.968
142.987
143.005
143.025
143.044
143.063
143.081
143.101
143.12
143.14
143.157
143.176
143.193
143.211
143.229
143.248
143.265
143.284
143.304
143.324
143.343
143.362
143.381
143.402
143.421
143.439
143.457
143.476
143.493
143.513
143.533
143.55
143.569
143.586
143.603
143.623
143.643
143.661
143.676
143.694
143.712
143.731
143.749
143.765
143.785
143.804
143.823
143.839
143.857
143.875
143.892
143.909
143.925
143.941
143.96
143.977
143.995
144.013
144.031
144.048
144.064
144.084
144.102
144.12
144.138
144.155
144.173
144.188
144.205
144.221
144.236
144.254
144.273
144.291
144.309
144.325
144.34
144.357
144.374
144.394
144.41
144.425
144.442
144.461
144.479
144.496
144.513
144.531
144.548
144.565
144.583
144.601
144.618
144.634
144.651
144.668
144.686
144.702
144.72
144.739
144.753
144.77
144.787
144.802
144.82
144.838
144.853
144.869
144.885
144.902
144.918
144.934
144.952
144.967
144.983
144.998
145.016
145.032
145.049
145.066
145.083
145.099
145.116
145.134
145.15
145.166
145.184
145.202
145.219
145.237
145.252
145.27
145.285
145.302
145.317
145.335
145.35
145.366
145.382
145.4
145.416
145.43
145.445
145.462
145.478
145.494
145.51
145.526
145.542
145.558
145.576
145.59
145.608
145.626
145.642
145.659
145.676
145.691
145.708
145.725
145.742
145.756
145.773
145.789
145.805
145.821
145.838
145.853
145.868
145.883
145.9
145.915
145.929
145.944
145.96
145.975
145.991
146.009
146.027
146.043
146.06
146.075
146.091
146.107
146.122
146.138
146.154
146.169
146.185
146.2
146.215
146.229
146.245
146.26
146.275
146.288
146.305
146.319
146.334
146.35
146.364
146.378
146.393
146.408
146.423
146.438
146.452
146.468
146.483
146.499
146.514
146.529
146.545
146.56
146.574
146.589
146.604
146.619
146.633
146.649
146.665
146.679
146.693
146.707
146.721
146.735
146.75
146.765
146.78
146.794
146.807
146.821
146.835
146.851
146.865
146.88
146.895
146.91
146.925
146.939
146.954
146.969
146.985
147
147.015
147.031
147.046
147.061
147.077
147.092
147.105
147.119
147.133
147.148
147.164
147.177
147.191
147.205
147.217
147.233
147.247
147.263
147.278
147.293
147.308
147.321
147.334
147.348
147.362
147.375
147.389
147.404
147.418
147.431
147.447
147.462
147.476
147.489
147.503
147.516
147.531
147.545
147.559
147.577
147.59
147.603
147.618
147.633
147.646
147.659
147.673
147.686
147.701
147.715
147.73
147.743
147.757
147.77
147.785
147.798
147.811
147.823
147.839
147.852
147.866
147.879
147.894
147.909
147.923
147.939
147.953
147.968
147.982
147.997
148.011
148.024
148.038
148.053
148.065
148.079
148.093
148.107
148.119
148.135
148.147
148.162
148.178
148.193
148.207
148.221
148.234
148.247
148.261
148.274
148.288
148.302
148.316
148.329
148.345
148.359
148.372
148.386
148.4
148.413
148.425
148.437
148.451
148.465
148.478
148.492
148.506
148.52
148.532
148.545
148.559
148.573
148.586
148.601
148.613
148.626
148.639
148.652
148.666
148.68
148.693
148.707
148.72
148.736
148.75
148.762
148.776
148.789
148.803
148.818
148.833
148.847
148.86
148.872
148.885
148.898
148.91
148.923
148.935
148.949
148.962
148.975
148.987
149.001
149.014
149.028
149.041
149.055
149.068
149.082
149.093
149.107
149.12
149.133
149.147
149.162
149.174
149.187
149.2
149.214
149.228
149.241
149.256
149.269
149.282
149.296
149.31
149.323
149.336
149.35
149.364
149.377
149.389
149.405
149.418
149.432
149.443
149.456
149.469
149.483
149.497
149.511
149.526
149.538
149.552
149.565
149.577
149.591
149.603
149.615
149.628
149.639
149.652
149.667
149.68
149.692
149.706
149.72
149.732
149.746
149.759
149.774
149.788
149.8
149.813
149.825
149.841
149.855
149.868
149.882
149.895
149.908
149.921
149.934
149.945
149.957
149.97
149.982
149.995
150.007
150.021
150.034
150.047
150.06
150.071
150.085
150.098
150.11
150.123
150.136
150.15
150.163
150.176
150.19
150.203
150.215
150.227
150.239
150.252
150.265
150.278
150.291
150.304
150.315
150.329
150.341
150.354
150.364
150.376
150.389
150.401
150.415
150.428
150.441
150.453
150.466
150.479
150.491
150.504
150.518
150.531
150.544
150.558
150.571
150.583
150.597
150.61
150.623
150.636
150.649
150.663
150.675
150.686
150.698
150.71
150.722
150.734
150.745
150.759
150.771
150.783
150.795
150.807
150.818
150.832
150.844
150.856
150.868
150.88
150.894
150.906
150.919
150.932
150.945
150.958
150.969
150.982
150.994
151.008
151.021
151.034
151.045
151.058
151.07
151.083
151.096
151.109
151.122
151.135
151.147
151.159
151.172
151.184
151.195
151.207
151.219
151.231
151.242
151.255
151.266
151.278
151.29
151.302
151.314
151.327
151.34
151.353
151.363
151.376
151.388
151.401
151.413
151.426
151.437
151.45
151.462
151.475
151.486
151.498
151.51
151.522
151.533
151.545
151.556
151.568
151.58
151.593
151.604
151.616
151.629
151.642
151.654
151.665
151.677
151.689
151.701
151.713
151.724
151.737
151.75
151.761
151.771
151.783
151.796
151.806
151.819
151.831
151.843
151.856
151.868
151.882
151.892
151.903
151.916
151.928
151.94
151.951
151.965
151.977
151.989
152.001
152.013
152.024
152.035
152.048
152.059
152.071
152.083
152.096
152.11
152.121
152.133
152.145
152.157
152.167
152.18
152.193
152.204
152.217
152.229
152.241
152.253
152.265
152.278
152.289
152.301
152.314
152.327
152.338
152.351
152.363
152.375
152.386
152.398
152.409
152.421
152.434
152.446
152.457
152.468
152.48
152.492
152.504
152.516
152.528
152.54
152.553
152.564
152.575
152.587
152.598
152.609
152.62
152.631
152.642
152.654
152.665
152.677
152.689
152.7
152.712
152.724
152.737
152.748
152.759
152.771
152.783
152.794
152.806
152.817
152.83
152.842
152.854
152.865
152.877
152.889
152.901
152.913
152.923
152.934
152.945
152.956
152.969
152.98
152.992
153.003
153.016
153.027
153.038
153.049
153.06
153.072
153.084
153.096
153.107
153.118
153.13
153.141
153.152
153.164
153.176
153.186
153.198
153.209
153.221
153.233
153.244
153.256
153.268
153.279
153.291
153.303
153.314
153.328
153.339
153.35
153.362
153.373
153.386
153.397
153.409
153.421
153.432
153.445
153.456
153.467
153.478
153.49
153.502
153.512
153.523
153.534
153.545
153.555
153.566
153.578
153.59
153.6
153.612
153.624
153.636
153.646
153.658
153.67
153.681
153.692
153.706
153.716
153.727
153.738
153.749
153.762
153.772
153.785
153.795
153.806
153.817
153.827
153.84
153.853
153.864
153.874
153.886
153.896
153.907
153.918
153.929
153.941
153.953
153.964
153.976
153.987
153.998
154.008
154.02
154.031
154.042
154.054
154.065
154.077
154.087
154.099
154.11
154.12
154.131
154.143
154.154
154.166
154.176
154.187
154.198
154.208
154.22
154.231
154.244
154.254
154.264
154.274
154.284
154.296
154.307
154.318
154.329
154.34
154.351
154.362
154.372
154.382
154.392
154.403
154.413
