1
2
2.5
3.16667
3.16667
3.56667
3.73333
4.1619
4.4119
4.74524
5.81361
7.16931
8.4596
11.1725
14.0744
16.3047
17.9878
19.2562
20.43
21.3525
22.0417
22.7854
23.4189
23.9789
24.4794
24.9585
25.4809
25.9191
26.3142
26.8019
27.2088
27.5691
28.0032
28.3576
28.6938
29.0253
29.3476
29.6739
30.0159
30.3287
30.6205
30.9392
31.2464
31.5964
31.9045
32.1819
32.4698
32.7751
33.0476
33.3202
33.5868
33.8493
34.0969
34.368
34.6254
34.8461
35.0682
35.2665
35.5191
35.7428
35.9379
36.1355
36.3589
36.5791
36.7737
36.9623
37.1694
37.367
37.58
37.7932
38.0015
38.2013
38.4289
38.6394
38.8563
39.0648
39.2774
39.5011
39.7151
39.9263
40.1175
40.3268
40.5265
40.7095
40.8833
41.0556
41.2446
41.4507
41.6407
41.8229
42.0054
42.1947
42.3661
42.5431
42.7195
42.898
43.072
43.2537
43.4396
43.633
43.8
43.9791
44.1469
44.3222
44.5123
44.6848
44.869
45.0421
45.2117
45.389
45.5637
45.7404
45.909
46.0784
46.2486
46.4107
46.5707
46.7355
46.9159
47.0795
47.2567
47.3999
47.5692
47.7305
47.8835
48.0419
48.1946
48.3342
48.471
48.6191
48.7535
48.8772
49.0131
49.1459
49.2727
49.3941
49.5284
49.6465
49.7864
49.9222
50.0433
50.1554
50.2817
50.3972
50.5157
50.6288
50.7436
50.8578
50.9763
51.0999
51.2092
51.3102
51.4278
51.5388
51.6416
51.7372
51.8524
51.9551
52.0663
52.1707
52.2677
52.3762
52.4763
52.5804
52.6756
52.7729
52.8802
52.9779
53.0759
53.1698
53.2682
53.3541
53.4555
53.5527
53.6399
53.7287
53.8181
53.9076
53.988
54.0852
54.1605
54.2479
54.335
54.4287
54.5118
54.5983
54.6841
54.7612
54.84
54.9287
55.0089
55.0859
55.1654
55.2461
55.3256
55.4073
55.4737
55.5527
55.6263
55.6991
55.7732
55.8425
55.915
55.9892
56.0675
56.1406
56.2144
56.2882
56.3664
56.4402
56.5061
56.5773
56.6431
56.7154
56.7954
56.8634
56.9332
57.0005
57.0685
57.1444
57.2227
57.2974
57.3695
57.4461
57.5169
57.5936
57.6704
57.7459
57.8204
57.894
57.9641
58.0303
58.0992
58.1692
58.2429
58.315
58.3853
58.4615
58.5385
58.6065
58.6824
58.7557
58.8286
58.9064
58.9793
59.0481
59.1195
59.1902
59.2688
59.3405
59.4084
59.4842
59.5539
59.6346
59.707
59.7792
59.8544
59.9263
60.0043
60.0773
60.1449
60.2247
60.2978
60.3744
60.4458
60.5166
60.5909
60.6647
60.7361
60.8128
60.8862
60.9605
61.028
61.0977
61.1687
61.2397
61.3142
61.3847
61.4561
61.5284
61.5993
61.6647
61.7361
61.8108
61.8812
61.9601
62.0375
62.103
62.1722
62.2443
62.3135
62.3831
62.4509
62.5178
62.5847
62.6505
62.7234
62.7894
62.8616
62.9261
62.9892
63.0562
63.1267
63.1908
63.2574
63.3228
63.3863
63.4477
63.5167
63.5771
63.6429
63.7051
63.7689
63.8315
63.8923
63.9532
64.0167
64.0862
64.15
64.2138
64.2777
64.3469
64.4143
64.4786
64.5383
64.5907
64.6513
64.7134
64.7763
64.8316
64.89
64.9472
65.0174
65.068
65.1279
65.1875
65.2495
65.3104
65.3673
65.426
65.4823
65.541
65.5985
65.6523
65.7091
65.7639
65.8255
65.882
65.9372
65.9948
66.0503
66.105
66.1602
66.218
66.2721
66.3307
66.385
66.4364
66.4894
66.5426
66.6004
66.6553
66.7137
66.7678
66.8243
66.877
66.9294
66.9857
67.0408
67.0907
67.1412
67.1988
67.2494
67.2964
67.3507
67.4014
67.4559
67.5063
67.5586
67.6072
67.6641
67.7193
67.7772
67.8283
67.88
67.9306
67.9867
68.0358
68.095
68.145
68.1968
68.2503
68.3027
68.3473
68.3993
68.4546
68.5001
68.5595
68.6076
68.655
68.7008
68.7497
68.8001
68.8514
68.9015
68.9584
69.0165
69.0693
69.1245
69.1715
69.2248
69.2808
69.3299
69.3794
69.4329
69.4799
69.5252
69.5771
69.6271
69.6868
69.7411
69.7891
69.8429
69.8923
69.9401
69.988
70.0351
70.089
70.1385
70.1879
70.2354
70.2862
70.3373
70.3837
70.4315
70.4839
70.5376
70.581
70.6356
70.6857
70.7318
70.7829
70.8319
70.8807
70.927
70.9739
71.0255
71.0701
71.1213
71.1673
71.2185
71.2659
71.3138
71.3609
71.4034
71.452
71.5014
71.5553
71.6021
71.6471
71.6934
71.7449
71.7953
71.8404
71.8899
71.9341
71.9766
72.0213
72.0735
72.1255
72.1708
72.2197
72.2677
72.3156
72.3586
72.4042
72.4499
72.4979
72.5419
72.5893
72.6363
72.6846
72.73
72.7735
72.823
72.8694
72.9168
72.9658
73.0056
73.0562
73.1048
73.1526
73.2031
73.2492
73.3006
73.3495
73.4003
73.4412
73.485
73.5344
73.5814
73.6306
73.6763
73.7243
73.7706
73.8204
73.8676
73.9209
73.9681
74.0155
74.0659
74.1113
74.1651
74.2136
74.259
74.3058
74.3547
74.4021
74.4485
74.4978
74.5453
74.5974
74.6448
74.6934
74.7444
74.7936
74.841
74.8885
74.9384
74.9843
75.0363
75.0858
75.1308
75.181
75.2266
75.2755
75.3269
75.3754
75.4278
75.4785
75.5262
75.5731
75.6167
75.6657
75.7119
75.7616
75.8094
75.8591
75.9146
75.9559
76.0004
76.05
76.0924
76.1401
76.1823
76.2286
76.2773
76.3257
76.374
76.4168
76.4651
76.5058
76.5525
76.5995
76.6463
76.6957
76.7453
76.7913
76.8416
76.8933
76.9382
76.9827
77.0302
77.0731
77.121
77.1719
77.2184
77.263
77.3116
77.3538
77.4006
77.4503
77.4968
77.5475
77.5945
77.6442
77.6919
77.7417
77.7863
77.8271
77.8729
77.9207
77.9715
78.0198
78.064
78.1125
78.1598
78.2073
78.2489
78.2964
78.3453
78.3965
78.4491
78.4924
78.5405
78.59
78.6343
78.6817
78.7271
78.7728
78.8176
78.8645
78.9082
78.9549
78.997
79.0403
79.0879
79.138
79.1862
79.2321
79.2807
79.3255
79.3705
79.4199
79.4633
79.5106
79.5593
79.6087
79.6588
79.7065
79.7555
79.8026
79.8483
79.8923
79.9391
79.9857
80.0307
80.0783
80.1279
80.1792
80.2227
80.2692
80.3171
80.3665
80.4122
80.4566
80.5047
80.5493
80.5979
80.6411
80.6875
80.7356
80.7809
80.8223
80.8679
80.9126
80.9591
80.9983
81.0413
81.0857
81.1291
81.1732
81.2163
81.2569
81.3018
81.3485
81.3916
81.4308
81.4751
81.5179
81.5592
81.6037
81.6492
81.6906
81.7372
81.7852
81.8248
81.87
81.9171
81.9614
82.0007
82.0433
82.0866
82.1299
82.1687
82.2138
82.2603
82.3036
82.3491
82.3928
82.4364
82.4843
82.5248
82.5637
82.6079
82.6555
82.7003
82.7446
82.7892
82.8279
82.8757
82.9222
82.9687
83.0093
83.0518
83.0965
83.1345
83.1748
83.2192
83.2609
83.3024
83.3485
83.391
83.4342
83.474
83.5187
83.5607
83.6074
83.6482
83.6962
83.7393
83.7859
83.8314
83.8696
83.9116
83.9566
84.0015
84.0435
84.0854
84.1289
84.1713
84.2096
84.2506
84.2952
84.3376
84.382
84.4229
84.4686
84.5104
84.5533
84.5949
84.6389
84.6842
84.7296
84.7726
84.8155
84.8587
84.9009
84.9425
84.9826
85.0227
85.0643
85.1086
85.151
85.195
85.237
85.281
85.3303
85.3754
85.4198
85.4614
85.5015
85.5443
85.5808
85.6229
85.6628
85.7043
85.744
85.7832
85.8275
85.8709
85.9096
85.9531
85.9993
86.0404
86.0827
86.1247
86.1673
86.207
86.2471
86.2903
86.3346
86.3768
86.413
86.4579
86.4987
86.5365
86.5782
86.6181
86.6612
86.7063
86.751
86.7956
86.8398
86.8782
86.916
86.9554
86.9965
87.0352
87.0774
87.1155
87.1529
87.1975
87.2388
87.2812
87.3169
87.3602
87.4003
87.4386
87.4767
87.515
87.5598
87.5959
87.6342
87.671
87.7092
87.7501
87.7887
87.8292
87.865
87.9053
87.9446
87.9858
88.0262
88.0654
88.1043
88.1436
88.1829
88.2195
88.264
88.3029
88.3423
88.3809
88.4194
88.4595
88.4981
88.5363
88.5795
88.6152
88.6559
88.697
88.7343
88.7711
88.8073
88.846
88.8808
88.9264
88.9636
88.9989
89.0412
89.0796
89.1163
89.1487
89.1816
89.2181
89.2565
89.2889
89.327
89.3623
89.3975
89.4386
89.4766
89.5134
89.5499
89.585
89.6253
89.6626
89.7006
89.7357
89.7752
89.8128
89.853
89.8914
89.9264
89.9642
90.0007
90.0372
90.0763
90.11
90.1464
90.1799
90.2147
90.2472
90.2828
90.3192
90.3539
90.3881
90.4247
90.4634
90.5006
90.5359
90.5746
90.611
90.649
90.6877
90.7218
90.7547
90.7921
90.8267
90.8601
90.889
90.9263
90.9597
90.9937
91.0333
91.0709
91.1087
91.141
91.1759
91.2115
91.2455
91.2764
91.3115
91.3449
91.382
91.4174
91.4522
91.4864
91.5267
91.5613
91.5931
91.6279
91.6599
91.6977
91.728
91.7638
91.7979
91.8312
91.8638
91.8965
91.9331
91.9649
91.9975
92.0311
92.0676
92.102
92.1334
92.1666
92.2041
92.2393
92.2785
92.3122
92.3485
92.3834
92.4155
92.4509
92.4817
92.5148
92.5475
92.5821
92.6143
92.6452
92.6799
92.7161
92.7523
92.7852
92.8176
92.8515
92.8836
92.9189
92.9554
92.9863
93.019
93.05
93.0846
93.1165
93.1474
93.1833
93.2167
93.2522
93.2835
93.3186
93.3511
93.3825
93.4181
93.4496
93.4827
93.5141
93.5456
93.5749
93.6061
93.6399
93.6784
93.711
93.7403
93.7708
93.8017
93.8364
93.8695
93.9018
93.9348
93.9659
93.9968
94.0299
94.0596
94.0938
94.1252
94.1573
94.1897
94.2231
94.2545
94.2885
94.3226
94.353
94.3822
94.4114
94.4427
94.4723
94.5056
94.5391
94.5678
94.5992
94.6299
94.66
94.693
94.7229
94.7506
94.7847
94.8155
94.8448
94.8751
94.9053
94.9356
94.9666
94.9949
95.0229
95.0514
95.0827
95.1164
95.1453
95.1758
95.2074
95.2383
95.2675
95.2958
95.3279
95.3559
95.3821
95.4125
95.4428
95.4711
95.5015
95.5325
95.5611
95.59
95.6211
95.6512
95.6828
95.7126
95.7415
95.7691
95.7994
95.8279
95.8583
95.8872
95.9167
95.9473
95.9777
96.0085
96.0375
96.065
96.0963
96.1237
96.1531
96.1813
96.2119
96.2433
96.2729
96.3044
96.3355
96.3661
96.3931
96.4193
96.4488
96.4799
96.5103
96.5417
96.5692
96.601
96.631
96.6576
96.6854
96.7143
96.7402
96.7666
96.7947
96.8226
96.851
96.8769
96.9035
96.9309
96.958
96.9874
97.0153
97.0412
97.0701
97.1
97.1256
97.1576
97.1837
97.2141
97.2463
97.2729
97.3008
97.3249
97.352
97.3788
97.4063
97.4356
97.4622
97.49
97.519
97.5466
97.5731
97.605
97.6304
97.6603
97.6889
97.7172
97.7452
97.7762
97.8046
97.8334
97.8623
97.8898
97.9154
97.9438
97.9725
98.0018
98.0306
98.0565
98.0885
98.1153
98.1438
98.1704
98.2008
98.2287
98.256
98.2841
98.3155
98.341
98.3696
98.3956
98.4203
98.4461
98.4735
98.5015
98.5295
98.5563
98.5831
98.6079
98.6344
98.6638
98.6924
98.7214
98.7503
98.7779
98.8053
98.832
98.8616
98.8909
98.918
98.9451
98.9695
98.9945
99.0201
99.0496
99.0788
99.1047
99.1312
99.1565
99.1834
99.209
99.2391
99.2667
99.2924
99.3188
99.3435
99.3708
99.3951
99.4241
99.4497
99.4769
99.5023
99.5292
99.5546
99.5792
99.6087
99.6379
99.6655
99.6894
99.7152
99.7445
99.7717
99.799
99.8253
99.8549
99.879
99.9064
99.9349
99.9621
99.9869
100.013
100.039
100.066
100.093
100.121
100.148
100.177
100.203
100.233
100.263
100.291
100.317
100.342
100.37
100.395
100.42
100.447
100.471
100.496
100.521
100.547
100.577
100.604
100.629
100.658
100.682
100.707
100.735
100.76
100.787
100.812
100.837
100.861
100.888
100.912
100.939
100.963
100.988
101.01
101.035
101.059
101.085
101.111
101.137
101.163
101.19
101.219
101.244
101.27
101.292
101.316
101.34
101.363
101.389
101.415
101.438
101.464
101.488
101.513
101.535
101.558
101.583
101.609
101.634
101.658
101.682
101.704
101.729
101.755
101.781
101.806
101.832
101.857
101.881
101.905
101.929
101.954
101.981
102.004
102.027
102.051
102.075
102.101
102.124
102.15
102.173
102.196
102.219
102.245
102.273
102.295
102.316
102.341
102.363
102.388
102.412
102.438
102.46
102.486
102.513
102.534
102.559
102.583
102.605
102.631
102.655
102.679
102.705
102.73
102.754
102.78
102.803
102.826
102.849
102.875
102.896
102.919
102.939
102.962
102.987
103.011
103.036
103.057
103.08
103.103
103.127
103.151
103.175
103.197
103.222
103.247
103.269
103.295
103.319
103.342
103.366
103.388
103.41
103.434
103.457
103.479
103.502
103.527
103.552
103.574
103.595
103.615
103.639
103.664
103.683
103.707
103.729
103.752
103.77
103.794
103.817
103.843
103.867
103.89
103.913
103.937
103.961
103.984
104.007
104.028
104.053
104.075
104.1
104.123
104.145
104.168
104.189
104.212
104.236
104.259
104.281
104.304
104.326
104.352
104.375
104.397
104.418
104.441
104.465
104.488
104.511
104.533
104.556
104.582
104.605
104.628
104.648
104.67
104.691
104.713
104.735
104.758
104.776
104.799
104.822
104.843
104.864
104.884
104.906
104.929
104.953
104.973
104.994
105.013
105.035
105.057
105.08
105.1
105.124
105.145
105.167
105.187
105.209
105.232
105.252
105.275
105.295
105.316
105.337
105.358
105.38
105.403
105.423
105.445
105.468
105.488
105.509
105.53
105.549
105.57
105.589
105.61
105.633
105.654
105.674
105.695
105.716
105.737
105.757
105.78
105.8
105.822
105.841
105.863
105.884
105.906
105.929
105.95
105.971
105.992
106.013
106.034
106.055
106.077
106.099
106.119
106.139
106.159
106.18
106.199
106.221
106.242
106.263
106.284
106.305
106.327
106.35
106.373
106.394
106.415
106.434
106.456
106.476
106.497
106.518
106.537
106.554
106.573
106.592
106.611
106.63
106.653
106.674
106.694
106.715
106.737
106.757
106.779
106.801
106.818
106.838
106.858
106.88
106.9
106.923
106.946
106.967
106.986
107.007
107.027
107.047
107.065
107.082
107.101
107.119
107.14
107.161
107.182
107.203
107.224
107.244
107.267
107.286
107.306
107.328
107.348
107.368
107.386
107.406
107.427
107.448
107.469
107.49
107.512
107.531
107.552
107.574
107.595
107.615
107.634
107.652
107.674
107.694
107.715
107.735
107.755
107.775
107.794
107.813
107.836
107.856
107.878
107.899
107.919
107.939
107.96
107.981
108.001
108.023
108.042
108.064
108.084
108.102
108.123
108.144
108.163
108.184
108.203
108.225
108.248
108.267
108.286
108.306
108.326
108.346
108.367
108.388
108.408
108.43
108.449
108.469
108.487
108.508
108.526
108.547
108.567
108.586
108.605
108.625
108.643
108.663
108.682
108.7
108.721
108.74
108.758
108.778
108.799
108.819
108.84
108.861
108.883
108.902
108.922
108.941
108.961
108.979
108.996
109.016
109.035
109.055
109.076
109.094
109.115
109.134
109.153
109.173
109.192
109.209
109.228
109.247
109.265
109.282
109.301
109.319
109.337
109.356
109.374
109.394
109.412
109.431
109.45
109.47
109.489
109.508
109.527
109.546
109.566
109.586
109.605
109.624
109.644
109.665
109.683
109.703
109.72
109.741
109.76
109.779
109.798
109.817
109.837
109.858
109.876
109.894
109.913
109.931
109.948
109.968
109.986
110.003
110.021
110.04
110.057
110.074
110.094
110.114
110.13
110.147
110.167
110.186
110.204
110.221
110.239
110.257
110.276
110.295
110.312
110.33
110.348
110.367
110.385
110.404
110.422
110.44
110.458
110.476
110.493
110.511
110.53
110.548
110.567
110.585
110.603
110.619
110.637
110.656
110.674
110.693
110.711
110.727
110.745
110.764
110.782
110.8
110.817
110.834
110.853
110.871
110.89
110.909
110.926
110.944
110.961
110.979
110.996
111.015
111.034
111.053
111.072
111.089
111.108
111.126
111.142
111.158
111.176
111.194
111.213
111.231
111.247
111.264
111.281
111.3
111.319
111.335
111.352
111.37
111.388
111.406
111.423
111.44
111.458
111.473
111.49
111.509
111.525
111.543
111.56
111.577
111.595
111.613
111.632
111.647
111.666
111.682
111.7
111.717
111.734
111.75
111.767
111.784
111.801
111.82
111.836
111.854
111.872
111.888
111.905
111.92
111.937
111.953
111.969
111.987
112.004
112.019
112.037
112.053
112.071
112.087
112.104
112.123
112.14
112.155
112.173
112.189
112.205
112.222
112.239
112.257
112.273
112.289
112.306
112.324
112.341
112.358
112.373
112.39
112.407
112.421
112.438
112.455
112.471
112.486
112.503
112.521
112.537
112.555
112.573
112.591
112.608
112.624
112.641
112.66
112.675
112.69
112.707
112.724
112.741
112.757
112.774
112.79
112.806
112.826
112.844
112.862
112.877
112.895
112.912
112.93
112.947
112.965
112.981
112.999
113.016
113.029
113.047
113.065
113.082
113.099
113.114
113.132
113.15
113.167
113.184
113.198
113.216
113.232
113.248
113.266
113.282
113.297
113.312
113.329
113.346
113.363
113.38
113.398
113.413
113.429
113.444
113.461
113.479
113.495
113.513
113.529
113.546
113.562
113.577
113.593
113.609
113.625
113.641
113.657
113.675
113.693
113.711
113.728
113.744
113.761
113.777
113.792
113.809
113.825
113.843
113.859
113.874
113.89
113.909
113.925
113.942
113.959
113.976
113.992
114.008
114.026
114.042
114.058
114.076
114.091
114.108
114.123
114.141
114.159
114.174
114.19
114.207
114.223
114.239
114.256
114.274
114.291
114.309
114.325
114.341
114.357
114.373
114.388
114.405
114.42
114.437
114.453
114.469
114.488
114.504
114.519
114.536
114.553
114.57
114.586
114.603
114.62
114.636
114.652
114.67
114.689
114.705
114.72
114.736
114.752
114.769
114.786
114.801
114.817
114.833
114.848
114.864
114.88
114.896
114.913
114.931
114.946
114.961
114.977
114.993
115.009
115.026
115.041
115.059
115.078
115.095
115.111
115.127
115.143
115.161
115.176
115.191
115.209
115.225
115.243
115.258
115.273
115.29
115.308
115.326
115.343
115.359
115.376
115.392
115.409
115.426
115.441
115.458
115.474
115.491
115.51
115.527
115.543
115.563
115.579
115.596
115.613
115.628
115.645
115.662
115.678
115.694
115.711
115.729
115.746
115.762
115.776
115.793
115.811
115.827
115.846
115.862
115.877
115.894
115.911
115.926
115.942
115.958
115.975
115.991
116.008
116.024
116.042
116.06
116.077
116.094
116.109
116.127
116.144
116.16
116.176
116.193
116.208
116.226
116.242
116.26
116.277
116.294
116.312
116.33
116.347
116.364
116.38
116.398
116.414
116.429
116.445
116.461
116.477
116.494
116.511
116.529
116.545
116.561
116.577
116.594
116.612
116.629
116.646
116.662
116.679
116.695
116.712
116.728
116.745
116.763
116.781
116.798
116.814
116.83
116.847
116.864
116.881
116.897
116.912
116.93
116.948
116.968
116.983
117.001
117.018
117.035
117.051
117.069
117.086
117.104
117.12
117.139
117.155
117.172
117.188
117.206
117.222
117.239
117.256
117.272
117.29
117.309
117.327
117.343
117.359
117.376
117.393
117.409
117.426
117.444
117.461
117.477
117.495
117.512
117.528
117.545
117.561
117.578
117.594
117.609
117.626
117.644
117.661
117.679
117.697
117.712
117.73
117.746
117.766
117.781
117.799
117.816
117.833
117.851
117.868
117.885
117.903
117.918
117.937
117.955
117.969
117.987
118.004
118.021
118.039
118.055
118.073
118.092
118.109
118.126
118.142
118.16
118.177
118.195
118.213
118.231
118.247
118.265
118.281
118.298
118.317
118.336
118.354
118.371
118.388
118.404
118.419
118.436
118.453
118.47
118.487
118.505
118.523
118.54
118.556
118.573
118.59
118.608
118.624
118.639
118.655
118.672
118.688
118.704
118.721
118.738
118.756
118.775
118.794
118.811
118.829
118.845
118.864
118.881
118.898
118.917
118.934
118.951
118.969
118.985
119.003
119.02
119.038
119.055
119.071
119.087
119.105
119.124
119.141
119.159
119.178
119.197
119.213
119.23
119.245
119.263
119.28
119.296
119.312
119.329
119.347
119.365
119.382
119.4
119.415
119.433
119.45
119.467
119.486
119.504
119.521
119.539
119.555
119.573
119.59
119.606
119.623
119.642
119.66
119.677
119.692
119.709
119.727
119.742
119.758
119.775
119.792
119.809
119.827
119.844
119.861
119.878
119.894
119.911
119.927
119.944
119.961
119.979
119.997
120.016
120.032
120.049
120.069
120.085
120.101
120.118
120.137
120.158
120.175
120.192
120.209
120.227
120.244
120.26
120.277
120.295
120.313
120.329
120.348
120.366
120.382
120.4
120.418
120.434
120.45
120.468
120.485
120.503
120.521
120.537
120.554
120.573
120.589
120.605
120.622
120.638
120.655
120.673
120.69
120.708
120.726
120.741
120.76
120.775
120.792
120.809
120.828
120.846
120.864
120.881
120.899
120.916
120.932
120.946
120.964
120.981
121
121.016
121.033
121.049
121.068
121.084
121.101
121.117
121.133
121.152
121.17
121.187
121.204
121.221
121.238
121.254
121.272
121.291
121.308
121.324
121.34
121.358
121.375
121.393
121.41
121.427
121.442
121.459
121.476
121.494
121.511
121.53
121.547
121.563
121.581
121.6
121.618
121.636
121.655
121.672
121.69
121.707
121.724
121.74
121.758
121.775
121.794
121.811
121.826
121.843
121.858
121.873
121.891
121.909
121.927
121.945
121.962
121.981
121.998
122.014
122.032
122.051
122.069
122.087
122.105
122.123
122.142
122.158
122.175
122.193
122.21
122.227
122.244
122.263
122.279
122.298
122.316
122.332
122.35
122.369
122.386
122.405
122.421
122.438
122.455
122.474
122.492
122.51
122.527
122.545
122.563
122.581
122.598
122.615
122.632
122.649
122.667
122.684
122.702
122.72
122.737
122.753
122.77
122.788
122.804
122.821
122.839
122.855
122.875
122.893
122.91
122.928
122.946
122.965
122.983
122.999
123.017
123.034
123.051
123.071
123.088
123.106
123.123
123.139
123.158
123.175
123.191
123.206
123.224
123.245
123.262
123.282
123.3
123.316
123.331
123.348
123.368
123.386
123.404
123.419
123.435
123.452
123.47
123.488
123.505
123.522
123.54
123.557
123.575
123.594
123.61
123.628
123.647
123.665
123.683
123.699
123.717
123.734
123.751
123.769
123.787
123.805
123.822
123.84
123.858
123.874
123.893
123.91
123.926
123.944
123.961
123.977
123.995
124.013
124.032
124.048
124.065
124.083
124.101
124.119
124.137
124.156
124.173
124.191
124.207
124.225
124.245
124.262
124.279
124.298
124.315
124.333
124.352
124.368
124.385
124.404
124.421
124.438
124.456
124.474
124.492
124.51
124.528
124.546
124.564
124.581
124.6
124.618
124.636
124.655
124.675
124.692
124.711
124.727
124.745
124.764
124.782
124.801
124.818
124.835
124.853
124.869
124.887
124.903
124.921
124.937
124.957
124.975
124.994
125.011
125.027
125.044
125.063
125.082
125.099
125.115
125.133
125.15
125.167
125.184
125.201
125.22
125.237
125.255
125.274
125.291
125.308
125.325
125.343
125.36
125.378
125.396
125.413
125.433
125.454
125.471
125.487
125.506
125.524
125.542
125.559
125.575
125.593
125.61
125.629
125.649
125.668
125.684
125.701
125.719
125.738
125.753
125.771
125.79
125.809
125.828
125.846
125.863
125.88
125.899
125.916
125.934
125.949
125.967
125.983
126
126.018
126.033
126.051
126.068
126.09
126.108
126.126
126.143
126.158
126.176
126.194
126.214
126.231
126.25
126.27
126.288
126.306
126.325
126.342
126.361
126.378
126.398
126.416
126.433
126.45
126.466
126.482
126.499
126.517
126.534
126.553
126.572
126.592
126.61
126.627
126.645
126.664
126.681
126.7
126.718
126.736
126.754
126.773
126.79
126.808
126.825
126.843
126.861
126.881
126.9
126.92
126.939
126.956
126.973
126.991
127.009
127.028
127.046
127.066
127.082
127.099
127.119
127.138
127.158
127.178
127.196
127.213
127.23
127.248
127.267
127.287
127.308
127.325
127.345
127.365
127.382
127.401
127.416
127.435
127.453
127.468
127.487
127.507
127.526
127.544
127.563
127.58
127.596
127.616
127.635
127.654
127.672
127.69
127.71
127.729
127.746
127.765
127.781
127.8
127.819
127.836
127.855
127.877
127.896
127.916
127.933
127.952
127.972
127.989
128.007
128.024
128.042
128.06
128.08
128.096
128.113
128.135
128.154
128.172
128.19
128.206
128.225
128.241
128.262
128.279
128.298
128.317
128.336
128.356
128.374
128.39
128.407
128.425
128.445
128.463
128.483
128.501
128.519
128.539
128.556
128.573
128.595
128.612
128.629
128.646
128.667
128.686
128.704
128.722
128.74
128.757
128.775
128.796
128.815
128.832
128.851
128.871
128.89
128.908
128.926
128.943
128.962
128.98
128.998
129.018
129.035
129.054
129.07
129.089
129.108
129.127
129.145
129.164
129.182
129.203
129.223
129.242
129.26
129.278
129.298
129.316
129.333
129.352
129.373
129.39
129.411
129.43
129.449
129.466
129.483
129.503
129.522
129.542
129.561
129.581
129.6
129.617
129.635
129.655
129.674
129.694
129.714
129.734
129.753
129.772
129.793
129.815
129.833
129.852
129.872
129.892
129.909
129.93
129.949
129.967
129.987
130.003
130.021
130.042
130.062
130.081
130.101
130.122
130.141
130.161
130.181
130.201
130.22
130.239
130.258
130.278
130.297
130.314
130.333
130.351
130.369
130.388
130.404
130.423
130.442
130.461
130.48
130.499
130.518
130.537
130.558
130.576
130.594
130.612
130.633
130.652
130.673
130.691
130.71
130.728
130.748
130.769
130.788
130.807
130.827
130.846
130.866
130.884
130.902
130.922
130.943
130.963
130.984
131.003
131.02
131.04
131.059
131.08
131.099
131.121
131.14
131.161
131.18
131.2
131.22
131.24
131.261
131.279
131.299
131.32
131.34
131.362
131.383
131.403
131.421
131.441
131.464
131.486
131.508
131.527
131.545
131.566
131.585
131.606
131.627
131.647
131.67
131.688
131.706
131.727
131.746
131.767
131.785
131.806
131.828
131.847
131.869
131.89
131.908
131.928
131.949
131.97
131.99
132.009
132.029
132.049
132.07
132.092
132.114
132.136
132.157
132.178
132.197
132.216
132.235
132.254
132.273
132.294
132.316
132.336
132.356
132.379
132.399
132.419
132.439
132.458
132.477
132.499
132.521
132.541
132.563
132.585
132.604
132.625
132.643
132.665
132.685
132.706
132.726
132.748
132.77
132.79
132.809
132.83
132.85
132.871
132.893
132.919
132.94
132.96
132.982
133.002
133.023
133.044
133.064
133.085
133.103
133.123
133.143
133.166
133.188
133.211
133.233
133.254
133.273
133.294
133.317
133.341
133.362
133.384
133.405
133.427
133.449
133.47
133.49
133.511
133.533
133.554
133.576
133.598
133.619
133.642
133.661
133.683
133.703
133.722
133.742
133.763
133.785
133.807
133.829
133.849
133.869
133.89
133.908
133.929
133.95
133.972
133.993
134.015
134.036
134.056
134.077
134.099
134.122
134.144
134.167
134.187
134.21
134.232
134.254
134.276
134.297
134.318
134.34
134.36
134.383
134.404
134.426
134.446
134.467
134.485
134.506
134.525
134.546
134.567
134.59
134.611
134.63
134.652
134.673
134.697
134.721
134.742
134.764
134.786
134.807
134.828
134.848
134.87
134.892
134.912
134.936
134.955
134.975
134.996
135.017
135.038
135.059
135.08
135.105
135.127
135.147
135.166
135.187
135.206
135.226
135.251
135.273
135.295
135.313
135.333
135.353
135.373
135.395
135.417
135.436
135.457
135.475
135.497
135.517
135.538
135.56
135.581
135.602
135.621
135.644
135.664
135.684
135.705
135.724
135.745
135.767
135.789
135.809
135.832
135.853
135.873
135.894
135.914
135.934
135.953
135.975
135.995
136.018
136.036
136.057
136.078
136.1
136.121
136.144
136.163
136.182
136.203
136.224
136.246
136.269
136.289
136.31
136.33
136.35
136.37
136.392
136.411
136.431
136.454
136.473
136.493
136.511
136.531
136.55
136.57
136.591
136.613
136.635
136.654
136.677
136.697
136.715
136.735
136.757
136.776
136.796
136.815
136.835
136.855
136.875
136.895
136.917
136.939
136.958
136.98
137
137.018
137.04
137.06
137.078
137.098
137.119
137.137
137.157
137.175
137.194
137.215
137.235
137.256
137.275
137.294
137.313
137.334
137.355
137.375
137.394
137.415
137.433
137.452
137.471
137.491
137.513
137.535
137.554
137.575
137.592
137.611
137.631
137.65
137.668
137.689
137.711
137.732
137.752
137.771
137.788
137.809
137.828
137.848
137.868
137.888
137.906
137.925
137.945
137.962
137.982
138.001
138.021
138.039
138.059
138.079
138.096
138.115
138.136
138.157
138.175
138.195
138.213
138.232
138.25
138.269
138.29
138.308
138.328
138.345
138.365
138.385
138.402
138.42
138.438
138.457
138.476
138.494
138.514
138.533
138.551
138.569
138.589
138.607
138.626
138.646
138.665
138.682
138.7
138.717
138.735
138.754
138.773
138.79
138.807
138.826
138.844
138.863
138.881
138.899
138.918
138.935
138.951
138.969
138.987
139.008
139.027
139.044
139.061
139.08
139.1
139.118
139.138
139.154
139.171
139.19
139.209
139.226
139.245
139.264
139.281
139.301
139.32
139.337
139.355
139.37
139.39
139.408
139.425
139.443
139.462
139.48
139.498
139.515
139.533
139.551
139.566
139.583
139.603
139.622
139.641
139.658
139.676
139.695
139.713
139.73
139.749
139.767
139.785
139.803
139.819
139.838
139.856
139.875
139.891
139.911
139.93
139.948
139.967
139.985
140.002
140.021
140.037
140.053
140.072
140.088
140.107
140.124
140.142
140.16
140.177
140.195
140.212
140.23
140.247
140.265
140.283
140.3
140.316
140.334
140.351
140.368
140.386
140.404
140.421
140.438
140.456
140.474
140.492
140.507
140.524
140.541
140.556
140.573
140.591
140.608
140.624
140.64
140.657
140.674
140.692
140.709
140.725
140.743
140.761
140.778
140.797
140.814
140.83
140.847
140.865
140.883
140.899
140.918
140.934
140.95
140.967
140.983
140.999
141.017
141.033
141.047
141.064
141.081
141.097
141.116
141.131
141.148
141.165
141.183
141.202
141.218
141.236
141.254
141.271
141.285
141.301
141.318
141.335
141.35
141.368
141.382
141.398
141.412
141.428
141.445
141.46
141.477
141.494
141.512
141.529
141.545
141.561
141.579
141.595
141.612
141.628
141.643
141.659
141.676
141.691
141.708
141.723
141.739
141.756
141.772
141.785
141.802
141.819
141.835
141.852
141.867
141.884
141.903
141.919
141.934
141.948
141.964
141.979
141.995
142.011
142.027
142.044
142.059
142.075
142.092
142.107
142.123
142.138
142.154
142.17
142.186
142.201
142.218
142.235
142.25
142.265
142.281
142.297
142.312
142.327
142.341
142.358
142.374
142.388
142.402
142.418
142.434
142.45
142.466
142.482
142.497
142.515
142.532
142.549
142.564
142.578
142.594
142.609
142.626
142.643
142.658
142.672
142.687
142.702
142.719
142.736
142.751
142.767
142.782
142.797
142.813
142.827
142.843
142.858
142.874
142.89
142.904
142.92
142.936
142.951
142.965
142.978
142.993
143.008
143.023
143.039
143.053
143.069
143.084
143.1
143.116
143.131
143.147
143.162
143.177
143.192
143.207
143.221
143.236
143.251
143.265
143.278
143.293
143.308
143.323
143.337
143.351
143.366
143.382
143.397
143.413
143.429
143.445
143.46
143.476
143.491
143.508
143.524
143.539
143.554
143.569
143.584
143.6
143.615
143.632
143.646
143.661
143.675
143.69
143.705
143.719
143.735
143.752
143.767
143.781
143.796
143.812
143.826
143.841
143.856
143.869
143.884
143.898
143.912
143.925
143.94
143.956
143.97
143.985
143.998
144.012
144.026
144.041
144.056
144.071
144.086
144.1
144.115
144.13
144.144
144.159
144.176
144.19
144.205
144.22
144.234
144.248
144.263
144.276
144.29
144.306
144.321
144.334
144.349
144.363
144.379
144.393
144.406
144.421
144.434
144.45
144.466
144.48
144.493
144.508
144.524
144.538
144.553
144.568
144.581
144.595
144.607
144.621
144.635
144.647
144.66
144.674
144.689
144.705
144.719
144.734
144.75
144.765
144.778
144.792
144.806
144.819
144.834
144.848
144.861
144.878
144.891
144.906
144.919
144.934
144.948
144.962
144.976
144.991
145.005
145.018
145.034
145.049
145.064
145.079
145.091
145.107
145.122
145.136
145.151
145.164
145.179
145.192
145.207
145.223
145.237
145.251
145.265
145.279
145.293
145.306
145.32
145.333
145.346
145.361
145.375
145.39
145.403
145.418
145.431
145.444
145.457
145.471
145.484
145.497
145.51
145.524
145.539
145.553
145.567
145.582
145.595
145.609
145.622
145.637
145.65
145.664
145.677
145.692
145.703
145.718
145.731
145.745
145.761
145.775
145.788
145.801
145.815
145.83
145.842
145.858
145.872
145.885
145.898
145.911
145.927
145.941
145.956
145.971
145.985
145.999
146.015
146.03
146.044
146.057
146.069
146.085
146.099
146.112
146.126
146.14
146.154
146.167
146.18
146.194
146.209
146.222
146.235
146.248
146.26
146.274
146.288
146.302
146.317
146.331
146.346
146.359
146.374
146.387
146.4
146.415
146.428
146.442
146.455
146.469
146.482
146.497
146.509
146.523
146.535
146.55
146.565
146.579
146.592
146.605
146.619
146.631
146.645
146.658
146.672
146.685
146.699
146.712
146.726
146.74
146.754
146.768
146.781
146.795
146.807
146.822
146.835
146.849
146.864
146.877
146.89
146.903
146.917
146.929
146.943
146.957
146.97
146.982
146.997
147.01
147.022
147.036
147.05
147.065
147.078
147.091
147.104
147.117
147.13
147.142
147.154
147.168
147.181
147.194
147.206
147.219
147.231
147.244
147.257
147.27
147.284
147.296
147.31
147.325
147.338
147.352
147.367
147.379
147.392
147.405
147.417
147.429
147.442
147.455
147.469
147.482
147.496
147.508
147.522
147.534
147.547
147.56
147.574
147.587
147.601
147.613
147.625
147.638
147.65
147.663
147.678
147.689
147.704
147.717
147.73
147.742
147.754
147.768
147.78
147.792
147.805
147.817
147.83
147.842
147.856
147.869
147.883
147.896
147.909
147.924
147.937
147.95
147.963
147.974
147.988
148.001
148.013
148.025
148.039
148.053
148.066
148.078
148.091
148.105
148.117
148.131
148.143
148.155
148.166
148.179
148.191
148.203
148.216
148.23
148.242
148.258
148.271
148.283
148.296
148.31
148.323
148.335
148.348
148.36
148.373
148.386
148.399
148.413
148.424
148.437
148.45
148.463
148.475
148.489
148.501
148.515
148.529
148.542
148.555
148.568
148.58
148.592
148.605
148.619
148.632
148.644
148.657
148.67
148.683
148.698
148.71
148.723
148.734
148.747
148.758
148.771
148.783
148.796
148.807
148.819
148.831
148.844
148.856
148.869
148.882
148.894
148.907
148.919
148.931
148.944
148.956
148.968
148.981
148.994
149.006
149.019
149.031
149.042
149.055
149.067
149.079
149.092
149.106
149.118
149.13
149.144
149.157
149.169
149.182
149.193
149.208
149.221
149.233
149.245
149.257
149.27
149.283
149.296
149.307
149.321
149.334
149.348
149.361
149.375
149.388
149.4
149.412
149.425
149.439
149.452
149.464
149.478
149.489
149.502
149.515
149.527
149.538
149.551
149.564
149.575
149.587
149.601
149.614
149.626
149.638
149.651
149.664
149.675
149.688
149.7
149.713
149.725
149.738
149.75
149.762
149.774
149.787
149.8
149.812
149.825
149.837
149.85
149.862
149.874
149.886
149.898
149.911
149.924
149.936
149.948
149.961
149.973
149.985
149.998
150.01
150.023
150.034
150.047
150.06
150.072
150.084
