1
2
2.5
2.83333
3.08333
3.48333
3.48333
3.9119
4.2869
4.39802
5.97111
8.0944
9.96299
13.6332
16.7713
18.5655
20.032
21.1571
22.1131
22.9276
23.6504
24.3699
25.0792
25.7628
26.3882
26.938
27.5507
28.0656
28.5712
29.049
29.5832
30.0493
30.516
30.9778
31.4872
31.944
32.3987
32.8446
33.2546
33.6315
34.0269
34.4391
34.8156
35.2046
35.5972
35.946
36.3252
36.658
37.0302
37.3937
37.6999
38.0323
38.3434
38.6374
38.9307
39.2163
39.4966
39.7557
39.9798
40.2318
40.4684
40.6946
40.9017
41.1123
41.3147
41.5137
41.7139
41.8979
42.1008
42.2865
42.483
42.675
42.8554
43.0286
43.1978
43.3714
43.5445
43.7157
43.8539
44.0144
44.1626
44.3204
44.4653
44.6046
44.7383
44.8843
45.0421
45.167
45.3058
45.439
45.5761
45.721
45.8423
45.9835
46.1164
46.2509
46.3725
46.5083
46.6322
46.7539
46.8716
47.004
47.1266
47.251
47.3758
47.4908
47.6127
47.7367
47.8572
47.9752
48.107
48.221
48.3217
48.4367
48.5559
48.676
48.7909
48.9057
49.0246
49.1353
49.2423
49.3425
49.4433
49.5566
49.6774
49.7808
49.88
49.987
50.092
50.1877
50.3012
50.4056
50.514
50.6002
50.7013
50.7974
50.9032
50.9941
51.0934
51.1905
51.281
51.3831
51.4844
51.5846
51.6814
51.7854
51.8886
51.9815
52.0928
52.1961
52.2831
52.3921
52.4849
52.5739
52.6699
52.775
52.876
52.9696
53.0567
53.1638
53.2685
53.3688
53.4792
53.5846
53.6899
53.7968
53.8801
53.9858
54.0742
54.1773
54.2864
54.3871
54.482
54.5749
54.6743
54.7769
54.874
54.9696
55.0715
55.1743
55.2667
55.3596
55.4465
55.5485
55.6505
55.7563
55.8503
55.9597
56.061
56.1607
56.2557
56.3607
56.4684
56.5637
56.6655
56.764
56.8633
56.9594
57.0777
57.1685
57.2613
57.3812
57.4856
57.5807
57.6814
57.7864
57.882
57.9746
58.075
58.1781
58.2781
58.3807
58.4804
58.5844
58.6876
58.7951
58.8908
58.9968
59.0985
59.203
59.305
59.4053
59.4985
59.6007
59.7015
59.8016
59.8946
59.9923
60.0864
60.1862
60.2864
60.3905
60.4853
60.5743
60.6676
60.7679
60.8527
60.9511
61.0456
61.1438
61.2351
61.3264
61.4307
61.5275
61.6204
61.7095
61.799
61.8823
61.9648
62.0517
62.1304
62.2188
62.3099
62.3999
62.4808
62.5742
62.656
62.7415
62.8231
62.8975
62.9754
63.0646
63.1505
63.2466
63.3302
63.4098
63.4958
63.5707
63.6555
63.7444
63.8206
63.8945
63.9806
64.0577
64.1382
64.2168
64.3001
64.3731
64.4631
64.5405
64.6206
64.7001
64.7669
64.8387
64.9128
64.9879
65.0614
65.1365
65.2138
65.2885
65.3656
65.4438
65.517
65.5897
65.6608
65.7382
65.8116
65.8817
65.959
66.0325
66.108
66.1782
66.263
66.3419
66.4168
66.4886
66.5647
66.6326
66.7082
66.7708
66.8415
66.9202
66.9842
67.0519
67.119
67.1826
67.2528
67.327
67.3914
67.4634
67.5294
67.5984
67.6651
67.7244
67.7998
67.8651
67.9319
67.9989
68.073
68.1369
68.21
68.2826
68.3508
68.4173
68.4897
68.5563
68.625
68.6883
68.7598
68.8245
68.8891
68.9538
69.0215
69.0921
69.1609
69.2268
69.2892
69.3526
69.4169
69.4831
69.5464
69.6071
69.6683
69.7385
69.8058
69.8741
69.9399
70.0053
70.0648
70.1243
70.1852
70.2493
70.3099
70.3728
70.4357
70.4969
70.5642
70.6263
70.6868
70.7469
70.806
70.8647
70.9221
70.9776
71.0325
71.0932
71.1579
71.2186
71.2709
71.3285
71.388
71.4497
71.5082
71.563
71.6172
71.67
71.7286
71.783
71.8444
71.8994
71.9505
72.0093
72.0684
72.1236
72.1773
72.2343
72.2855
72.3372
72.3915
72.4425
72.4942
72.554
72.6072
72.6629
72.7177
72.7707
72.8216
72.8779
72.9347
72.987
73.0449
73.098
73.1495
73.1957
73.2431
73.2978
73.3565
73.4055
73.4601
73.5207
73.5694
73.628
73.6799
73.7337
73.7782
73.8268
73.8767
73.9302
73.98
74.0386
74.0947
74.1445
74.1963
74.2477
74.2963
74.3462
74.3951
74.4447
74.4947
74.5418
74.5874
74.6393
74.6831
74.736
74.7817
74.8287
74.8754
74.9303
74.9801
75.0336
75.0807
75.1322
75.1756
75.2203
75.2648
75.3109
75.3576
75.4025
75.4531
75.5033
75.5513
75.5929
75.6415
75.6879
75.7326
75.7783
75.824
75.8725
75.9175
75.9652
76.0124
76.055
76.102
76.1403
76.1891
76.2311
76.2739
76.3191
76.3603
76.4068
76.4477
76.4911
76.5376
76.5805
76.6238
76.6668
76.711
76.757
76.8011
76.8394
76.8849
76.9302
76.9736
77.0161
77.056
77.1008
77.1452
77.1876
77.229
77.2698
77.3116
77.3606
77.4014
77.4417
77.4823
77.5245
77.5666
77.6099
77.6476
77.6882
77.7265
77.7662
77.8058
77.8505
77.8902
77.9264
77.9681
78.008
78.0515
78.0926
78.1326
78.1766
78.2172
78.254
78.2968
78.3368
78.3789
78.4156
78.4581
78.499
78.5354
78.5729
78.613
78.6463
78.6873
78.7261
78.765
78.8073
78.8477
78.8849
78.9245
78.9648
79.0004
79.0357
79.0734
79.1093
79.1467
79.1853
79.2205
79.2563
79.2928
79.3312
79.3709
79.405
79.4383
79.4742
79.5121
79.5504
79.5817
79.6194
79.6543
79.6928
79.7299
79.7668
79.8048
79.8379
79.8776
79.9177
79.9567
79.9936
80.0306
80.0662
80.0966
80.1336
80.1658
80.2004
80.2361
80.2729
80.3131
80.3506
80.3863
80.4184
80.4556
80.4931
80.5262
80.5625
80.5989
80.632
80.6655
80.696
80.7334
80.7677
80.8032
80.836
80.8694
80.9044
80.9394
80.9751
81.0127
81.0501
81.085
81.1182
81.1474
81.1825
81.2187
81.2503
81.2842
81.3172
81.3508
81.3847
81.42
81.4519
81.4868
81.522
81.5531
81.5901
81.6231
81.6562
81.6893
81.7217
81.755
81.7918
81.8286
81.8622
81.8933
81.9283
81.9618
81.9983
82.0283
82.0622
82.0952
82.131
82.1654
82.1956
82.2273
82.2578
82.2915
82.3258
82.3635
82.3975
82.4295
82.4661
82.4986
82.5293
82.5627
82.5965
82.63
82.6617
82.6932
82.7266
82.762
82.7965
82.8317
82.8655
82.8989
82.9341
82.9647
82.9954
83.0264
83.0589
83.0895
83.1222
83.1544
83.1865
83.2184
83.2508
83.2807
83.3144
83.3461
83.3804
83.4136
83.4466
83.4803
83.5142
83.5463
83.5753
83.6048
83.6377
83.669
83.703
83.7343
83.7687
83.8033
83.8354
83.8673
83.9038
83.9386
83.9735
84.0039
84.0359
84.0678
84.0979
84.1288
84.1591
84.1921
84.2216
84.2497
84.281
84.3115
84.3414
84.3732
84.4021
84.4348
84.4668
84.4999
84.5321
84.566
84.599
84.6322
84.6646
84.6972
84.7287
84.7595
84.7875
84.8209
84.853
84.8842
84.9175
84.9505
84.9841
85.0178
85.0528
85.0824
85.1151
85.1435
85.1724
85.2
85.236
85.2654
85.2955
85.3259
85.3599
85.3905
85.421
85.4517
85.483
85.5129
85.5454
85.5786
85.608
85.6385
85.6692
85.7
85.7324
85.7652
85.7942
85.826
85.8553
85.8862
85.9193
85.9487
85.9757
86.0085
86.0385
86.0711
86.0995
86.1304
86.1622
86.1906
86.22
86.248
86.2767
86.3062
86.3377
86.3727
86.4011
86.4335
86.4638
86.4957
86.5257
86.5544
86.5882
86.6188
86.65
86.6822
86.7092
86.7373
86.7677
86.7999
86.8306
86.8627
86.8911
86.9216
86.952
86.9817
87.0114
87.042
87.0707
87.098
87.1248
87.1576
87.1878
87.2205
87.2513
87.2809
87.3113
87.3409
87.3702
87.3977
87.4311
87.4615
87.492
87.5219
87.5516
87.5826
87.6119
87.6429
87.6715
87.7016
87.7308
87.7593
87.7908
87.8214
87.8517
87.8802
87.9075
87.9353
87.9662
87.9945
88.0233
88.0529
88.0832
88.1138
88.1437
88.1743
88.2023
88.2319
88.2625
88.2892
88.3189
88.3471
88.3783
88.41
88.4392
88.4692
88.497
88.5283
88.5579
88.5878
88.6175
88.6467
88.6764
88.7038
88.732
88.7586
88.7902
88.8244
88.8549
88.8865
88.9178
88.946
88.9757
89.0052
89.0344
89.0646
89.092
89.1211
89.1525
89.1802
89.2084
89.2375
89.2671
89.2961
89.3255
89.3515
89.3827
89.4116
89.4399
89.4648
89.4922
89.5195
89.5466
89.5743
89.6021
89.6307
89.6618
89.6911
89.7215
89.7503
89.7783
89.8071
89.8376
89.8669
89.8969
89.9231
89.9494
89.9773
90.0097
90.038
90.0667
90.0958
90.1241
90.1553
90.1842
90.2148
90.2435
90.2727
90.2996
90.3296
90.3564
90.3838
90.4133
90.4408
90.4692
90.4988
90.5279
90.5546
90.5837
90.6112
90.639
90.6669
90.6938
90.721
90.7495
90.7827
90.8102
90.8373
90.8659
90.8938
90.9222
90.9498
90.98
91.006
91.0294
91.058
91.0843
91.1113
91.1396
91.168
91.1934
91.2184
91.2475
91.2732
91.3039
91.3308
91.3607
91.3878
91.4167
91.4448
91.4694
91.4921
91.5209
91.5501
91.5755
91.6025
91.6303
91.6586
91.685
91.7113
91.7401
91.7665
91.7949
91.8215
91.8494
91.8774
91.9045
91.931
91.9584
91.987
92.0137
92.0446
92.0721
92.0989
92.1272
92.1558
92.1854
92.2124
92.2385
92.2637
92.2919
92.3191
92.3494
92.3746
92.3998
92.4293
92.4586
92.4833
92.5109
92.5385
92.564
92.5916
92.619
92.6424
92.6701
92.6963
92.7222
92.7449
92.7703
92.7955
92.8206
92.8449
92.874
92.8997
92.9252
92.9513
92.9785
93.0057
93.0299
93.0562
93.0845
93.1112
93.1362
93.1622
93.1846
93.2083
93.2335
93.2598
93.2851
93.3104
93.3398
93.3658
93.3923
93.4198
93.4465
93.4706
93.496
93.5211
93.5499
93.5755
93.603
93.6297
93.6564
93.6833
93.7097
93.7351
93.7605
93.7859
93.8101
93.8369
93.8629
93.8902
93.9182
93.946
93.9727
94.0033
94.0303
94.0573
94.0837
94.1101
94.1383
94.1632
94.1903
94.2187
94.2437
94.271
94.2979
94.3222
94.3501
94.3777
94.4051
94.4302
94.4558
94.4832
94.5111
94.5397
94.5671
94.5925
94.6172
94.6399
94.6659
94.693
94.7189
94.7443
94.7688
94.7969
94.8233
94.8469
94.8729
94.8995
94.9281
94.9542
94.9807
95.006
95.0331
95.0597
95.0849
95.1112
95.1379
95.1663
95.195
95.2228
95.2487
95.2742
95.2991
95.325
95.3499
95.3744
95.4003
95.4261
95.4521
95.4787
95.504
95.5303
95.5567
95.5835
95.612
95.6414
95.6689
95.6949
95.722
95.7462
95.7738
95.8
95.826
95.851
95.8785
95.9046
95.9293
95.9531
95.9764
96.0047
96.0311
96.0577
96.086
96.1139
96.1412
96.1692
96.1929
96.2187
96.246
96.271
96.3002
96.3263
96.3509
96.3753
96.4008
96.4267
96.4525
96.4791
96.506
96.5377
96.563
96.5893
96.6162
96.6442
96.6682
96.6938
96.7208
96.7483
96.7731
96.7973
96.8238
96.8472
96.8711
96.8964
96.9241
96.9524
96.9773
97.0033
97.0302
97.0588
97.0867
97.1135
97.1414
97.1694
97.198
97.2258
97.254
97.2826
97.3076
97.3324
97.3582
97.3855
97.4139
97.4405
97.4667
97.4902
97.5135
97.5406
97.5663
97.5928
97.6179
97.6459
97.6728
97.6991
97.7249
97.752
97.779
97.8058
97.8334
97.8577
97.8843
97.9148
97.9457
97.9711
97.9986
98.026
98.0538
98.0833
98.1088
98.1377
98.165
98.1928
98.2218
98.2501
98.2765
98.3029
98.3305
98.3587
98.3851
98.4104
98.4372
98.4633
98.491
98.5182
98.5448
98.5725
98.604
98.6326
98.6574
98.6838
98.7094
98.7364
98.7629
98.7881
98.8155
98.8427
98.867
98.8946
98.9197
98.9487
98.9749
99.001
99.0311
99.0581
99.0844
99.114
99.139
99.1664
99.1955
99.2223
99.2498
99.2775
99.3067
99.3326
99.3591
99.3837
99.4093
99.4357
99.4609
99.4866
99.5137
99.5435
99.5727
99.5972
99.6241
99.6505
99.6785
99.7085
99.7393
99.7669
99.7906
99.8184
99.8424
99.8731
99.9016
99.9286
99.957
99.9853
100.009
100.039
100.067
100.096
100.124
100.151
100.179
100.206
100.231
100.26
100.289
100.317
100.345
100.374
100.405
100.433
100.462
100.491
100.521
100.55
100.581
100.606
100.634
100.661
100.688
100.719
100.749
100.782
100.815
100.843
100.872
100.901
100.931
100.96
100.988
101.016
101.042
101.068
101.097
101.124
101.154
101.183
101.214
101.243
101.269
101.298
101.328
101.357
101.387
101.418
101.445
101.475
101.505
101.537
101.569
101.599
101.627
101.659
101.687
101.715
101.747
101.777
101.807
101.836
101.867
101.896
101.927
101.958
101.989
102.019
102.046
102.075
102.106
102.139
102.17
102.199
102.231
102.261
102.293
102.321
102.352
102.382
102.416
102.445
102.474
102.504
102.534
102.566
102.597
102.628
102.661
102.69
102.719
102.753
102.785
102.812
102.844
102.875
102.908
102.938
102.968
102.997
103.03
103.063
103.093
103.122
103.159
103.193
103.226
103.258
103.286
103.317
103.35
103.381
103.41
103.443
103.472
103.507
103.535
103.568
103.603
103.632
103.663
103.698
103.725
103.755
103.789
103.817
103.849
103.877
103.908
103.94
103.974
104.008
104.038
104.068
104.098
104.127
104.157
104.189
104.22
104.252
104.282
104.318
104.351
104.387
104.422
104.454
104.485
104.516
104.547
104.585
104.619
104.652
104.685
104.721
104.753
104.78
104.814
104.848
104.879
104.914
104.945
104.979
105.016
105.052
105.082
105.112
105.142
105.177
105.206
105.238
105.271
105.304
105.334
105.366
105.398
105.428
105.46
105.489
105.526
105.56
105.593
105.624
105.656
105.688
105.722
105.756
105.79
105.825
105.856
105.886
105.92
105.951
105.983
106.016
106.05
106.08
106.113
106.144
106.173
106.208
106.239
106.274
106.31
106.338
106.369
106.402
106.435
106.471
106.501
106.534
106.566
106.6
106.633
106.671
106.703
106.736
106.771
106.804
106.837
106.867
106.899
106.93
106.96
106.994
107.024
107.057
107.09
107.12
107.151
107.182
107.217
107.254
107.289
107.318
107.351
107.385
107.416
107.448
107.476
107.506
107.538
107.569
107.605
107.637
107.665
107.693
107.724
107.754
107.785
107.815
107.849
107.88
107.912
107.946
107.977
108.011
108.043
108.074
108.109
108.138
108.173
108.205
108.234
108.272
108.302
108.328
108.361
108.394
108.423
108.454
108.486
108.516
108.545
108.579
108.607
108.637
108.666
108.695
108.726
108.756
108.784
108.816
108.845
108.876
108.907
108.936
108.965
108.994
109.027
109.057
109.088
109.121
109.149
109.18
109.207
109.233
109.261
109.292
109.321
109.35
109.377
109.408
109.439
109.469
109.497
109.526
109.558
109.586
109.617
109.648
109.676
109.706
109.731
109.761
109.788
109.819
109.846
109.877
109.907
109.941
109.968
109.998
110.028
110.055
110.082
110.11
110.138
110.164
110.193
110.221
110.249
110.278
110.306
110.333
110.362
110.39
110.418
110.446
110.472
110.501
110.53
110.559
110.587
110.616
110.641
110.667
110.694
110.718
110.745
110.772
110.801
110.828
110.856
110.881
110.908
110.936
110.959
110.986
111.012
111.039
111.067
111.096
111.122
111.151
111.179
111.205
111.23
111.257
111.285
111.312
111.339
111.367
111.395
111.42
111.445
111.47
111.496
111.522
111.547
111.572
111.602
111.626
111.652
111.676
111.702
111.728
111.754
111.778
111.8
111.826
111.849
111.875
111.902
111.929
111.954
111.978
112.005
112.032
112.058
112.081
112.108
112.132
112.157
112.183
112.208
112.236
112.264
112.289
112.313
112.337
112.364
112.39
112.414
112.44
112.463
112.487
112.511
112.536
112.562
112.585
112.609
112.633
112.658
112.681
112.706
112.731
112.758
112.783
112.804
112.83
112.855
112.879
112.904
112.927
112.95
112.975
112.998
113.024
113.044
113.067
113.09
113.113
113.139
113.164
113.188
113.209
113.234
113.256
113.281
113.303
113.328
113.355
113.379
113.403
113.426
113.447
113.469
113.493
113.517
113.54
113.563
113.587
113.607
113.631
113.654
113.678
113.701
113.726
113.75
113.774
113.794
113.816
113.839
113.861
113.884
113.906
113.93
113.952
113.979
114.001
114.024
114.046
114.067
114.09
114.115
114.137
114.159
114.183
114.207
114.23
114.253
114.275
114.296
114.32
114.343
114.365
114.388
114.409
114.433
114.455
114.476
114.499
114.524
114.547
114.569
114.591
114.613
114.636
114.661
114.685
114.707
114.728
114.751
114.775
114.797
114.82
114.842
114.865
114.888
114.911
114.933
114.956
114.977
114.998
115.019
115.038
115.061
115.085
115.105
115.126
115.149
115.171
115.194
115.216
115.237
115.258
115.282
115.304
115.326
115.347
115.367
115.39
115.416
115.437
115.457
115.479
115.501
115.523
115.546
115.568
115.589
115.611
115.633
115.653
115.673
115.695
115.717
115.741
115.761
115.782
115.807
115.827
115.85
115.873
115.898
115.918
115.942
115.964
115.984
116.007
116.028
116.048
116.067
116.09
116.113
116.133
116.156
116.176
116.198
116.217
116.24
116.262
116.283
116.306
116.329
116.352
116.375
116.397
116.419
116.44
116.462
116.486
116.507
116.53
116.55
116.573
116.597
116.623
116.644
116.666
116.688
116.712
116.733
116.757
116.779
116.802
116.825
116.847
116.871
116.893
116.916
116.94
116.963
116.987
117.01
117.03
117.053
117.076
117.098
117.121
117.145
117.169
117.192
117.214
117.237
117.259
117.281
117.303
117.324
117.345
117.368
117.389
117.412
117.434
117.458
117.48
117.5
117.525
117.547
117.572
117.596
117.618
117.639
117.661
117.687
117.707
117.73
117.75
117.772
117.794
117.816
117.836
117.857
117.878
117.9
117.921
117.946
117.967
117.991
118.012
118.033
118.057
118.08
118.102
118.122
118.144
118.168
118.191
118.211
118.232
118.253
118.275
118.296
118.318
118.342
118.366
118.388
118.409
118.432
118.453
118.475
118.499
118.522
118.546
118.57
118.592
118.613
118.635
118.659
118.682
118.706
118.729
118.753
118.776
118.801
118.822
118.845
118.867
118.889
118.912
118.934
118.957
118.981
119.003
119.029
119.052
119.074
119.097
119.119
119.139
119.161
119.185
119.207
119.23
119.253
119.275
119.3
119.32
119.343
119.364
119.388
119.409
119.43
119.454
119.477
119.499
119.524
119.547
119.569
119.59
119.614
119.637
119.661
119.684
119.707
119.73
119.753
119.775
119.799
119.824
119.845
119.865
119.886
119.907
119.931
119.953
119.975
119.998
120.02
120.045
120.066
120.089
120.11
120.132
120.155
120.181
120.203
120.228
120.251
120.272
120.294
120.315
120.337
120.36
120.382
120.404
120.428
120.45
120.472
120.495
120.516
120.539
120.561
120.585
120.604
120.629
120.651
120.671
120.693
120.715
120.738
120.758
120.779
120.802
120.825
120.85
120.87
120.894
120.917
120.937
120.959
120.98
121.003
121.022
121.047
121.072
121.099
121.122
121.145
121.167
121.189
121.213
121.237
121.259
121.279
121.304
121.324
121.35
121.373
121.395
121.417
121.44
121.459
121.481
121.502
121.525
121.545
121.569
121.59
121.612
121.634
121.658
121.681
121.702
121.725
121.748
121.77
121.792
121.811
121.832
121.854
121.879
121.901
121.923
121.945
121.967
121.989
122.009
122.032
122.052
122.076
122.098
122.12
122.142
122.164
122.186
122.209
122.234
122.255
122.278
122.302
122.323
122.344
122.365
122.387
122.408
122.43
122.451
122.473
122.495
122.517
122.539
122.563
122.587
122.608
122.627
122.647
122.668
122.689
122.71
122.73
122.75
122.772
122.795
122.816
122.838
122.86
122.88
122.9
122.92
122.941
122.965
122.986
123.005
123.025
123.045
123.067
123.088
123.111
123.131
123.154
123.178
123.198
123.22
123.24
123.259
123.279
123.299
123.322
123.343
123.365
123.385
123.407
123.43
123.452
123.476
123.498
123.521
123.541
123.562
123.583
123.606
123.627
123.649
123.669
123.69
123.709
123.727
123.75
123.772
123.793
123.812
123.835
123.855
123.876
123.896
123.915
123.933
123.951
123.97
123.99
124.01
124.03
124.053
124.072
124.093
124.113
124.131
124.151
124.171
124.192
124.212
124.232
124.253
124.274
124.294
124.313
124.333
124.351
124.369
124.388
124.409
124.427
124.446
124.467
124.488
124.507
124.529
124.547
124.567
124.586
124.603
124.625
124.645
124.666
124.683
124.702
124.72
124.739
124.759
124.779
124.799
124.821
124.84
124.858
124.876
124.895
124.914
124.934
124.954
124.972
124.99
125.009
125.029
125.048
125.067
125.089
125.107
125.127
125.144
125.164
125.184
125.204
125.222
125.241
125.26
125.28
125.296
125.315
125.333
125.351
125.367
125.386
125.405
125.426
125.447
125.466
125.485
125.503
125.52
125.541
125.561
125.58
125.601
125.619
125.638
125.656
125.674
125.692
125.711
125.728
125.746
125.763
125.78
125.799
125.816
125.833
125.85
125.87
125.888
125.907
125.927
125.945
125.962
125.98
126
126.019
126.035
126.053
126.073
126.093
126.11
126.127
126.146
126.165
126.182
126.201
126.221
126.237
126.255
126.276
126.294
126.31
126.327
126.345
126.362
126.379
126.397
126.415
126.432
126.449
126.467
126.485
126.502
126.519
126.538
126.557
126.575
126.591
126.608
126.626
126.645
126.663
126.68
126.695
126.712
126.73
126.746
126.765
126.783
126.8
126.818
126.834
126.851
126.868
126.887
126.905
126.921
126.939
126.957
126.974
126.991
127.007
127.024
127.042
127.06
127.076
127.092
127.11
127.126
127.144
127.163
127.18
127.195
127.213
127.23
127.247
127.262
127.278
127.294
127.31
127.327
127.344
127.361
127.376
127.391
127.407
127.423
127.439
127.455
127.471
127.489
127.508
127.526
127.544
127.561
127.578
127.593
127.611
127.628
127.646
127.662
127.681
127.697
127.716
127.733
127.746
127.764
127.78
127.798
127.814
127.831
127.847
127.864
127.877
127.892
127.911
127.927
127.944
127.961
127.978
127.994
128.011
128.027
128.041
128.059
128.074
128.09
128.106
128.122
128.139
128.155
128.171
128.188
128.204
128.22
128.235
128.255
128.271
128.288
128.302
128.318
128.333
128.35
128.367
128.383
128.398
128.415
128.431
128.444
128.459
128.475
128.493
128.51
128.526
128.542
128.557
128.573
128.591
128.607
128.622
128.637
128.652
128.668
128.684
128.699
128.716
128.732
128.747
128.762
128.78
128.795
128.812
128.826
128.843
128.859
128.875
128.889
128.904
128.918
128.934
128.951
128.968
128.983
128.999
129.015
129.031
129.047
129.065
129.079
129.094
129.109
129.125
129.14
129.154
129.169
129.185
129.202
129.217
129.234
129.251
129.266
129.28
129.296
129.312
129.327
129.342
129.357
129.373
129.388
129.403
129.42
129.437
129.453
129.467
129.484
129.499
129.515
129.531
129.545
129.561
129.578
129.592
129.607
129.624
129.639
129.655
129.672
129.686
129.702
129.719
129.734
129.75
129.767
129.783
129.799
129.815
129.83
129.847
129.863
129.879
129.895
129.91
129.925
129.94
129.954
129.97
129.989
130.005
130.02
130.036
130.051
130.067
130.084
130.1
130.115
130.132
130.149
130.165
130.18
130.194
130.211
130.225
130.241
130.256
130.271
130.286
130.302
130.318
130.332
130.348
130.364
130.379
130.393
130.408
130.425
130.44
130.457
130.473
130.489
130.504
130.519
130.531
130.548
130.563
130.578
130.593
130.609
130.624
130.639
130.653
130.667
130.681
130.695
130.709
130.724
130.74
130.754
130.769
130.785
130.801
130.816
130.831
130.846
130.861
130.876
130.891
130.906
130.921
130.935
130.949
130.964
130.98
130.995
131.01
131.025
131.041
131.055
131.072
131.087
131.101
131.115
131.128
131.141
131.157
131.171
131.185
131.199
131.214
131.23
131.245
131.258
131.273
131.288
131.303
131.317
131.332
131.346
131.362
131.377
131.392
131.407
131.419
131.436
131.45
131.464
131.478
131.494
131.509
131.525
131.54
131.554
131.569
131.582
131.598
131.612
131.626
131.64
131.655
131.672
131.686
131.702
131.717
131.732
131.746
131.759
131.774
131.791
131.804
131.818
131.83
131.845
131.861
131.875
131.888
131.901
131.916
131.93
131.945
131.96
131.975
131.988
132
132.015
132.029
132.043
132.058
132.07
132.085
132.099
132.111
132.125
132.14
132.154
132.169
132.184
132.198
132.213
132.227
132.241
132.255
132.269
132.283
132.296
132.311
132.326
132.341
132.355
132.369
132.384
132.399
132.412
132.426
132.439
132.452
132.464
132.48
132.495
132.509
132.523
132.536
132.55
132.563
132.576
132.592
132.606
132.619
132.632
132.647
132.661
132.676
132.69
132.705
132.719
132.734
132.747
132.762
132.777
132.79
132.806
132.818
132.832
132.846
132.862
132.879
132.893
132.907
132.922
132.936
132.95
132.965
132.979
132.992
133.007
133.022
133.036
133.05
133.064
133.078
133.092
133.105
133.12
133.136
133.151
133.165
133.179
133.194
133.208
133.221
133.234
133.248
133.262
133.277
133.29
133.306
133.32
133.333
133.347
133.36
133.374
133.388
133.401
133.415
133.43
133.443
133.457
133.471
133.483
133.496
133.51
133.523
133.537
133.55
133.566
133.579
133.592
133.605
133.618
133.632
133.646
133.66
133.675
133.688
133.703
133.716
133.73
133.742
133.757
133.772
133.785
133.799
133.814
133.828
133.84
133.852
133.866
133.878
133.891
133.904
133.918
133.932
133.947
133.961
133.975
133.989
134.003
134.015
134.03
134.045
134.06
134.073
134.087
134.099
134.112
134.125
134.14
134.153
134.166
134.179
134.194
134.207
134.221
134.234
134.249
134.264
134.277
134.29
134.303
134.317
134.331
134.344
134.358
134.372
134.385
134.397
134.41
134.424
134.436
134.448
134.46
134.473
134.487
134.5
134.513
134.526
134.539
134.553
134.566
134.58
134.593
134.608
134.62
134.632
134.648
134.662
134.675
134.689
134.702
134.716
134.73
134.744
134.758
134.771
134.783
134.796
134.809
134.823
134.835
134.849
134.862
134.875
134.889
134.9
134.913
134.926
134.94
134.954
134.967
134.981
134.995
135.007
135.02
135.033
135.047
135.059
135.075
135.089
135.103
135.116
135.128
135.142
135.154
135.168
135.181
135.194
135.207
135.219
135.233
135.247
135.26
135.273
135.287
135.301
135.313
135.326
135.342
135.355
135.367
135.38
135.393
135.408
135.42
135.432
135.445
135.459
135.471
135.484
135.499
135.513
135.526
135.54
135.553
135.566
135.58
135.592
135.606
135.618
135.632
135.645
135.659
135.671
135.683
135.696
135.709
135.722
135.735
135.748
135.76
135.773
135.787
135.798
135.811
135.825
135.838
135.851
135.864
135.878
135.89
135.904
135.917
135.93
135.944
135.957
135.971
135.986
136
136.014
136.027
136.04
136.053
136.065
136.077
136.091
136.104
136.116
136.129
136.142
136.154
136.166
136.18
136.193
136.206
136.219
136.233
136.245
136.257
136.27
136.282
136.296
136.308
136.321
136.335
136.347
136.359
136.372
136.386
136.398
136.412
136.424
136.437
136.45
136.463
136.476
136.49
136.502
136.515
136.528
136.541
136.555
136.569
136.581
136.593
136.606
136.62
136.634
136.647
136.66
136.671
136.685
136.699
136.712
136.725
136.736
136.75
136.762
136.775
136.788
136.801
136.813
136.826
136.839
136.851
136.863
136.875
136.887
136.903
136.915
136.928
136.941
136.954
136.966
136.978
136.99
137.003
137.016
137.03
137.043
137.054
137.066
137.078
137.09
137.102
137.116
137.129
137.141
137.154
137.167
137.179
137.192
137.204
137.217
137.228
137.241
137.253
137.265
137.278
137.289
137.302
137.315
137.328
137.342
137.354
137.367
137.38
137.393
137.406
137.418
137.43
137.442
137.454
137.466
137.479
137.492
137.506
137.518
137.531
137.545
137.559
137.572
137.584
137.596
137.609
137.622
137.634
137.646
137.659
137.673
137.686
137.698
137.709
137.721
137.734
137.747
137.759
137.771
137.785
137.796
137.808
137.82
137.834
137.846
137.859
137.872
137.884
137.897
137.909
137.922
137.935
137.946
137.957
137.97
137.983
137.994
138.006
138.018
138.03
138.043
138.055
138.068
138.083
138.095
138.108
138.122
138.133
138.145
138.158
138.17
138.184
138.198
138.209
138.221
138.232
138.245
138.257
138.27
138.281
138.294
138.306
138.317
138.329
138.341
138.354
138.365
138.378
138.39
138.403
138.415
138.428
138.44
138.454
138.466
138.479
138.491
138.504
138.515
138.527
138.538
138.552
138.564
138.576
138.587
138.6
138.613
138.627
138.639
138.652
138.664
138.677
138.69
138.702
138.713
138.726
138.74
138.752
138.764
138.777
138.789
138.802
138.814
138.827
138.839
138.851
138.863
138.874
138.887
138.9
138.913
138.926
138.938
138.949
138.962
138.975
138.987
139
139.011
139.024
139.036
139.049
139.061
139.074
139.085
139.098
139.111
139.123
139.135
139.148
139.16
139.173
139.185
139.197
139.21
139.222
139.235
139.246
139.257
139.27
139.282
139.295
139.307
139.319
139.33
139.344
139.357
139.368
139.381
139.392
139.403
139.415
139.427
139.44
139.452
139.463
139.476
139.488
139.502
139.515
139.529
139.542
139.554
139.568
139.581
139.594
139.605
139.617
139.629
139.641
139.653
139.667
139.679
139.691
139.704
139.717
139.729
139.742
139.755
139.768
139.779
139.792
139.804
139.816
139.829
139.842
139.856
139.869
139.88
139.892
139.906
139.918
139.929
139.94
139.952
139.964
139.976
139.989
140.001
140.014
140.026
140.038
140.05
140.062
140.073
140.087
140.099
140.112
140.125
140.138
140.151
140.164
140.177
140.19
140.201
140.213
140.226
140.238
140.25
140.262
140.274
140.286
140.299
140.311
140.323
140.335
140.348
140.361
140.373
140.385
140.398
140.411
140.424
140.436
140.448
140.461
140.474
140.487
140.501
140.513
140.524
140.535
140.549
140.562
140.574
140.586
140.598
140.611
140.624
140.637
140.65
140.663
140.675
140.687
140.699
140.712
140.725
140.74
140.752
140.764
140.776
140.789
140.801
140.814
140.828
140.84
140.851
140.864
140.875
140.886
140.899
140.911
140.923
140.936
140.947
140.96
140.973
140.984
140.995
141.007
141.019
141.032
141.044
141.056
141.068
141.081
141.093
141.105
141.117
141.13
141.141
141.153
141.167
141.179
141.191
141.204
141.215
141.228
141.24
141.253
141.266
141.278
141.29
141.301
141.312
141.324
141.336
141.348
141.359
141.372
141.384
141.396
141.407
141.419
141.431
141.444
141.457
141.469
141.48
141.492
141.505
141.518
141.531
141.543
141.556
141.567
141.579
141.592
141.604
141.616
141.629
141.642
141.654
141.667
141.679
141.691
141.703
141.714
141.727
141.738
141.751
141.762
141.774
141.786
141.799
141.811
141.825
141.838
141.85
141.863
141.878
141.891
141.903
141.915
141.927
141.94
141.952
141.964
141.977
141.991
142.003
142.016
142.029
142.041
142.054
142.067
142.079
142.091
142.103
142.116
142.128
142.14
142.152
142.165
142.179
142.193
142.206
142.218
142.23
142.242
142.256
142.269
142.282
142.295
142.308
142.321
142.334
142.346
142.358
142.371
142.383
142.396
142.408
142.422
142.436
142.448
142.461
142.475
142.488
142.5
142.513
142.526
142.538
142.551
142.564
142.577
142.59
142.602
142.616
142.628
142.64
142.652
142.664
142.677
142.689
142.702
142.716
142.728
142.74
142.753
142.766
142.779
142.792
142.804
142.818
142.829
142.842
142.855
142.868
142.88
142.894
142.906
142.918
142.931
142.943
142.956
142.969
142.982
142.995
143.008
143.022
143.034
143.048
143.061
143.073
143.085
143.098
143.111
143.125
143.138
143.151
143.163
143.177
143.191
143.204
143.217
143.23
143.243
143.255
143.266
143.278
143.291
143.303
143.316
143.329
143.342
143.354
143.368
143.38
143.393
143.405
143.419
143.432
143.445
143.459
143.472
143.484
143.497
143.509
143.522
143.534
143.546
143.558
143.571
143.582
143.594
143.607
143.62
143.632
143.644
143.656
143.67
143.684
143.697
143.71
143.722
143.733
143.746
143.76
143.771
143.783
143.797
143.81
143.823
143.837
143.85
143.862
143.876
143.888
143.901
143.913
143.927
143.94
143.953
143.965
143.977
143.991
144.004
144.015
144.027
144.04
144.052
144.064
144.076
144.088
144.1
144.113
144.126
144.14
144.153
144.167
144.181
144.195
144.207
144.221
144.233
144.249
144.262
144.275
144.287
144.3
144.313
144.327
144.341
144.353
144.366
144.378
144.392
144.405
144.417
144.429
144.442
144.454
144.466
144.479
144.491
144.504
144.517
144.531
144.543
144.556
144.569
144.582
144.597
144.608
144.621
144.634
144.647
144.662
144.674
144.686
144.701
144.712
144.726
144.739
144.749
144.761
144.775
144.789
144.801
144.814
144.828
144.843
144.855
144.869
144.881
144.895
144.908
144.921
144.935
144.947
144.959
144.971
144.984
144.996
145.008
145.019
145.033
145.045
145.06
145.074
145.087
145.1
145.113
145.126
145.14
145.153
145.164
145.178
145.191
145.205
145.219
145.231
145.244
145.259
145.271
145.284
145.296
145.308
145.322
145.336
145.348
145.36
145.373
145.387
145.4
145.413
145.426
145.438
145.451
145.464
145.478
145.493
145.506
145.518
145.531
145.544
145.557
145.571
145.584
145.596
145.61
145.624
145.639
145.653
145.667
145.683
145.696
145.708
145.721
145.734
145.748
145.76
145.773
145.785
145.797
145.811
145.825
145.837
145.85
145.863
145.876
145.89
145.904
145.916
145.931
145.943
145.958
145.971
145.984
145.997
146.011
146.025
146.038
146.052
146.063
146.076
146.091
146.104
146.117
146.129
146.142
146.154
146.165
146.178
146.191
146.204
146.217
146.23
146.243
146.255
146.269
146.282
146.296
146.309
146.321
146.335
146.347
146.36
146.373
146.386
146.4
146.412
146.425
146.439
146.452
146.465
146.477
146.49
146.502
146.516
146.53
146.543
146.556
146.568
146.582
146.596
146.609
146.623
146.636
146.65
146.664
146.676
146.688
146.7
146.713
146.726
146.74
146.754
146.766
146.778
146.791
146.804
146.817
146.831
146.844
146.857
146.87
146.884
146.897
146.909
146.923
146.936
146.948
146.96
146.974
146.987
147
147.013
147.027
147.04
147.053
147.065
147.079
147.092
147.106
147.117
147.13
147.143
147.157
147.17
147.183
147.197
147.21
147.223
147.237
147.25
147.263
147.277
147.289
147.304
147.319
147.332
147.344
147.359
147.372
147.384
147.397
147.411
147.425
147.438
147.452
147.465
147.479
147.493
147.505
147.518
147.534
147.546
147.56
147.572
147.586
147.598
147.61
147.624
147.638
147.65
147.662
147.676
147.688
147.701
147.714
147.728
147.741
147.753
147.767
147.78
147.794
147.806
147.82
147.835
147.847
147.862
147.874
147.887
147.9
147.915
147.927
147.941
147.953
147.966
147.979
147.992
148.006
148.019
148.031
148.045
148.058
148.07
148.084
148.098
148.112
148.125
148.136
148.149
148.163
148.177
148.19
148.202
148.214
148.227
148.241
148.254
148.267
148.28
148.292
148.306
148.319
148.331
148.344
148.357
148.37
148.384
148.397
148.41
148.424
148.437
148.45
148.462
148.477
148.49
148.503
148.515
148.529
148.542
148.555
148.568
148.58
148.593
148.606
148.619
148.632
148.644
148.657
148.669
148.682
148.696
148.708
148.723
148.736
148.748
148.762
148.774
148.788
148.801
148.814
148.826
148.839
148.854
148.867
148.879
148.893
148.907
148.92
148.933
148.945
148.959
148.971
148.985
148.998
149.011
149.024
149.037
149.051
149.065
149.077
149.091
149.104
149.116
149.129
149.144
149.158
149.171
149.184
149.197
149.212
149.225
149.239
149.251
149.264
149.278
149.292
149.306
149.319
149.332
149.346
