2
2.5
2.83333
3.08333
3.28333
4.11667
4.25952
4.56905
4.90238
6.62177
8.16061
9.96051
11.6671
12.1409
13.4721
14.5121
15.3333
16.0708
16.6383
17.1848
17.6444
17.9949
18.3363
18.6667
18.9647
19.2323
19.4895
19.7329
19.9811
20.225
20.449
20.6591
20.8808
21.0826
21.2707
21.4622
21.6397
21.8193
21.9661
22.1276
22.2738
22.4275
22.5901
22.753
22.9108
23.053
23.1984
23.3341
23.4565
23.5804
23.6914
23.811
23.9298
24.045
24.1594
24.2714
24.3853
24.4812
24.5849
24.6893
24.7888
24.8843
24.9929
25.0907
25.1808
25.2687
25.3552
25.4517
25.5425
25.6291
25.7069
25.7921
25.8858
25.9693
26.0439
26.1279
26.2003
26.2818
26.3546
26.4276
26.4924
26.5648
26.6434
26.7167
26.7893
26.8613
26.9287
26.9904
27.0632
27.1259
27.1887
27.2594
27.3258
27.3916
27.4576
27.5138
27.574
27.639
27.7001
27.7625
27.8128
27.8685
27.9218
27.9784
28.0261
28.0828
28.136
28.1932
28.2411
28.2928
28.3482
28.4034
28.4582
28.5065
28.5541
28.6064
28.6516
28.7002
28.7501
28.7993
28.848
28.902
28.9508
28.9983
29.0469
29.0969
29.1407
29.184
29.2297
29.2708
29.3189
29.3656
29.4106
29.4536
29.4929
29.536
29.5742
29.6196
29.6594
29.7038
29.7441
29.7924
29.8317
29.8728
29.9158
29.9558
29.9958
30.0346
30.0729
30.1117
30.1536
30.1918
30.23
30.2669
30.3086
30.3513
30.3903
30.4322
30.472
30.5098
30.5458
30.5795
30.6151
30.6498
30.692
30.7269
30.7651
30.8012
30.8401
30.8766
30.9119
30.9485
30.9814
31.017
31.0525
31.0867
31.1217
31.1588
31.1899
31.2253
31.259
31.2913
31.3282
31.3605
31.3905
31.4208
31.4481
31.4812
31.5106
31.5401
31.569
31.5978
31.635
31.6674
31.694
31.7247
31.7559
31.7835
31.8124
31.8411
31.8713
31.9029
31.932
31.9627
31.9918
32.0217
32.0511
32.0827
32.1127
32.1448
32.171
32.198
32.2263
32.2529
32.281
32.3083
32.3338
32.3642
32.3918
32.419
32.4484
32.4773
32.5022
32.5303
32.5548
32.5828
32.6091
32.6357
32.6611
32.6878
32.7139
32.7388
32.7633
32.7863
32.8107
32.8358
32.8608
32.8869
32.9117
32.9363
32.9618
32.9845
33.0114
33.0373
33.0631
33.0844
33.1114
33.1381
33.1645
33.1881
33.2135
33.2379
33.2597
33.2845
33.3092
33.3323
33.3537
33.3782
33.4028
33.424
33.4455
33.4707
33.493
33.514
33.5384
33.5614
33.5835
33.6066
33.627
33.6491
33.6714
33.6916
33.7126
33.7307
33.7515
33.775
33.7977
33.8186
33.8396
33.8612
33.8822
33.9017
33.923
33.9413
33.9611
33.9794
33.9998
34.0189
34.0416
34.0624
34.081
34.1019
34.1213
34.1413
34.161
34.1795
34.1985
34.2173
34.2381
34.2589
34.2784
34.299
34.3183
34.3364
34.3563
34.3746
34.3937
34.4115
34.4318
34.4514
34.4687
34.4886
34.5089
34.5285
34.5462
34.5653
34.5836
34.6044
34.6242
34.6423
34.6632
34.6811
34.7007
34.7189
34.738
34.7569
34.7778
34.7942
34.8145
34.8332
34.8519
34.8688
34.8859
34.9023
34.9219
34.9405
34.9586
34.9759
34.9937
35.0127
35.0291
35.0453
35.0624
35.0787
35.0964
35.1136
35.1303
35.1485
35.1642
35.1813
35.1994
35.2146
35.2305
35.2477
35.2628
35.2784
35.2946
35.3105
35.3271
35.3435
35.3614
35.3765
35.3919
35.409
35.427
35.442
35.4585
35.4747
35.4923
35.5096
35.5255
35.5425
35.5568
35.5715
35.5881
35.6039
35.6198
35.6338
35.6516
35.6682
35.684
35.6982
35.7128
35.7263
35.7427
35.7575
35.7722
35.7874
35.8009
35.8158
35.8316
35.8465
35.863
35.8788
35.8943
35.9102
35.9256
35.9426
35.9567
35.9702
35.9841
35.9991
36.0157
36.0307
36.0434
36.0586
36.0733
36.0886
36.1046
36.1202
36.1338
36.1477
36.1638
36.1777
36.1908
36.2053
36.2191
36.2343
36.2481
36.2613
36.2769
36.2904
36.3046
36.32
36.3341
36.3463
36.3607
36.3735
36.3861
36.4025
36.4168
36.4305
36.4446
36.4574
36.4701
36.4821
36.4941
36.5058
36.5197
36.5342
36.5471
36.5605
36.5726
36.5845
36.5975
36.6106
36.6246
36.6374
36.652
36.6649
36.6786
36.6914
36.7042
36.7167
36.7281
36.7411
36.7554
36.7694
36.7829
36.7954
36.807
36.8201
36.8341
36.8466
36.8576
36.8694
36.8825
36.8968
36.9098
36.922
36.9368
36.9489
36.9607
36.9725
36.9856
36.9978
37.0096
37.021
37.0338
37.046
37.0591
37.0707
37.0815
37.0934
37.1067
37.1177
37.1289
37.1403
37.151
37.1626
37.1747
37.1869
37.1974
37.2089
37.2207
37.2319
37.2422
37.2546
37.2664
37.2779
37.2897
37.3024
37.3128
37.3256
37.337
37.3485
37.3603
37.3713
37.3821
37.3951
37.406
37.4174
37.4293
37.4403
37.4517
37.463
37.4747
37.486
37.4968
37.5075
37.5188
37.5304
37.5408
37.5521
37.5638
37.5735
37.5861
37.5971
37.6097
37.6215
37.6321
37.6433
37.6546
37.6671
37.6767
37.6883
37.6988
37.7103
37.7226
37.7319
37.7428
37.7544
37.7647
37.7737
37.7841
37.7935
37.804
37.8146
37.8252
37.8361
37.8474
37.858
37.8671
37.8781
37.8889
37.8995
37.9092
37.919
37.9283
37.9387
37.9509
37.9619
37.9735
37.9835
37.9941
38.0057
38.0154
38.0254
38.036
38.0468
38.056
38.0654
38.0758
38.0866
38.0978
38.1087
38.1193
38.1304
38.1421
38.1523
38.163
38.1744
38.1837
38.1944
38.2047
38.2147
38.2246
38.2332
38.2429
38.2524
38.2614
38.2711
38.281
38.2907
38.3018
38.3134
38.3244
38.3339
38.3448
38.3542
38.364
38.3746
38.3838
38.393
38.4021
38.4114
38.4207
38.4305
38.4404
38.4514
38.4621
38.4714
38.4804
38.4899
38.4991
38.5091
38.5182
38.527
38.5357
38.5454
38.5555
38.5643
38.5753
38.5843
38.5942
38.6014
38.6105
38.6194
38.6281
38.6376
38.6459
38.6553
38.6643
38.673
38.6822
38.6918
38.7013
38.7105
38.721
38.7294
38.7373
38.7456
38.7541
38.7624
38.7704
38.7792
38.7874
38.7967
38.806
38.8157
38.8251
38.8346
38.8443
38.8533
38.8616
38.8711
38.8801
38.8888
38.8977
38.9066
38.9156
38.924
38.9329
38.9424
38.9504
38.9593
38.9678
38.9765
38.9853
38.9932
39.0022
39.0103
39.0186
39.0269
39.0351
39.0432
39.0523
39.0614
39.0698
39.0791
39.0877
39.0965
39.1047
39.1135
39.1223
39.1313
39.1399
39.1479
39.1551
39.1638
39.1728
39.1816
39.1906
39.1993
39.208
39.2166
39.2258
39.2341
39.2421
39.2509
39.2587
39.2665
39.2762
39.2848
39.2927
39.3003
39.3081
39.3161
39.3258
39.3337
39.3417
39.3491
39.358
39.3666
39.3746
39.3824
39.3905
39.398
39.405
39.4138
39.4225
39.4306
39.4393
39.447
39.4548
39.4627
39.4713
39.4788
39.487
39.4958
39.5034
39.5111
39.5186
39.5263
39.5342
39.5421
39.5503
39.5586
39.5667
39.5742
39.5823
39.5901
39.5983
39.6066
39.6138
39.6215
39.6286
39.6358
39.6443
39.6527
39.661
39.6687
39.6772
39.6857
39.6949
39.7026
39.7107
39.718
39.7261
39.7336
39.7416
39.7493
39.7573
39.7652
39.7725
39.7802
39.7887
39.7964
39.8038
39.8118
39.8194
39.8278
39.8357
39.8428
39.85
39.8579
39.8655
39.8728
39.8808
39.8889
39.8962
39.9042
39.9119
39.9207
39.9288
39.9368
39.9438
39.9523
39.9598
39.968
39.9753
39.9832
39.9903
39.9975
40.0052
40.0126
40.0207
40.0283
40.0358
40.0423
40.0495
40.0567
40.063
40.0704
40.0774
40.0849
40.0918
40.0997
40.1077
40.1145
40.1224
40.1297
40.1364
40.1439
40.152
40.1598
40.1674
40.1741
40.1811
40.189
40.1961
40.2028
40.2096
40.217
40.2246
40.231
40.2386
40.2456
40.253
40.26
40.2669
40.2729
40.2803
40.2875
40.2961
40.3036
40.3101
40.3173
40.3235
40.3314
40.3384
40.3461
40.3533
40.3603
40.3671
40.3744
40.3813
40.3879
40.3945
40.4014
40.409
40.4165
40.4235
40.4313
40.4376
40.4447
40.4517
40.4581
40.4642
40.4723
40.4792
40.4857
40.493
40.5003
40.5068
40.5133
40.5203
40.5281
40.5347
40.5414
40.5494
40.5564
40.5638
40.5709
40.5783
40.585
40.5914
40.5991
40.606
40.6124
40.6189
40.6263
40.6333
40.6403
40.6472
40.6542
40.6604
40.6679
40.6746
40.6813
40.688
40.6946
40.7016
40.7088
40.7163
40.7232
40.7292
40.7362
40.743
40.7506
40.7573
40.7639
40.7706
40.7773
40.7835
40.7903
40.7973
40.8044
40.8113
40.8174
40.8241
40.8309
40.8382
40.8442
40.8516
40.8581
40.8648
40.871
40.8775
40.8837
40.8909
40.8976
40.9043
40.9106
40.9175
40.9243
40.9314
40.9388
40.946
40.953
40.9601
40.9667
40.9727
40.9789
40.9862
40.9918
40.9997
41.0061
41.0132
41.02
41.0273
41.0345
41.042
41.0486
41.0557
41.0617
41.0676
41.0741
41.0805
41.0865
41.0925
41.0994
41.1054
41.1125
41.1191
41.125
41.1313
41.1375
41.144
41.1503
41.157
41.1643
41.1713
41.1784
41.1839
41.1903
41.1962
41.2034
41.2108
41.2166
41.2237
41.2306
41.2373
41.2432
41.2496
41.2553
41.2619
41.2679
41.2745
41.2808
41.2869
41.2929
41.2998
41.3065
41.3129
41.3192
41.3256
41.3323
41.3389
41.3456
41.352
41.3576
41.3647
41.371
41.3777
41.3836
41.3899
41.3971
41.4028
41.4087
41.4142
41.4205
41.4267
41.4332
41.4396
41.4463
41.4527
41.4591
41.4656
41.4724
41.4787
41.4848
41.4914
41.4978
41.5038
41.5102
41.5169
41.5233
41.5291
41.5356
41.541
41.547
41.5539
41.5596
41.5665
41.5726
41.579
41.5849
41.5918
41.5983
41.6045
41.6112
41.6171
41.6229
41.6285
41.6345
41.6405
41.6472
41.6538
41.6597
41.6663
41.6724
41.678
41.6843
41.6901
41.6968
41.7026
41.7086
41.7141
41.7202
41.7257
41.7318
41.7379
41.7442
41.7498
41.756
41.7623
41.7682
41.7742
41.7803
41.7859
41.7916
41.798
41.8041
41.8095
41.8153
41.8214
41.8277
41.8336
41.8399
41.8458
41.8525
41.8586
41.865
41.8706
41.877
41.8827
41.8883
41.894
41.8998
41.9062
41.9119
41.9176
41.9233
41.9294
41.9355
41.9425
41.9484
41.9546
41.961
41.9667
41.9731
41.9793
41.9855
41.9915
41.9968
42.003
42.0084
42.0141
42.02
42.0258
42.0317
42.0376
42.0437
42.05
42.0564
42.0633
42.0687
42.0751
42.081
42.0874
42.0941
42.1002
42.1069
42.1131
42.1194
42.1254
42.1314
42.1381
42.1433
42.1494
42.1548
42.1601
42.1662
42.1722
42.1789
42.1853
42.1909
42.1972
42.2031
42.2095
42.2155
42.2213
42.2282
42.2332
42.2394
42.2454
42.252
42.2575
42.2622
42.2682
42.2741
42.2796
42.2856
42.2913
42.2975
42.3033
42.3091
42.3142
42.3197
42.3253
42.3305
42.336
42.3411
42.3473
42.3529
42.3591
42.365
42.3712
42.3773
42.3829
42.389
42.395
42.4
42.405
42.4106
42.4169
42.4228
42.4288
42.4354
42.4418
42.4469
42.4522
42.4581
42.4631
42.4688
42.4747
42.4803
42.486
42.4917
42.497
42.5038
42.5088
42.5145
42.5202
42.5259
42.5323
42.539
42.5453
42.5514
42.5577
42.5628
42.5687
42.5742
42.5799
42.5846
42.5902
42.5962
42.6021
42.6073
42.6126
42.6187
42.6245
42.63
42.6364
42.6423
42.6475
42.6517
42.658
42.6629
42.6687
42.6737
42.679
42.684
42.6897
42.6957
42.7016
42.7076
42.7133
42.7192
42.7253
42.7306
42.736
42.7414
42.747
42.7526
42.758
42.7642
42.7699
42.7756
42.7807
42.7865
42.7919
42.7979
42.803
42.809
42.8142
42.8205
42.8257
42.8309
42.8363
42.8418
42.8473
42.8528
42.859
42.8649
42.8707
42.8765
42.8819
42.8871
42.8925
42.8981
42.9035
42.9089
42.9149
42.9201
42.9258
42.9313
42.9367
42.9422
42.9483
42.9541
42.9597
42.9644
42.9701
42.9758
42.9816
42.987
42.9931
42.9992
43.0054
43.0105
43.0155
43.0208
43.0264
43.032
43.038
43.0444
43.0496
43.0548
43.0609
43.0659
43.0715
43.0764
43.0817
43.0871
43.0922
43.098
43.1035
43.1086
43.114
43.1193
43.1248
43.1298
43.1349
43.1402
43.1454
43.1512
43.1558
43.1613
43.1662
43.1715
43.1767
43.1815
43.1868
43.1922
43.1977
43.2029
43.2094
43.2151
43.2201
43.2249
43.2308
43.2365
43.2422
43.2476
43.2532
43.2587
43.2644
43.2706
43.276
43.2811
43.2867
43.2923
43.2972
43.3024
43.3079
43.3132
43.3193
43.3243
43.3291
43.3352
43.3407
43.3467
43.3515
43.3568
43.362
43.367
43.3731
43.3786
43.3847
43.3896
43.3952
43.401
43.4064
43.4115
43.4171
43.4223
43.4275
43.4329
43.4386
43.444
43.4496
43.4547
43.4603
43.4649
43.4705
43.4755
43.4803
43.4855
43.4911
43.4967
43.5019
43.507
43.5127
43.5176
43.5231
43.5285
43.534
43.5397
43.5448
43.5502
43.5561
43.5613
43.5666
43.5713
43.5761
43.5818
43.5869
43.5923
43.5977
43.6026
43.608
43.6136
43.6187
43.6239
43.6286
43.634
43.6391
43.6449
43.65
43.6548
43.6602
43.6657
43.6712
43.6766
43.6823
43.6876
43.6932
43.6989
43.704
43.7085
43.7133
43.7184
43.7238
43.7289
43.7336
43.7388
43.7446
43.7491
43.7543
43.7596
43.7643
43.7698
43.7754
43.7796
43.785
43.79
43.7955
43.8007
43.8059
43.8113
43.8166
43.8223
43.8276
43.8329
43.8387
43.8443
43.8492
43.8541
43.8591
43.8643
43.8693
43.8746
43.8797
43.885
43.8908
43.896
43.9008
43.9067
43.9119
43.9175
43.9223
43.9271
43.9325
43.9375
43.9436
43.9485
43.9534
43.958
43.9635
43.9686
43.9733
43.9789
43.984
43.9893
43.9949
44.0001
44.0053
44.0102
44.0154
44.0208
44.0256
44.0311
44.0357
44.041
44.0462
44.0511
44.0561
44.0607
44.0662
44.0713
44.0763
44.0811
44.0863
44.0914
44.0965
44.1011
44.1059
44.1107
44.1163
44.1217
44.1272
44.1322
44.1375
44.142
44.1472
44.152
44.1564
44.162
44.1674
44.1725
44.1776
44.1833
44.1884
44.1936
44.1984
44.2042
44.2093
44.2149
44.2202
44.2253
44.2304
44.2358
44.2411
44.2461
44.2515
44.2563
44.2611
44.2666
44.2715
44.2768
44.282
44.2866
44.2921
44.298
44.3031
44.3089
44.3134
44.3189
44.3242
44.3289
44.3345
44.3398
44.3451
44.3499
44.3554
44.3606
44.3651
44.3704
44.3755
44.3805
44.3852
44.3905
44.3956
44.401
44.4061
44.4114
44.4172
44.4225
44.4273
44.4323
44.4372
44.4427
44.4481
44.4534
44.4588
44.4639
44.4694
44.4743
44.479
44.4842
44.4894
44.4943
44.4998
44.5047
44.5095
44.5143
44.5194
44.5244
44.5296
44.5348
44.5396
44.5449
44.5492
44.5544
44.5597
44.5654
44.5701
44.5754
44.5805
44.585
44.5899
44.5954
44.6006
44.6055
44.6113
44.6162
44.6217
44.6261
44.6308
44.6362
44.6411
44.646
44.6504
44.6556
44.6603
44.6649
44.6695
44.6749
44.6798
44.6846
44.6892
44.6939
44.6988
44.7046
44.7092
44.7141
44.7192
44.724
44.7299
44.7351
44.7408
44.746
44.7509
44.7558
44.7608
44.7657
44.7707
44.7762
44.7812
44.786
44.7911
44.7958
44.801
44.8066
44.8114
44.8166
44.8212
44.8261
44.8313
44.8366
44.8414
44.8465
44.8516
44.8564
44.8613
44.866
44.8716
44.8766
44.8816
44.886
44.8912
44.896
44.901
44.9063
44.9116
44.9166
44.9222
44.927
44.9322
44.9372
44.9418
44.9472
44.9522
44.9571
44.9618
44.9664
44.9715
44.9765
44.982
44.9869
44.9918
44.9965
45.0014
45.0061
45.0116
45.0165
45.0216
45.026
45.0309
45.0363
45.0412
45.0467
45.052
45.0566
45.0611
45.0659
45.0711
45.0767
45.0824
45.0873
45.0922
45.0969
45.1027
45.1076
45.1124
45.1179
45.1227
45.1274
45.132
45.1375
45.1422
45.1465
45.1515
45.1558
45.1605
45.1654
45.1697
45.1749
45.1797
45.1852
45.1902
45.1949
45.1997
45.2046
45.2099
45.2149
45.2198
45.2242
45.2299
45.2343
45.2392
45.2446
45.25
45.255
45.2596
45.2644
45.2695
45.274
45.2786
45.2834
45.2888
45.2935
45.2984
45.3034
45.3081
45.3127
45.3174
45.323
45.3282
45.3326
45.3376
45.3426
45.3475
45.3522
45.357
45.3631
45.368
45.3728
45.378
45.3831
45.3872
45.3919
45.3969
45.4025
45.4065
45.4116
45.4162
45.421
45.4264
45.4311
45.4358
45.4405
45.4461
45.4506
45.4555
45.4602
45.4644
45.4689
45.4737
45.4786
45.4832
45.4878
45.4925
45.4969
45.5023
45.5066
45.5111
45.5157
45.5203
45.5249
45.5297
45.5343
45.5383
45.5426
45.5471
45.5516
45.5566
45.5611
45.5656
45.5704
45.5753
45.5795
45.5839
45.5887
45.5932
45.5979
45.6027
45.6078
45.6124
45.6174
45.6221
45.6263
45.6309
45.6356
45.6405
45.6447
45.6497
45.6543
45.659
45.664
45.6688
45.6736
45.678
45.6832
45.6881
45.6928
45.6977
45.7025
45.7073
45.7127
45.7173
45.7221
45.7273
45.7323
45.7369
45.7416
45.7462
45.7506
45.755
45.7597
45.7648
45.7695
45.7746
45.7798
45.7848
45.7895
45.7945
45.7996
45.8039
45.8084
45.8133
45.8182
45.8227
45.827
45.8318
45.8366
45.8412
45.8458
45.8508
45.8557
45.8607
45.8653
45.8704
45.8754
45.8804
45.8854
45.8904
45.8955
45.8999
45.905
45.9094
45.9135
45.919
45.9234
45.9285
45.9331
45.9379
45.9425
45.9476
45.952
45.9562
45.9608
45.9653
45.9694
45.9736
45.9786
45.983
45.988
45.9923
45.997
46.0013
46.0058
46.0105
46.015
46.02
46.0252
46.0301
46.0352
46.0394
46.0441
46.0493
46.0538
46.0587
46.0637
46.0685
46.073
46.0777
46.0824
46.0868
46.092
46.0965
46.1013
46.1057
46.1108
46.1149
46.1198
46.1247
46.1294
46.134
46.1389
46.1438
46.1484
46.1536
46.1586
46.1638
46.1683
46.1729
46.1773
46.1824
46.187
46.1918
46.1962
46.201
46.2056
46.2105
46.2153
46.22
46.2248
46.2287
46.2342
46.2388
46.243
46.2477
46.2523
46.2569
46.2615
46.2659
46.2707
46.2756
46.2805
46.285
46.2895
46.2942
46.2986
46.3029
46.3078
46.3125
46.3168
46.3217
46.3258
46.3305
46.3353
46.3397
46.3439
46.3487
46.3534
46.3576
46.3625
46.3672
46.3718
46.3765
46.3818
46.3867
46.3914
46.3961
46.4009
46.406
46.4105
46.4152
46.4196
46.4242
46.4287
46.4336
46.4387
46.4436
46.4482
46.4522
46.4568
46.4613
46.4663
46.4714
46.4762
46.4811
46.486
46.4908
46.4958
46.5006
46.5051
46.51
46.5143
46.5192
46.5237
46.5287
46.5333
46.5379
46.5426
46.5465
46.5507
46.5554
46.5596
46.5636
46.5691
46.5738
46.5782
46.5829
46.5877
46.5922
46.5967
46.6008
46.6057
46.6103
46.6145
46.6188
46.6235
46.628
46.6326
46.6371
46.6414
46.6462
46.6511
46.6563
46.6605
46.6658
46.6704
46.6752
46.6804
46.6854
46.6901
46.695
46.6998
46.7047
46.7087
46.713
46.7172
46.7218
46.7261
46.7306
46.7349
46.7396
46.744
46.7491
46.7535
46.758
46.7625
46.767
46.7718
46.7763
46.7808
46.7855
46.79
46.7947
46.7996
46.8043
46.8085
46.8127
46.8177
46.8226
46.8278
46.8323
46.837
46.8414
46.8463
46.8513
46.8559
46.8605
46.8645
46.8692
46.8735
46.878
46.8823
46.8865
46.8918
46.8968
46.9011
46.9052
46.9098
46.9137
46.9183
46.923
46.9275
46.9319
46.9366
46.9412
46.9453
46.95
46.9548
46.9594
46.9635
46.9681
46.9725
46.9766
46.9813
46.9862
46.9915
46.9961
47.0007
47.0051
47.0095
47.0138
47.0182
47.0224
47.0273
47.0317
47.0359
47.0403
47.0441
47.0488
47.0533
47.0574
47.0619
47.0664
47.0707
47.0752
47.0799
47.0847
47.0892
47.0941
47.0988
47.1033
47.1076
47.1121
47.1167
47.122
47.1262
47.1307
47.1354
47.1401
47.1446
47.1495
47.1535
47.1584
47.1635
47.1682
47.1734
47.1781
47.1828
47.1875
47.192
47.197
47.2009
47.2056
47.21
47.2138
47.2184
47.2237
47.2281
47.2327
47.2374
47.2417
47.246
47.2513
47.2556
47.2601
47.2648
47.2694
47.273
47.2771
47.2817
47.2859
47.2906
47.2952
47.2994
47.3041
47.3085
47.313
47.3172
47.3218
47.3261
47.3307
47.335
47.3396
47.3439
47.3483
47.353
47.3579
47.3619
47.3664
47.3712
47.3757
47.3805
47.385
47.3889
47.3938
47.3984
47.403
47.4078
47.4127
47.4171
47.4221
47.4268
47.4313
47.4365
47.4414
47.446
47.4506
47.4546
47.4593
47.463
47.4673
47.4714
47.4765
47.4815
47.4862
47.4903
47.4948
47.4988
47.5031
47.5078
47.5126
47.5174
47.522
47.5266
47.5316
47.5359
47.5409
47.5452
47.5499
47.5541
47.5585
47.5629
47.5672
47.5716
47.5761
47.581
47.586
47.5908
47.5956
47.5995
47.6037
47.6075
47.6119
47.6159
47.6207
47.6247
47.629
47.633
47.6374
47.6415
47.6466
47.6511
47.6555
47.6594
47.6639
47.6681
47.6727
47.6772
47.6813
47.6859
47.6907
47.6956
47.7001
47.7047
47.7093
47.7143
47.7186
47.7232
47.7271
47.7316
47.7364
47.7407
47.745
47.7494
47.7534
47.7579
47.763
47.7673
47.7719
47.7762
47.7809
47.7849
47.7892
47.7936
47.7986
47.8028
47.8073
47.8117
47.8169
47.821
47.8253
47.8299
47.8344
47.839
47.8434
47.8473
47.8523
47.8573
47.8612
47.8655
47.8698
47.8742
47.8784
47.883
47.8872
47.8917
47.8959
47.9007
47.9054
47.9099
47.9144
47.9186
47.9233
47.9278
47.9321
47.9363
47.9405
47.9451
47.9497
47.9539
47.9578
47.9622
47.9666
47.9712
47.9755
47.98
47.9846
47.9889
47.9934
47.9976
48.002
48.007
48.0117
48.0166
48.021
48.0253
48.03
48.0346
48.0391
48.0433
48.0476
48.0518
48.0568
48.0613
48.0656
48.0705
48.0748
48.0787
48.0831
48.0875
48.0919
48.0961
48.1012
48.1062
48.1104
48.1152
48.1196
48.1245
48.1285
48.1332
48.1375
48.1417
48.1461
48.1507
48.1552
48.1595
48.1643
48.1684
48.1733
48.1781
48.1825
48.1867
48.1915
48.1962
48.2009
48.2059
48.2103
48.2152
48.2197
48.2244
48.2285
48.2329
48.2376
48.242
48.2463
48.2506
48.2551
48.2595
48.2638
48.2687
48.273
48.2774
48.2823
48.287
48.2913
48.2951
48.2992
48.304
48.3085
48.313
48.3175
48.3225
48.3273
48.3317
48.3362
48.3402
48.3447
48.3484
48.3532
48.3578
48.3626
48.3673
48.3717
48.3762
48.3807
48.3854
48.39
48.3942
48.3985
48.4027
48.4068
48.4109
48.4154
48.419
48.4229
48.4273
48.4317
48.4364
48.4411
48.4454
48.4501
48.4548
48.4593
48.4635
48.4682
48.4722
48.4763
48.4814
48.4857
48.49
48.494
48.4985
48.5028
48.507
48.5114
48.516
48.5198
48.524
48.5283
48.5329
48.5377
48.5419
48.5464
48.551
48.5554
48.5596
48.564
48.5686
48.5727
48.5771
48.5818
48.586
48.5905
48.5948
48.5991
48.6033
48.6078
48.6119
48.6162
48.6206
48.6247
48.6292
48.6338
48.6382
48.6424
48.6475
48.6522
48.6568
48.6615
48.6662
48.6705
48.6744
48.6788
48.6833
48.6878
48.6925
48.6968
48.701
48.7051
48.7099
48.7141
48.7186
48.7229
48.7271
48.7319
48.7367
48.7413
48.7458
48.7501
48.7543
48.7585
48.7627
48.7671
48.771
48.7749
48.7794
48.7839
48.7883
48.7927
48.7971
48.8013
48.8058
48.8103
48.8144
48.8188
48.8227
48.8275
48.832
48.836
48.8408
48.8451
48.8497
48.8536
48.858
48.8623
48.867
48.8715
48.8759
48.8798
48.8841
48.8885
48.8925
48.8968
48.9014
48.9059
48.9104
48.9147
48.9188
48.923
48.9277
48.9315
48.9359
48.9405
48.9454
48.9499
48.9544
48.9593
48.9631
48.9675
48.9714
48.9757
48.9801
48.9853
48.9896
48.9944
48.9986
49.0031
49.0073
49.0117
49.016
49.0206
49.0245
49.0289
49.0328
49.0371
49.0415
49.0458
49.0504
49.0548
49.0593
49.064
49.0684
49.0726
49.077
49.0814
49.0859
49.0897
49.0944
49.0986
49.103
49.107
49.111
49.1152
49.1194
49.1235
49.1278
49.1323
49.1364
49.1408
49.145
49.1493
49.1532
49.157
49.1613
49.166
49.1702
49.1744
49.1789
49.1828
49.187
49.1912
49.1951
49.2
49.2043
49.2089
49.2136
49.2177
49.2219
49.2262
49.2314
49.2357
49.2402
49.2441
49.2487
49.2533
49.2584
49.262
49.2661
49.2707
49.2749
49.2789
49.2832
49.2876
49.2923
49.2965
49.3013
49.3059
49.3107
49.3157
49.32
49.3241
49.3286
49.3329
49.3374
49.3417
49.3464
49.3505
49.3547
49.3589
49.3632
49.3677
49.3724
49.3767
49.3812
49.3863
49.39
49.3947
49.399
49.4028
49.407
49.4119
49.4165
49.4213
49.4254
49.4297
49.4339
49.4383
49.4418
49.4461
49.4505
49.4543
49.4587
49.4631
49.4675
49.4718
49.4759
49.4802
49.4846
49.4883
49.4922
49.4965
49.5009
49.5045
49.5089
49.5135
49.5175
49.5221
49.5263
49.5306
49.5351
49.5398
49.5445
49.5489
49.5531
49.5575
49.562
49.5661
49.5704
49.5741
49.5783
49.5823
49.5865
49.5907
49.5955
49.5998
49.6044
49.6088
49.6134
49.6179
49.6224
49.6266
49.6311
49.6363
49.6405
49.645
49.6495
49.6539
49.6579
49.6618
49.6658
49.6701
49.6746
49.6786
49.6828
49.687
49.6911
49.696
49.7009
49.7054
49.7097
49.714
49.7185
49.7225
49.727
49.7323
49.7365
49.7406
49.7458
49.7498
49.7539
49.7581
49.7618
49.7662
49.7705
49.7746
49.7788
49.7834
49.7877
49.7923
49.7959
49.8006
49.8052
49.8098
49.8144
49.819
49.8232
49.8275
49.8316
49.8354
49.8401
49.8448
49.8488
49.8532
49.8576
49.8618
49.8662
49.8708
49.875
49.8796
49.884
49.8888
49.893
49.8967
49.9008
49.9052
49.9095
49.9141
49.9181
49.9228
49.9274
49.9315
49.9353
49.9396
49.9438
49.9482
49.9526
49.9575
49.9616
49.9657
49.9699
49.9744
49.9788
49.9834
49.9879
49.9925
49.9964
50.0007
50.0052
50.0095
50.014
50.0181
50.0227
50.0273
50.0317
50.0358
50.0392
50.044
50.0478
50.0524
50.057
50.0611
50.065
50.0691
50.0733
50.0776
50.0824
50.0869
50.0913
50.0956
50.1
50.1044
50.1089
50.1126
50.1174
50.122
50.1261
50.1302
50.1341
50.1387
50.1433
50.1473
50.1518
50.1564
50.1607
50.1649
50.1692
50.1737
50.1785
50.183
50.1868
50.1911
50.1954
50.1999
50.2039
50.2083
50.2123
50.2163
50.221
50.2245
50.229
50.2333
50.2376
50.2421
50.2461
50.2499
50.2542
50.2583
50.2625
50.2664
50.2701
50.274
50.2782
50.2824
50.2867
50.2909
50.2954
50.3
50.3042
50.3087
50.313
50.3175
50.3221
50.3264
50.3302
50.3345
50.3385
50.3423
50.3466
50.3502
50.3543
50.3589
50.3633
50.3676
50.3716
50.3759
50.3802
50.3849
50.3889
50.3933
50.3973
50.4015
50.4062
50.4108
50.4155
50.42
50.424
50.4286
50.4331
50.4382
50.4425
50.4463
50.4504
50.4553
50.4602
50.4645
50.4686
50.4729
50.4773
50.4819
50.4858
50.4897
50.4942
50.4985
50.5026
50.5069
50.5115
50.5158
50.5201
50.525
50.5289
50.5332
50.5381
50.5422
50.5467
50.5508
50.5551
50.5587
50.5629
50.5672
50.5715
50.576
50.5802
50.5843
50.5888
50.5934
50.5982
50.6025
50.6064
50.6106
50.6154
50.6196
50.6234
50.6279
50.6327
50.6369
50.6409
50.6458
50.6502
50.654
50.658
50.6625
50.6667
50.6717
50.6762
50.6806
50.6852
50.6897
50.6932
50.6973
50.7019
50.706
50.7104
50.7151
50.7196
50.7238
50.7283
50.7324
50.7374
50.7413
50.7459
50.7505
50.7544
50.7589
50.7632
50.7674
50.772
50.7763
50.7803
50.7845
50.7889
50.7932
50.7978
50.8019
50.8067
50.8111
50.8151
50.8196
50.8237
50.8282
50.8318
50.8362
50.8401
50.8448
50.8491
50.8537
50.8578
50.8629
50.8668
50.8712
50.8754
50.8797
50.884
50.8882
50.8922
50.8961
50.9002
50.9044
50.9082
50.912
50.9161
50.9205
50.9247
50.9286
50.9327
50.9372
50.9414
50.9456
50.9496
50.9544
50.9588
50.9637
50.9676
50.972
50.976
50.9807
50.985
50.9891
50.9931
50.9969
51.001
51.0051
51.0095
51.0138
51.0177
51.0216
51.0259
51.0301
51.0349
51.0391
51.043
51.0479
51.0521
51.0563
51.0601
51.0642
51.0684
51.0727
51.0772
51.0813
51.0859
51.0901
51.0946
51.0991
51.1036
51.108
51.1126
51.1166
51.1212
51.1253
51.13
51.1346
51.1389
51.1436
51.1477
51.1525
51.1563
51.1607
51.1648
51.1691
51.1737
51.1784
51.1831
51.1871
51.1915
51.1957
51.1999
51.2047
51.209
51.213
51.2173
51.2214
51.2259
51.23
51.2343
51.2386
51.2425
51.2466
51.2508
51.2551
51.2589
51.2634
51.2678
51.2718
51.276
51.2801
51.2842
51.2884
51.2929
51.2975
51.3017
51.3057
51.3103
51.3146
51.3187
51.323
51.3273
51.3311
51.3354
51.3394
51.3434
51.348
51.3524
51.3569
51.3617
51.366
51.3709
51.3749
51.3796
51.3831
51.3869
51.3909
51.3954
51.3998
51.4041
51.4089
51.4136
51.418
51.4223
51.4269
51.4315
51.4363
51.4409
51.4454
51.4498
51.454
51.4584
51.4628
51.4673
51.4716
51.4757
51.4797
51.4843
51.4886
51.4923
51.4964
51.5013
51.5059
51.5105
51.5154
51.5198
51.5238
51.5286
51.5332
51.5374
51.5416
51.5457
51.5502
51.5547
51.5592
51.5638
51.5682
51.573
51.5775
51.582
51.5862
51.5901
51.5947
51.5995
51.6042
51.6084
51.6122
51.6162
51.6209
51.6251
51.6295
51.6335
51.6376
51.6424
51.6469
51.6508
51.6552
51.6591
51.663
51.6677
51.6726
51.677
51.6818
51.6861
51.69
51.694
51.6986
51.7028
51.7071
51.7112
51.7152
51.7191
51.7233
51.728
51.7323
51.7371
51.7412
51.7456
51.7498
51.7542
51.7583
51.763
51.7673
51.7715
51.7758
51.7802
51.7846
51.7885
51.7931
51.7978
51.8018
51.8058
51.8102
51.8145
51.8193
51.8231
51.8278
51.8322
51.8361
51.8404
51.845
51.8491
51.8534
51.8573
51.8615
51.8658
51.8702
51.8747
51.8791
51.8841
51.888
51.8924
51.8971
51.9018
51.9064
51.9112
51.9155
51.9198
51.9244
51.9285
51.9328
51.937
51.941
51.945
51.9487
51.9534
51.9575
51.9619
51.9673
51.9715
51.9755
51.98
51.9842
51.9888
51.9939
51.9986
52.0033
52.0073
52.012
52.0166
52.0212
52.0252
52.0296
52.0338
52.0374
52.0415
52.0461
52.0505
52.0552
52.0592
52.0636
52.0675
52.0719
52.0759
52.0801
52.0846
52.0892
52.0929
52.0973
52.102
52.1064
52.1103
52.1145
52.1185
52.123
52.127
52.1309
52.135
52.1391
52.1428
52.147
52.1514
52.1554
52.1597
52.1641
52.1691
52.1735
52.1786
52.1835
52.1878
52.1919
52.1961
52.2004
52.2044
52.2091
52.2132
52.2174
52.2223
52.2269
52.2306
52.235
52.2397
52.2437
52.2482
52.253
52.2573
52.2615
52.2661
52.2699
52.2749
52.2798
52.2841
52.2885
52.2929
52.2976
52.3022
52.3068
52.3111
52.3155
52.3202
52.3249
52.329
52.3337
52.3374
52.3422
52.3469
52.3515
52.3561
52.3603
52.3652
52.3697
52.3744
52.3791
52.3834
52.3874
52.3913
52.3957
52.4005
52.4049
52.4093
52.4138
52.4181
52.4224
52.4257
52.4296
52.4347
52.4391
52.4435
52.4477
52.4518
52.4564
52.461
52.4651
52.4697
52.4743
52.4785
52.4829
52.4872
52.4917
52.4964
52.5008
52.5051
52.5096
52.5141
52.5183
52.5228
52.5272
52.5322
52.5373
52.5415
52.5458
52.5502
52.5549
52.5595
52.5639
52.5691
52.5732
52.5775
52.5822
52.5864
52.5906
52.5951
52.5998
52.6043
52.6087
52.6132
52.6172
52.6215
52.6258
52.6301
52.6348
52.639
52.6435
52.6478
52.652
52.6568
52.6608
52.6657
52.6702
52.6749
52.6789
52.6835
52.6878
52.6921
52.6965
52.7016
52.7061
52.7105
52.7145
52.7193
52.7239
52.7287
52.7329
52.7376
52.7426
52.7471
52.7516
52.7561
52.76
52.7641
52.7682
52.7724
52.7764
52.781
52.786
52.7903
52.7949
52.799
52.8039
52.8083
52.8135
52.818
52.8227
52.8275
52.8326
52.837
52.8415
52.846
52.8507
52.8554
52.8605
52.8653
52.8698
52.8741
52.8785
52.8829
52.8876
52.8926
52.8971
52.9017
52.9066
52.9107
52.9156
52.92
52.9247
52.9292
52.9344
52.9383
52.943
52.9487
52.9536
52.9584
52.963
52.9673
52.9721
52.9762
52.9807
52.9856
52.9905
52.9956
53.0002
53.005
53.0099
53.0147
53.0188
53.0232
53.028
53.0326
53.0369
53.042
53.0467
53.0514
53.0558
53.0605
53.0651
53.07
53.0744
53.0794
53.084
53.0879
53.0921
53.0968
53.1011
53.1062
53.1107
53.1158
53.1198
53.1246
53.1288
53.1336
53.1382
53.1433
53.1476
53.1521
53.1573
53.1621
53.1668
53.1714
53.1764
53.1811
53.1857
53.1899
53.195
53.1994
53.2041
53.2087
53.2131
53.2181
53.2228
53.2274
53.2328
53.2375
53.2415
53.2457
53.2502
53.2546
53.2593
53.2636
53.268
53.2723
53.2766
53.2815
53.286
53.2907
53.2956
53.3008
53.3057
53.3105
53.3151
53.32
53.3245
53.329
53.3337
53.3382
53.3432
53.3483
53.3533
53.3577
53.3628
53.3673
53.3722
53.3765
53.3816
53.3866
53.3911
53.3958
53.4011
53.406
53.4102
53.4154
53.4199
53.4243
53.4291
53.4334
53.4377
53.4421
53.4471
53.4522
53.4568
53.4611
53.4662
53.4709
53.4756
53.4805
53.4853
53.4895
53.4944
53.499
53.5035
53.5081
53.512
53.5174
53.522
53.5267
53.5318
53.5365
53.5414
53.5464
53.5516
53.5563
53.5612
53.5658
53.57
53.5749
53.5798
53.5844
53.5892
53.5941
53.5988
53.6035
53.6083
53.6133
53.618
53.624
53.629
53.6339
53.6391
53.6433
53.6483
53.6523
53.6568
53.6615
53.666
53.6704
53.6753
53.6808
53.6858
53.6907
53.6958
53.7001
53.7054
53.7101
53.7149
53.7199
53.7242
53.7288
53.7336
53.7381
53.7427
53.7472
53.7522
53.7573
53.762
53.7668
53.7715
53.7765
53.7809
53.7854
53.7903
53.7951
53.7996
53.805
53.8094
53.814
53.8191
53.8238
53.8286
53.8335
53.8388
53.8434
53.8481
53.8532
53.8584
53.8629
53.868
53.8729
53.8784
53.8827
53.888
53.8932
53.8984
53.9034
53.9077
53.9122
53.917
53.9218
53.9262
53.9311
53.9352
53.9402
53.9447
53.9501
53.9548
53.9598
53.9645
53.9693
53.974
53.9796
53.9846
53.9898
53.9945
53.9998
54.0048
54.0089
54.013
54.0183
54.0231
54.0281
54.0324
54.0375
54.0427
54.0478
54.053
54.0578
54.0626
54.0673
54.0716
54.077
54.0821
54.0875
54.092
54.0972
54.1023
54.1074
54.112
54.117
54.122
54.1276
54.1327
54.137
54.1418
54.1471
54.1522
54.1577
54.1622
54.1666
54.1711
54.1764
54.1817
54.1868
54.1916
54.1976
54.203
54.2078
54.2131
54.2181
54.2232
54.2288
54.2333
54.2383
54.2441
54.2487
54.2538
54.2588
54.2645
54.2693
54.2742
54.2795
54.2843
54.2889
54.2939
54.2994
54.3046
54.3094
54.3145
54.3196
54.3243
54.3295
54.3351
54.3404
54.3457
54.3507
54.3557
54.3613
54.3663
54.3712
54.3763
54.3816
54.3861
54.3909
54.3959
54.401
54.4065
54.4109
54.4159
54.4207
54.4258
54.4305
54.4354
54.4406
54.4456
54.4506
54.4556
54.4608
54.466
54.4713
54.4769
54.4822
54.4867
54.4915
54.4965
54.5022
54.5074
54.5124
54.5173
54.5235
54.5288
54.5337
54.5392
54.5442
54.5497
54.5551
54.5607
54.5651
54.5695
54.5746
54.5802
54.5852
54.5905
54.5958
54.6016
54.6078
54.6132
54.6191
54.6248
54.6299
54.635
54.6396
54.645
54.6508
54.656
54.6611
54.6666
54.6723
54.6778
54.6829
54.688
54.693
54.6991
54.7039
54.709
54.7141
54.7194
54.7245
54.7308
54.7355
54.7413
54.7469
54.7523
54.7578
54.7627
54.7682
54.7741
54.7798
54.7849
54.7904
54.796
54.8012
54.8065
54.8117
54.8166
54.8214
54.8267
54.8323
54.837
54.8422
54.8476
54.8534
54.8585
54.8633
54.8681
54.8733
54.8783
54.8839
54.8896
54.8954
54.901
54.9065
54.912
54.9174
54.9223
54.9281
54.9339
54.9388
54.9446
54.9489
54.9545
54.9604
54.9657
54.9707
54.9759
54.9812
54.9864
54.9925
54.9977
55.0036
55.0087
55.0147
55.0204
55.0258
55.031
55.0367
55.0427
55.0481
55.0539
55.0593
55.0649
55.0707
55.0768
55.0827
55.0886
55.0947
55.1005
55.1058
55.1109
55.1158
55.1207
55.1267
55.1331
55.1387
55.1442
55.1497
55.1556
55.161
55.1661
55.172
55.1774
55.1831
55.1886
55.194
55.2003
55.2063
55.2121
55.2176
55.2239
55.2296
55.2346
55.24
55.2456
55.2509
55.2568
55.2631
55.2691
55.2757
55.281
55.2858
55.2918
55.2972
55.3029
55.3086
55.3144
55.3204
55.3265
55.3323
55.3383
55.3443
55.3496
55.3556
55.3615
55.3679
55.3744
55.3796
55.3851
55.3906
55.3964
55.4022
55.4084
55.4142
55.4196
55.4248
55.4308
55.4368
55.4422
55.4484
55.4542
55.4604
55.4662
55.4725
55.4788
55.4843
55.49
55.4958
55.502
55.5076
55.5134
55.5192
55.5246
55.5302
55.5359
55.5415
55.5468
55.5528
55.5586
55.5644
55.5703
55.5761
55.5817
55.5878
55.5934
55.5997
55.6058
55.6126
55.6184
55.6232
55.6293
55.6345
55.6407
55.6468
55.6524
55.6587
55.6649
55.6707
55.6771
55.683
55.689
55.6952
55.7013
55.7076
55.7128
55.7185
55.724
55.7297
55.7353
55.7418
55.7477
55.7528
55.759
55.7648
55.7709
55.7775
55.7828
55.7895
55.7959
55.8017
55.8084
55.8152
55.8211
55.8268
55.833
55.8391
55.8454
55.8514
55.8577
55.8643
55.8705
55.8766
55.883
55.8889
55.8949
55.9008
55.9068
55.9127
55.9189
55.9245
55.93
55.9364
55.9425
55.9485
55.9542
55.96
55.9665
55.9724
55.9781
55.9844
55.9903
55.9963
56.0017
56.0076
56.014
56.0197
56.0251
56.0308
56.0368
56.0429
56.0491
56.055
56.0613
56.0678
56.074
56.0807
56.0866
56.0929
56.0996
56.1056
56.1121
56.1185
56.1243
56.1304
56.136
56.1418
56.1477
56.154
56.16
56.1665
56.1724
56.1788
56.1856
56.1914
56.1981
56.2048
56.2109
56.2168
56.2226
56.2285
56.2354
56.2413
56.2475
56.2537
56.2602
56.2665
56.2727
56.2786
56.284
56.29
56.2969
56.303
56.3095
56.3156
56.3216
56.3283
56.3343
56.3408
56.3472
56.3533
56.3599
56.3668
56.3726
56.3798
56.3854
56.3918
56.3981
56.4045
56.4116
56.418
56.4249
56.4313
56.4378
56.4453
56.4519
56.459
56.4658
56.472
56.4783
56.4856
56.4917
56.4976
56.5043
56.5105
56.5171
56.5235
56.5302
56.5358
56.542
56.5487
56.5548
56.5615
56.5677
56.5737
56.5799
56.5865
56.5933
56.5993
56.6055
56.6126
56.6197
56.6266
56.6325
56.6398
56.6468
56.6542
56.6602
56.666
56.673
56.6791
56.6854
56.6917
56.6985
56.7046
56.7109
56.7163
56.7232
56.7297
56.7364
56.7428
56.7495
56.7572
56.764
56.771
56.7775
56.784
56.7913
56.7986
56.8063
56.8127
56.8194
56.8256
56.8318
56.8382
56.8443
56.8507
56.8577
56.8652
56.8716
56.8786
56.885
56.8916
56.8984
56.906
56.914
56.9208
56.9281
56.9358
56.9424
56.9493
56.9553
56.9632
56.9701
56.9758
56.9829
56.9896
56.997
57.0042
57.0112
57.0177
57.0255
57.0329
57.0402
57.0471
57.0539
57.0608
57.0679
57.0748
57.0822
57.0893
57.0958
57.1026
57.1102
57.1178
57.1256
57.1327
57.1399
57.1462
57.1538
57.1615
57.1701
57.1775
57.184
57.1913
57.1985
57.2059
57.2129
57.2207
57.2277
57.2352
57.2417
57.2485
57.256
57.2627
57.2703
57.2777
57.2851
57.2922
57.2996
57.3066
57.3146
57.3227
57.3308
57.3384
57.3466
57.3536
57.3621
57.3689
57.3762
57.3833
57.3917
57.3993
57.4073
57.4152
57.4232
57.429
57.4365
57.4441
57.4519
57.4593
57.4678
57.4753
57.4824
57.4889
57.4959
57.5036
57.5115
57.5192
57.5273
57.5341
57.5421
57.5502
57.5578
57.5654
57.5726
57.5797
57.5879
57.5953
57.6032
57.6114
57.6188
57.6255
57.6324
57.6397
57.6484
57.6557
57.6633
57.672
57.679
57.687
57.6952
57.703
57.7109
57.7194
57.7258
57.7335
57.7413
57.7495
57.7579
57.7657
57.7737
57.7809
57.7885
57.7965
57.8042
57.8111
57.8185
57.8262
57.8349
57.8433
57.8522
57.86
57.8681
57.8751
57.8834
57.8912
57.8996
57.9081
57.917
57.9245
57.933
57.941
57.9496
57.9567
57.9641
57.9722
57.9803
57.9895
57.9974
58.0061
58.0146
58.0235
58.0316
58.0397
58.0482
58.0575
58.0648
58.0728
58.0811
58.0891
58.0968
58.1061
58.115
58.1235
58.1319
58.1406
58.1493
58.1566
58.1644
58.1723
58.1813
58.1901
58.1986
58.2065
58.215
58.2232
58.2323
58.2412
58.2497
58.2575
58.266
58.274
58.2824
58.2904
58.2983
58.3055
58.3133
58.3219
58.331
58.3393
58.3489
58.358
58.3673
58.3759
58.3853
58.394
58.4028
58.4109
58.4194
58.4276
58.4356
58.4433
58.4523
58.4609
58.4711
58.4777
58.4868
58.4957
58.5053
58.5138
58.5233
58.532
58.5412
58.5493
58.5571
58.5659
58.5747
58.5839
58.5926
58.6013
58.6101
58.6178
58.6271
58.6369
58.6451
58.6541
58.6627
58.6714
58.6812
58.6907
58.6998
58.7095
58.719
58.7288
58.7378
58.7483
58.7576
58.7654
58.7744
58.784
58.7926
58.8036
58.8124
58.8224
58.8323
58.8421
58.8505
58.8601
58.8698
58.8794
58.8877
58.8972
58.9062
58.9159
58.9254
58.9336
58.9433
58.9549
58.9637
58.9751
58.9848
58.9944
59.0039
59.0131
59.0231
59.0323
59.0415
59.0524
59.0615
59.0694
59.0795
59.0895
59.1001
59.1103
59.1201
59.1306
59.1401
59.1503
59.1594
59.1694
59.1785
59.1884
59.1983
59.2086
59.2179
59.2285
59.2375
59.2477
59.2563
59.2657
59.2748
59.2861
59.296
59.3054
59.3162
59.326
59.3356
59.3439
59.3547
59.3653
59.3749
59.3857
59.3962
59.4054
59.4148
59.4237
59.4335
59.4435
59.455
59.4649
59.4747
59.4846
59.4964
59.5061
59.5173
59.5287
59.5386
59.5503
59.561
59.5728
59.5821
59.5915
59.6014
59.6128
59.6229
59.6325
59.6433
59.6552
59.6664
59.6765
59.6879
59.6993
59.7103
59.7205
59.7314
59.7421
59.7538
59.7653
59.7764
59.7862
59.7964
59.8071
59.8174
59.8281
59.8377
59.8473
59.8582
59.8697
59.8805
59.891
59.9024
59.9134
59.9236
59.9345
59.9441
59.9544
59.9664
59.9789
59.9893
60.0007
60.0109
60.0205
60.0308
60.0424
60.0541
60.0657
60.0775
60.0893
60.0998
60.1108
60.1221
60.1339
60.1461
60.1579
60.169
60.1816
60.1921
60.2035
60.215
60.2265
60.2382
60.2509
60.262
60.2738
60.286
60.2977
60.3097
60.3208
60.3341
60.3457
60.3576
60.3684
60.3807
60.3914
60.4024
60.4158
60.4275
60.4411
60.4518
60.4631
60.4745
60.4858
60.4987
60.5102
60.522
60.5343
60.5463
60.5568
60.5685
60.5814
60.5932
60.6083
60.6187
60.6315
60.6441
60.6553
60.6682
60.6802
60.6934
60.7055
60.7175
60.7302
60.7435
60.7572
60.7702
60.7837
60.7971
60.8086
60.8209
60.8337
60.8485
60.8613
60.8727
60.8853
60.8983
60.9108
60.9252
60.9379
60.9523
60.9662
60.9799
60.992
61.0054
61.0184
61.0306
61.0434
61.0568
61.0697
61.0825
61.0941
61.108
61.1209
61.132
61.1435
61.1573
61.1731
61.1873
61.2024
61.2161
61.2296
61.2427
61.2561
61.2713
61.2871
61.3003
61.3153
61.329
61.3441
61.3568
61.3713
61.3847
61.3998
61.4132
61.4273
61.4428
61.4562
61.471
61.4864
61.5002
61.5153
61.5278
61.5423
61.5557
61.571
61.5844
61.5982
61.6129
61.6274
61.6404
61.6549
61.6694
61.6837
61.6989
61.7133
61.7275
61.7428
61.7584
61.7732
61.7903
61.8054
61.8207
61.8357
61.8489
61.8623
61.8787
61.8918
61.9061
61.9225
61.9371
61.954
61.9702
61.984
61.9989
62.0146
62.03
62.0459
62.0607
62.075
62.0915
62.1067
62.1222
62.1371
62.1528
62.1677
62.182
62.1985
62.2142
62.2312
62.2475
62.2646
62.2835
62.3002
62.3168
62.3324
62.3474
62.3641
62.3792
62.3953
62.413
62.4278
62.4446
62.4593
62.474
62.4913
62.5088
62.5258
62.5439
62.5616
62.5765
62.5938
62.6094
62.6275
62.6429
62.6605
62.6789
62.6956
62.7122
62.7304
62.7469
62.7659
62.7851
62.8
62.8162
62.8321
62.8494
62.8674
62.8849
62.9029
62.9221
62.9398
62.9594
62.978
62.999
63.0164
63.0334
63.0504
63.0687
63.0861
63.1064
63.1269
63.1462
63.1655
63.1848
63.2036
63.2222
63.2402
63.2575
63.2729
63.2935
63.3132
63.331
63.3509
63.3697
63.3877
63.4094
63.4296
63.4476
63.4673
63.4901
63.5093
63.5282
63.5475
63.5668
63.587
63.6069
63.6291
63.6477
63.667
63.6887
63.7085
63.7266
63.7489
63.769
63.7893
63.8095
63.8287
63.8495
63.8722
63.8951
63.9132
63.9341
63.9568
63.977
63.9987
64.02
64.0434
64.0651
64.0857
64.1089
64.1294
64.1537
64.1785
64.199
64.2227
64.2457
64.2686
64.2919
64.315
64.338
64.3614
64.3864
64.4092
64.4346
64.4593
64.4824
64.5089
64.5326
64.5579
64.5826
64.6098
64.636
64.657
64.6798
64.7047
64.7276
64.7493
64.772
64.7929
64.8199
64.8462
64.8708
64.8937
64.9197
64.9437
64.9685
64.9926
65.0196
65.0498
65.0746
65.0976
65.1215
65.1481
65.1725
65.2009
65.2244
65.2514
65.2772
65.3057
65.3311
65.3588
65.3844
65.4134
65.4451
65.4745
65.5045
65.5368
65.5644
65.5974
65.6246
65.6519
65.6774
65.7098
65.7419
65.7725
65.7988
65.8284
65.8578
65.8877
65.9185
65.9501
65.9786
66.0078
66.0374
66.0653
66.0959
66.1277
66.1557
66.1909
66.2211
66.2556
66.2853
66.3168
66.3508
66.3794
66.4108
66.4405
66.4729
66.5044
66.5396
66.574
66.6066
66.6387
66.674
66.7073
66.7449
66.7811
66.8165
66.8507
66.8846
66.9238
66.9637
66.9998
67.0359
67.0737
67.1118
67.1476
67.1873
67.2257
67.2632
67.2973
67.3344
67.3726
67.4137
67.4513
67.4966
67.5382
67.5802
67.6164
67.6557
67.6956
67.7372
67.7831
67.8276
67.8667
67.9036
67.9509
67.9933
68.0353
68.0755
68.1151
68.1588
68.2034
68.2521
68.2986
68.3414
68.3917
68.435
68.4742
68.5226
68.5711
68.6175
68.6675
68.7164
68.7646
68.8159
68.8655
68.9158
68.9699
69.0313
69.0825
69.1412
69.1932
69.2468
69.2999
69.3657
69.4171
69.4754
69.5401
69.6009
69.6625
69.7296
69.7918
69.8494
69.9151
69.9737
70.0368
70.1002
70.1639
70.2217
70.2882
70.361
70.4328
70.5028
70.5767
70.6433
70.7153
70.7992
70.875
70.9553
71.0315
71.112
71.1835
71.2662
71.3517
71.4379
71.5157
71.6048
71.6897
71.7748
71.8633
71.9684
72.071
72.1668
72.2733
72.3624
72.4575
72.5621
72.6823
72.7975
72.922
73.0663
73.2008
73.3521
73.5088
73.6744
73.8279
73.9944
74.1702
74.3432
74.5364
74.7831
75.0236
75.2589
75.5478
75.8428
76.1382
76.5614
76.925
77.4059
77.988
78.5821
79.2466
80.1628
81.5729
88.3295
