1
2
2.5
3.16667
3.41667
3.41667
3.91667
4.05952
4.18452
4.51786
6.14981
8.01824
9.86209
12.7675
15.5176
17.6731
19.2964
20.546
21.5718
22.3118
23.0113
23.679
24.2445
24.7634
25.2348
25.6768
26.1574
26.6266
27.087
27.5391
27.9956
28.4328
28.8048
29.2673
29.6604
30.0862
30.4449
30.814
31.1747
31.4968
31.8569
32.1774
32.4897
32.844
33.1576
33.4656
33.7579
34.0486
34.3034
34.5951
34.8677
35.1233
35.3852
35.6493
35.8829
36.1699
36.3906
36.6134
36.8435
37.0641
37.302
37.4977
37.7045
37.8895
38.09
38.2734
38.483
38.7015
38.88
39.0905
39.2738
39.4495
39.6576
39.8091
39.9896
40.1591
40.3273
40.5002
40.686
40.8414
41.0097
41.1698
41.3373
41.5088
41.676
41.8483
41.9977
42.1367
42.3053
42.4579
42.6124
42.7614
42.9129
43.0592
43.2068
43.3565
43.495
43.6267
43.7688
43.9219
44.0618
44.197
44.3343
44.4602
44.5955
44.7239
44.8445
44.9797
45.1208
45.2492
45.3702
45.5115
45.6381
45.7579
45.8848
45.9999
46.1389
46.2628
46.3896
46.5039
46.6203
46.7502
46.8709
46.988
47.0875
47.2044
47.3375
47.458
47.5909
47.7169
47.8368
47.97
48.0979
48.215
48.3394
48.469
48.6018
48.7191
48.8349
48.9502
49.0768
49.1853
49.318
49.4351
49.5632
49.6843
49.7963
49.9112
50.0221
50.1397
50.2648
50.3766
50.4954
50.6233
50.7429
50.8593
50.9852
51.1096
51.2174
51.3396
51.4535
51.5743
51.679
51.7911
51.9068
52.006
52.1294
52.2427
52.3391
52.4492
52.5641
52.6759
52.7668
52.872
52.9811
53.0874
53.2028
53.3089
53.4198
53.5131
53.6201
53.7311
53.8374
53.9592
54.0644
54.1728
54.2846
54.3939
54.4955
54.6028
54.7056
54.8111
54.9032
55.0047
55.0964
55.2011
55.2994
55.3888
55.4785
55.5785
55.6743
55.7643
55.8547
55.9474
56.0337
56.1259
56.2142
56.3016
56.3953
56.4884
56.5819
56.6682
56.76
56.8474
56.9367
57.0134
57.1005
57.1839
57.2796
57.3663
57.455
57.5366
57.6249
57.7077
57.7913
57.8668
57.9638
58.0387
58.1134
58.1954
58.2776
58.3559
58.4414
58.52
58.6011
58.6772
58.7572
58.8317
58.9151
58.9882
59.0682
59.1404
59.2108
59.2875
59.3564
59.4289
59.5077
59.5762
59.6566
59.7293
59.8069
59.8866
59.9594
60.0386
60.1189
60.196
60.2653
60.3455
60.418
60.4949
60.5761
60.644
60.7243
60.8011
60.8753
60.9561
61.0296
61.1138
61.1864
61.2603
61.3244
61.3983
61.468
61.5355
61.6089
61.684
61.7548
61.8248
61.8991
61.9706
62.049
62.1281
62.2048
62.274
62.3524
62.4207
62.4927
62.5609
62.6297
62.6962
62.7679
62.8371
62.9161
62.9817
63.0539
63.127
63.2049
63.28
63.3585
63.4315
63.506
63.5754
63.6451
63.7145
63.7854
63.8623
63.9294
64.0032
64.0646
64.1428
64.2123
64.2873
64.3647
64.4471
64.5178
64.5891
64.6642
64.736
64.8015
64.8722
64.9507
65.0202
65.0931
65.1678
65.2408
65.3106
65.3805
65.4588
65.5251
65.6075
65.6826
65.7496
65.8245
65.8952
65.9713
66.0505
66.1224
66.1973
66.2652
66.339
66.4122
66.4736
66.5429
66.6147
66.6846
66.7507
66.8207
66.8891
66.9599
67.0352
67.1081
67.1886
67.2624
67.3294
67.3984
67.4804
67.5499
67.6162
67.6781
67.7533
67.8209
67.8863
67.9637
68.0344
68.1066
68.1746
68.242
68.3167
68.3893
68.4569
68.5217
68.581
68.6462
68.7146
68.7805
68.8457
68.9087
68.9765
69.0411
69.1139
69.1797
69.2531
69.3179
69.3853
69.4524
69.5133
69.5771
69.6418
69.7031
69.7663
69.8334
69.8939
69.9498
70.0127
70.0715
70.1283
70.1878
70.2486
70.3085
70.3638
70.4216
70.4807
70.5398
70.5998
70.6596
70.7251
70.7905
70.8479
70.9037
70.9716
71.0347
71.0883
71.1467
71.2056
71.2617
71.3179
71.375
71.4321
71.4839
71.5448
71.6023
71.6641
71.7165
71.7706
71.8295
71.8852
71.9409
71.9903
72.0485
72.1033
72.1545
72.2034
72.2588
72.3095
72.3626
72.4151
72.4751
72.5243
72.5791
72.634
72.6897
72.7458
72.8037
72.8567
72.9099
72.9619
73.0183
73.072
73.1279
73.1835
73.2337
73.2858
73.3387
73.3863
73.4405
73.494
73.5431
73.5998
73.6519
73.6997
73.7495
73.7982
73.8473
73.8984
73.9493
73.9976
74.0535
74.1047
74.1618
74.2105
74.2565
74.3064
74.3572
74.4108
74.4552
74.507
74.5579
74.6095
74.6626
74.7081
74.7605
74.8111
74.8634
74.9142
74.965
75.0137
75.0611
75.1133
75.1591
75.2126
75.2593
75.3109
75.3604
75.4064
75.4598
75.5072
75.558
75.6074
75.6581
75.7047
75.7617
75.8075
75.8632
75.9107
75.9619
76.0108
76.0587
76.1081
76.1596
76.2096
76.2569
76.3053
76.3548
76.4036
76.4504
76.5005
76.5516
76.6057
76.656
76.7027
76.7565
76.8073
76.8528
76.9054
76.9606
77.0087
77.0636
77.1116
77.1577
77.2094
77.2537
77.3032
77.3598
77.4098
77.4593
77.5101
77.5605
77.6067
77.6582
77.709
77.7665
77.8184
77.8617
77.9153
77.9669
78.0126
78.0615
78.109
78.1588
78.2027
78.2509
78.2971
78.3452
78.3958
78.4488
78.5023
78.5534
78.6023
78.6502
78.6999
78.7488
78.8
78.8445
78.8962
78.9426
78.9911
79.0365
79.0913
79.1411
79.1934
79.2481
79.298
79.3411
79.3919
79.4469
79.4906
79.5436
79.5929
79.645
79.6913
79.7435
79.7918
79.8399
79.8882
79.939
79.9896
80.0409
80.0893
80.1425
80.1932
80.2485
80.2983
80.3528
80.4023
80.4565
80.5126
80.5627
80.6144
80.6681
80.7159
80.7647
80.8196
80.8717
80.9204
80.9741
81.0256
81.0798
81.1332
81.1847
81.2363
81.2914
81.3379
81.394
81.4461
81.5027
81.5525
81.6018
81.6518
81.7064
81.7537
81.8039
81.8552
81.9081
81.9557
82.0056
82.0593
82.108
82.165
82.2082
82.2602
82.3183
82.3679
82.4179
82.4695
82.5183
82.5666
82.6206
82.6684
82.7217
82.7673
82.82
82.8684
82.9196
82.9672
83.0203
83.0724
83.1267
83.1755
83.2287
83.2737
83.3237
83.3705
83.4201
83.4691
83.5167
83.5666
83.6128
83.661
83.7096
83.7638
83.8097
83.86
83.9105
83.9547
84.0092
84.0578
84.1047
84.1548
84.2026
84.2542
84.3052
84.3508
84.3969
84.4464
84.4906
84.5372
84.5824
84.6336
84.6816
84.7278
84.7716
84.8219
84.8692
84.9161
84.9669
85.0174
85.0534
85.1028
85.1475
85.1896
85.2353
85.2843
85.3315
85.3802
85.4248
85.4709
85.5183
85.5647
85.61
85.6592
85.7054
85.7494
85.7947
85.8369
85.8816
85.9254
85.9731
86.0158
86.0613
86.1041
86.1443
86.1886
86.2309
86.2742
86.319
86.3604
86.4037
86.4495
86.4903
86.5266
86.5679
86.6111
86.6523
86.7021
86.7414
86.787
86.8268
86.8704
86.9144
86.958
86.9994
87.0431
87.0905
87.1282
87.1644
87.208
87.2514
87.2882
87.3309
87.3705
87.412
87.4575
87.4965
87.537
87.5796
87.6181
87.6567
87.6924
87.7346
87.7715
87.813
87.8515
87.8909
87.93
87.9681
88.005
88.0379
88.0763
88.1104
88.1514
88.1899
88.2318
88.2695
88.3098
88.3446
88.3822
88.4204
88.4541
88.4923
88.5306
88.5679
88.6065
88.6409
88.6781
88.7181
88.7528
88.7876
88.8187
88.8515
88.889
88.9251
88.9621
88.9979
89.0348
89.0719
89.1094
89.1496
89.1895
89.2301
89.2646
89.2995
89.3351
89.3696
89.4033
89.4415
89.4755
89.51
89.5458
89.5848
89.6201
89.6498
89.6847
89.7244
89.7608
89.7939
89.8301
89.8646
89.9004
89.9398
89.9789
90.0096
90.0443
90.0815
90.1131
90.1492
90.1832
90.216
90.2562
90.2891
90.3207
90.3525
90.3874
90.4222
90.4557
90.4881
90.5213
90.5525
90.5842
90.6202
90.6518
90.686
90.7229
90.7592
90.7914
90.8262
90.8584
90.8927
90.9254
90.9568
90.9922
91.0261
91.0591
91.0932
91.1267
91.1594
91.1891
91.2218
91.2585
91.2916
91.3245
91.3577
91.3881
91.4198
91.4526
91.4862
91.5153
91.5464
91.5806
91.6114
91.6436
91.6742
91.7093
91.7386
91.7688
91.7992
91.8294
91.8628
91.8896
91.9217
91.9561
91.987
92.0189
92.0533
92.0865
92.117
92.1479
92.1827
92.2136
92.2465
92.2834
92.3154
92.3467
92.3773
92.4073
92.4385
92.47
92.5051
92.5353
92.5624
92.5935
92.6285
92.6644
92.6961
92.7247
92.7584
92.7908
92.8195
92.8531
92.8849
92.9149
92.9455
92.9759
93.0105
93.0414
93.0734
93.1021
93.1309
93.1605
93.1915
93.2228
93.2536
93.2836
93.3194
93.3516
93.3817
93.4137
93.4421
93.4727
93.5012
93.5318
93.5625
93.596
93.627
93.6579
93.6887
93.72
93.7542
93.7847
93.8157
93.847
93.8806
93.9088
93.9411
93.9697
93.9982
94.0322
94.0636
94.0937
94.1255
94.1539
94.1838
94.2144
94.2413
94.2723
94.3008
94.3335
94.3655
94.3947
94.4276
94.4556
94.4853
94.5152
94.5442
94.5767
94.6094
94.6417
94.67
94.701
94.7282
94.7594
94.7868
94.8168
94.8465
94.8775
94.9101
94.9382
94.9656
94.9965
95.0284
95.0622
95.0927
95.1215
95.1518
95.1803
95.2105
95.2412
95.2678
95.299
95.3329
95.3628
95.3939
95.4262
95.4552
95.4837
95.5137
95.5415
95.5755
95.6086
95.6378
95.6706
95.7011
95.7341
95.7617
95.7926
95.8275
95.8562
95.8876
95.9233
95.9522
95.9843
96.0132
96.0469
96.0807
96.1073
96.1383
96.1688
96.1989
96.2296
96.2616
96.2924
96.3253
96.3574
96.3882
96.4196
96.4527
96.4834
96.5143
96.5452
96.5785
96.6118
96.6421
96.673
96.7032
96.7344
96.7676
96.7973
96.8319
96.8629
96.8937
96.9224
96.9535
96.987
97.0215
97.051
97.0812
97.1098
97.1414
97.1762
97.2031
97.2344
97.2662
97.3016
97.3309
97.3623
97.3942
97.4252
97.4573
97.4883
97.5159
97.5454
97.5765
97.6068
97.6404
97.674
97.7083
97.7385
97.7695
97.8004
97.8344
97.8649
97.8985
97.9293
97.961
97.9897
98.0211
98.0537
98.086
98.1198
98.1524
98.1836
98.2148
98.2469
98.276
98.3055
98.3349
98.3657
98.3989
98.4266
98.459
98.4883
98.5171
98.5465
98.5777
98.6072
98.6406
98.6736
98.7071
98.7334
98.764
98.7978
98.8305
98.86
98.8901
98.921
98.9523
98.9825
99.006
99.0351
99.0632
99.0946
99.1297
99.1601
99.1908
99.2206
99.2506
99.2837
99.3149
99.3447
99.3789
99.4104
99.4426
99.4699
99.4969
99.5268
99.5545
99.5865
99.6174
99.6478
99.6765
99.7039
99.7363
99.7645
99.7963
99.8281
99.8592
99.8891
99.917
99.9436
99.9748
100.005
100.036
100.067
100.099
100.128
100.155
100.188
100.218
100.248
100.28
100.307
100.335
100.362
100.391
100.417
100.448
100.477
100.505
100.535
100.564
100.591
100.617
100.647
100.677
100.705
100.733
100.762
100.792
100.82
100.849
100.872
100.9
100.926
100.953
100.978
101.006
101.034
101.062
101.09
101.12
101.146
101.17
101.199
101.229
101.255
101.284
101.311
101.338
101.366
101.392
101.42
101.445
101.474
101.5
101.527
101.556
101.582
101.608
101.637
101.668
101.691
101.718
101.744
101.767
101.794
101.821
101.847
101.872
101.897
101.923
101.946
101.971
101.997
102.023
102.049
102.076
102.103
102.127
102.153
102.18
102.206
102.23
102.258
102.284
102.309
102.337
102.364
102.388
102.413
102.438
102.465
102.489
102.514
102.538
102.562
102.585
102.612
102.638
102.662
102.687
102.712
102.737
102.762
102.786
102.81
102.835
102.862
102.889
102.913
102.937
102.964
102.988
103.015
103.041
103.065
103.093
103.12
103.144
103.167
103.191
103.215
103.242
103.268
103.293
103.317
103.343
103.366
103.391
103.415
103.44
103.461
103.485
103.508
103.534
103.559
103.581
103.604
103.628
103.649
103.675
103.698
103.721
103.747
103.771
103.795
103.818
103.841
103.865
103.891
103.916
103.943
103.965
103.987
104.012
104.037
104.059
104.082
104.103
104.128
104.151
104.176
104.199
104.224
104.244
104.269
104.293
104.316
104.339
104.363
104.387
104.411
104.435
104.457
104.48
104.499
104.521
104.546
104.568
104.592
104.614
104.638
104.663
104.687
104.712
104.733
104.756
104.777
104.801
104.823
104.845
104.87
104.894
104.917
104.938
104.962
104.986
105.008
105.031
105.053
105.076
105.1
105.119
105.14
105.163
105.185
105.207
105.227
105.247
105.269
105.297
105.32
105.341
105.364
105.384
105.406
105.427
105.45
105.473
105.495
105.518
105.539
105.563
105.585
105.606
105.627
105.651
105.673
105.697
105.718
105.741
105.761
105.782
105.802
105.825
105.847
105.87
105.892
105.916
105.939
105.962
105.985
106.007
106.029
106.051
106.072
106.092
106.113
106.135
106.157
106.18
106.202
106.224
106.244
106.266
106.287
106.31
106.332
106.354
106.376
106.398
106.423
106.445
106.467
106.487
106.51
106.532
106.553
106.575
106.597
106.617
106.638
106.659
106.68
106.7
106.72
106.744
106.764
106.786
106.806
106.827
106.847
106.871
106.891
106.91
106.93
106.951
106.971
106.994
107.014
107.036
107.056
107.078
107.1
107.12
107.14
107.161
107.184
107.206
107.228
107.247
107.268
107.29
107.31
107.331
107.352
107.374
107.394
107.416
107.436
107.459
107.479
107.502
107.522
107.541
107.564
107.586
107.606
107.629
107.651
107.671
107.691
107.71
107.73
107.751
107.772
107.792
107.813
107.834
107.855
107.875
107.897
107.919
107.938
107.961
107.981
108.003
108.025
108.043
108.064
108.084
108.106
108.127
108.147
108.165
108.186
108.207
108.227
108.247
108.266
108.288
108.31
108.328
108.349
108.37
108.389
108.408
108.427
108.45
108.472
108.492
108.511
108.53
108.551
108.572
108.591
108.611
108.631
108.651
108.673
108.694
108.714
108.733
108.754
108.774
108.796
108.815
108.836
108.855
108.875
108.895
108.916
108.935
108.956
108.975
108.995
109.013
109.03
109.049
109.07
109.09
109.11
109.127
109.147
109.165
109.183
109.203
109.224
109.244
109.263
109.282
109.3
109.321
109.339
109.359
109.379
109.399
109.42
109.441
109.46
109.479
109.498
109.517
109.54
109.559
109.579
109.599
109.62
109.641
109.659
109.678
109.696
109.715
109.735
109.755
109.775
109.793
109.812
109.833
109.854
109.871
109.891
109.909
109.929
109.95
109.967
109.987
110.009
110.028
110.046
110.064
110.081
110.099
110.118
110.135
110.156
110.176
110.192
110.21
110.228
110.247
110.266
110.285
110.303
110.323
110.341
110.362
110.381
110.401
110.418
110.435
110.454
110.471
110.488
110.507
110.527
110.545
110.563
110.582
110.6
110.618
110.636
110.654
110.672
110.69
110.71
110.729
110.748
110.767
110.786
110.804
110.822
110.841
110.86
110.875
110.895
110.914
110.934
110.956
110.975
110.995
111.013
111.03
111.048
111.067
111.086
111.105
111.123
111.14
111.158
111.177
111.196
111.216
111.232
111.252
111.269
111.287
111.305
111.324
111.343
111.36
111.379
111.399
111.417
111.434
111.453
111.472
111.491
111.508
111.526
111.544
111.564
111.582
111.602
111.621
111.64
111.659
111.676
111.692
111.71
111.729
111.748
111.764
111.783
111.801
111.819
111.837
111.855
111.874
111.894
111.913
111.93
111.947
111.966
111.983
112.002
112.023
112.04
112.059
112.075
112.092
112.113
112.131
112.149
112.169
112.188
112.204
112.223
112.24
112.258
112.277
112.294
112.312
112.33
112.349
112.366
112.384
112.404
112.422
112.44
112.457
112.475
112.493
112.512
112.531
112.549
112.568
112.585
112.602
112.622
112.639
112.656
112.676
112.693
112.712
112.731
112.749
112.768
112.789
112.807
112.825
112.842
112.86
112.879
112.897
112.914
112.933
112.951
112.97
112.986
113.005
113.023
113.043
113.06
113.078
113.095
113.113
113.13
113.15
113.168
113.187
113.206
113.224
113.24
113.258
113.277
113.296
113.314
113.332
113.348
113.366
113.384
113.401
113.419
113.438
113.457
113.475
113.493
113.512
113.53
113.547
113.565
113.582
113.601
113.618
113.636
113.654
113.672
113.69
113.708
113.726
113.744
113.761
113.78
113.795
113.813
113.831
113.849
113.868
113.885
113.901
113.918
113.936
113.952
113.971
113.987
114.003
114.021
114.039
114.059
114.076
114.094
114.111
114.127
114.144
114.161
114.179
114.195
114.213
114.231
114.248
114.265
114.281
114.299
114.316
114.334
114.351
114.368
114.388
114.406
114.424
114.441
114.46
114.477
114.492
114.508
114.527
114.543
114.561
114.579
114.598
114.613
114.63
114.647
114.665
114.681
114.698
114.716
114.733
114.749
114.768
114.785
114.803
114.818
114.834
114.853
114.871
114.889
114.907
114.924
114.94
114.958
114.975
114.993
115.008
115.023
115.041
115.056
115.072
115.089
115.106
115.123
115.139
115.156
115.173
115.191
115.209
115.226
115.242
115.26
115.278
115.295
115.311
115.328
115.346
115.362
115.381
115.398
115.416
115.433
115.449
115.466
115.483
115.499
115.517
115.537
115.554
115.572
115.59
115.606
115.625
115.642
115.66
115.678
115.695
115.712
115.728
115.744
115.761
115.778
115.794
115.81
115.827
115.844
115.86
115.877
115.895
115.91
115.926
115.943
115.958
115.976
115.993
116.01
116.026
116.043
116.06
116.075
116.094
116.111
116.127
116.142
116.16
116.178
116.196
116.216
116.236
116.253
116.27
116.287
116.305
116.32
116.339
116.357
116.376
116.393
116.409
116.426
116.442
116.459
116.478
116.497
116.514
116.532
116.549
116.565
116.583
116.602
116.619
116.635
116.652
116.667
116.684
116.701
116.721
116.738
116.756
116.773
116.791
116.809
116.826
116.843
116.859
116.876
116.893
116.91
116.927
116.944
116.961
116.977
116.993
117.011
117.029
117.045
117.062
117.08
117.098
117.116
117.133
117.15
117.17
117.188
117.206
117.225
117.242
117.26
117.277
117.295
117.314
117.33
117.348
117.366
117.382
117.4
117.416
117.434
117.451
117.469
117.488
117.505
117.523
117.541
117.558
117.574
117.592
117.612
117.63
117.647
117.664
117.681
117.698
117.714
117.732
117.75
117.77
117.788
117.806
117.823
117.842
117.859
117.877
117.893
117.913
117.931
117.95
117.968
117.986
118.003
118.021
118.039
118.058
118.076
118.094
118.112
118.132
118.148
118.166
118.183
118.2
118.217
118.236
118.256
118.275
118.293
118.312
118.331
118.351
118.37
118.389
118.407
118.423
118.441
118.46
118.479
118.497
118.515
118.533
118.552
118.57
118.587
118.605
118.624
118.645
118.664
118.682
118.701
118.719
118.739
118.759
118.779
118.795
118.813
118.831
118.85
118.867
118.886
118.905
118.925
118.942
118.961
118.978
118.999
119.015
119.035
119.053
119.071
119.089
119.106
119.124
119.144
119.162
119.181
119.199
119.217
119.236
119.253
119.274
119.293
119.312
119.331
119.347
119.364
119.383
119.401
119.419
119.44
119.459
119.479
119.498
119.514
119.533
119.552
119.57
119.59
119.609
119.628
119.646
119.663
119.681
119.698
119.716
119.734
119.753
119.77
119.789
119.808
119.826
119.845
119.863
119.881
119.9
119.918
119.938
119.959
119.976
119.996
120.014
120.033
120.051
120.069
120.087
120.106
120.126
120.145
120.162
120.18
120.201
120.219
120.238
120.257
120.277
120.298
120.318
120.336
120.352
120.37
120.388
120.407
120.426
120.444
120.464
120.483
120.502
120.522
120.541
120.561
120.583
120.6
120.619
120.639
120.659
120.678
120.699
120.718
120.737
120.755
120.775
120.791
120.812
120.832
120.851
120.868
120.887
120.907
120.925
120.946
120.964
120.984
121.003
121.023
121.042
121.06
121.08
121.098
121.116
121.135
121.155
121.174
121.195
121.213
121.232
121.25
121.268
121.287
121.306
121.326
121.345
121.365
121.386
121.405
121.426
121.445
121.464
121.482
121.501
121.519
121.538
121.559
121.579
121.597
121.617
121.636
121.655
121.675
121.695
121.713
121.733
121.751
121.772
121.789
121.808
121.826
121.845
121.865
121.886
121.905
121.925
121.943
121.96
121.98
122
122.02
122.04
122.058
122.078
122.098
122.117
122.136
122.155
122.176
122.197
122.215
122.235
122.256
122.276
122.294
122.311
122.333
122.35
122.37
122.392
122.412
122.429
122.446
122.465
122.484
122.505
122.524
122.544
122.565
122.584
122.603
122.623
122.643
122.663
122.682
122.7
122.72
122.738
122.759
122.777
122.795
122.814
122.836
122.858
122.878
122.897
122.917
122.936
122.955
122.974
122.994
123.014
123.035
123.055
123.076
123.096
123.116
123.137
123.158
123.177
123.196
123.216
123.237
123.255
123.272
123.29
123.309
123.326
123.346
123.367
123.386
123.407
123.424
123.445
123.464
123.486
123.504
123.523
123.54
123.561
123.578
123.596
123.615
123.634
123.653
123.673
123.692
123.712
123.731
123.75
123.77
123.789
123.807
123.826
123.847
123.867
123.885
123.903
123.921
123.94
123.96
123.979
123.997
124.017
124.036
124.056
124.075
124.094
124.114
124.134
124.152
124.173
124.192
124.21
124.23
124.25
124.268
124.289
124.309
124.329
124.348
124.367
124.388
124.406
124.427
124.444
124.465
124.484
124.501
124.522
124.54
124.561
124.58
124.599
124.618
124.64
124.66
124.681
124.699
124.718
124.737
124.757
124.776
124.796
124.813
124.831
124.851
124.871
124.89
124.911
124.932
124.949
124.966
124.985
125.003
125.022
125.041
125.063
125.083
125.101
125.12
125.14
125.161
125.18
125.199
125.217
125.238
125.259
125.277
125.294
125.313
125.331
125.35
125.369
125.387
125.406
125.426
125.444
125.463
125.482
125.503
125.521
125.54
125.559
125.578
125.598
125.617
125.637
125.658
125.678
125.698
125.717
125.734
125.754
125.774
125.794
125.811
125.83
125.849
125.866
125.885
125.903
125.922
125.94
125.958
125.976
125.995
126.015
126.033
126.054
126.073
126.093
126.111
126.13
126.148
126.168
126.189
126.206
126.223
126.243
126.264
126.284
126.303
126.321
126.342
126.36
126.378
126.396
126.417
126.437
126.456
126.474
126.491
126.508
126.526
126.545
126.564
126.582
126.6
126.619
126.64
126.659
126.676
126.696
126.714
126.731
126.752
126.77
126.791
126.81
126.83
126.851
126.868
126.885
126.904
126.923
126.942
126.96
126.979
126.998
127.017
127.039
127.058
127.078
127.099
127.117
127.133
127.153
127.173
127.193
127.215
127.234
127.254
127.272
127.29
127.313
127.331
127.351
127.369
127.389
127.407
127.427
127.445
127.465
127.484
127.501
127.521
127.538
127.559
127.578
127.597
127.616
127.636
127.657
127.674
127.696
127.715
127.735
127.755
127.774
127.793
127.809
127.827
127.846
127.867
127.887
127.906
127.925
127.943
127.963
127.981
128
128.022
128.041
128.059
128.08
128.1
128.121
128.138
128.158
128.176
128.195
128.214
128.234
128.252
128.271
128.291
128.31
128.331
128.351
128.369
128.39
128.409
128.427
128.447
128.466
128.484
128.505
128.524
128.544
128.564
128.583
128.604
128.621
128.639
128.656
128.676
128.696
128.714
128.732
128.751
128.77
128.787
128.808
128.825
128.847
128.867
128.887
128.907
128.93
128.948
128.97
128.988
129.004
129.023
129.043
129.062
129.082
129.1
129.12
129.138
129.158
129.177
129.196
129.214
129.232
129.25
129.27
129.294
129.314
129.332
129.352
129.37
129.39
129.409
129.429
129.448
129.466
129.485
129.504
129.524
129.543
129.563
129.583
129.603
129.623
129.641
129.659
129.677
129.696
129.716
129.735
129.753
129.774
129.794
129.811
129.828
129.848
129.868
129.888
129.907
129.927
129.946
129.966
129.986
130.005
130.024
130.044
130.064
130.082
130.1
130.12
130.14
130.159
130.179
130.199
130.217
130.236
130.255
130.276
130.293
130.311
130.331
130.349
130.368
130.386
130.405
130.425
130.444
130.461
130.48
130.497
130.516
130.534
130.553
130.573
130.592
130.612
130.63
130.648
130.67
130.687
130.704
130.723
130.741
130.76
130.779
130.798
130.817
130.833
130.852
130.871
130.89
130.909
130.927
130.946
130.963
130.982
131.001
131.02
131.038
131.058
131.078
131.096
131.115
131.135
131.154
131.172
131.19
131.209
131.228
131.247
131.266
131.282
131.3
131.319
131.339
131.356
131.373
131.391
131.408
131.425
131.443
131.461
131.479
131.496
131.516
131.536
131.555
131.574
131.591
131.608
131.626
131.644
131.664
131.681
131.703
131.725
131.743
131.76
131.778
131.799
131.816
131.834
131.852
131.87
131.89
131.908
131.928
131.946
131.963
131.982
132
132.019
132.039
132.057
132.075
132.093
132.111
132.129
132.147
132.166
132.184
132.203
132.222
132.241
132.258
132.277
132.294
132.314
132.333
132.351
132.369
132.386
132.404
132.423
132.442
132.462
132.48
132.496
132.512
132.53
132.547
132.567
132.584
132.601
132.62
132.638
132.656
132.674
132.691
132.711
132.727
132.745
132.764
132.782
132.803
132.82
132.838
132.856
132.873
132.892
132.91
132.927
132.945
132.964
132.98
132.999
133.017
133.035
133.052
133.071
133.089
133.108
133.126
133.143
133.161
133.179
133.197
133.217
133.237
133.254
133.273
133.292
133.309
133.328
133.349
133.368
133.386
133.404
133.421
133.436
133.455
133.475
133.492
133.509
133.527
133.546
133.563
133.581
133.599
133.617
133.636
133.655
133.673
133.692
133.708
133.725
133.742
133.76
133.777
133.795
133.813
133.831
133.848
133.865
133.882
133.9
133.919
133.936
133.954
133.971
133.989
134.006
134.023
134.039
134.057
134.074
134.092
134.11
134.129
134.147
134.164
134.183
134.201
134.22
134.238
134.255
134.273
134.288
134.308
134.324
134.341
134.358
134.375
134.393
134.41
134.428
134.445
134.463
134.482
134.501
134.519
134.536
134.556
134.574
134.592
134.608
134.626
134.642
134.66
134.678
134.697
134.713
134.732
134.749
134.767
134.785
134.802
134.821
134.839
134.858
134.875
134.89
134.906
134.924
134.941
134.959
134.977
134.995
135.013
135.031
135.049
135.065
135.084
135.101
135.116
135.133
135.149
135.166
135.183
135.201
135.219
135.236
135.254
135.271
135.289
135.304
135.322
135.339
135.357
135.374
135.392
135.41
135.427
135.445
135.461
135.478
135.496
135.51
135.526
135.544
135.562
135.581
135.597
135.614
135.631
135.647
135.664
135.681
135.698
135.714
135.729
135.745
135.761
135.776
135.792
135.81
135.829
135.844
135.861
135.878
135.895
135.912
135.928
135.944
135.962
135.98
135.997
136.014
136.029
136.046
136.064
136.081
136.097
136.113
136.129
136.148
136.164
136.18
136.199
136.214
136.23
136.245
136.261
136.276
136.294
136.312
136.329
136.346
136.363
136.381
136.398
136.415
136.432
136.448
136.465
136.483
136.501
136.517
136.533
136.549
136.568
136.585
136.602
136.618
136.635
136.653
136.667
136.684
136.7
136.717
136.732
136.748
136.765
136.781
136.798
136.816
136.833
136.849
136.864
136.879
136.897
136.913
136.927
136.943
136.96
136.975
136.992
137.007
137.023
137.04
137.057
137.072
137.088
137.104
137.119
137.137
137.153
137.171
137.188
137.202
137.219
137.235
137.25
137.267
137.285
137.301
137.318
137.334
137.349
137.366
137.382
137.395
137.411
137.426
137.442
137.458
137.473
137.492
137.508
137.525
137.542
137.558
137.576
137.591
137.606
137.622
137.638
137.654
137.669
137.686
137.701
137.717
137.732
137.749
137.765
137.78
137.797
137.813
137.827
137.845
137.861
137.876
137.893
137.91
137.926
137.943
137.957
137.975
137.99
138.005
138.022
138.038
138.054
138.07
138.087
138.102
138.118
138.134
138.15
138.164
138.181
138.196
138.21
138.227
138.244
138.261
138.277
138.293
138.31
138.325
138.339
138.356
138.371
138.387
138.403
138.417
138.433
138.448
138.465
138.48
138.495
138.511
138.527
138.541
138.556
138.573
138.588
138.603
138.618
138.632
138.646
138.661
138.678
138.694
138.711
138.725
138.74
138.755
138.772
138.788
138.804
138.819
138.835
138.851
138.867
138.883
138.899
138.914
138.932
138.947
138.965
138.982
138.997
139.014
139.03
139.045
139.062
139.079
139.095
139.112
139.128
139.144
139.16
139.175
139.191
139.207
139.223
139.238
139.254
139.27
139.287
139.303
139.318
139.334
139.35
139.365
139.38
139.396
139.411
139.428
139.444
139.458
139.472
139.487
139.503
139.517
139.533
139.551
139.567
139.581
139.597
139.613
139.627
139.641
139.656
139.671
139.687
139.703
139.718
139.734
139.749
139.765
139.779
139.794
139.809
139.823
139.838
139.852
139.868
139.883
139.901
139.917
139.93
139.946
139.962
139.979
139.995
140.012
140.027
140.042
140.056
140.073
140.087
140.101
140.117
140.132
140.147
140.162
140.177
140.193
140.206
140.221
140.237
140.252
140.266
140.28
140.295
140.31
140.326
140.341
140.354
140.369
140.382
140.397
140.41
140.424
140.44
140.455
140.468
140.483
140.496
140.51
140.525
140.541
140.557
140.57
140.585
140.6
140.616
140.631
140.647
140.663
140.678
140.692
140.708
140.723
140.738
140.754
140.767
140.782
140.796
140.81
140.825
140.838
140.852
140.866
140.881
140.896
140.91
140.925
140.938
140.952
140.967
140.981
140.995
141.009
141.025
141.041
141.055
141.068
141.083
141.097
141.112
141.126
141.14
141.153
141.169
141.184
141.197
141.211
141.225
141.239
141.254
141.269
141.283
141.297
141.311
141.325
141.341
141.357
141.373
141.386
141.4
141.414
141.427
141.44
141.454
141.468
141.484
141.498
141.51
141.524
141.539
141.552
141.567
141.581
141.595
141.609
141.624
141.639
141.654
141.668
141.684
141.698
141.712
141.727
141.741
141.755
141.77
141.783
141.797
141.812
141.826
141.84
141.854
141.87
141.884
141.898
141.912
141.924
141.937
141.952
141.966
141.981
141.995
142.01
142.025
142.039
142.053
142.066
142.081
142.095
142.11
142.125
142.138
142.15
142.164
142.177
142.19
142.204
142.218
142.233
142.247
142.261
142.274
142.29
142.303
142.318
142.332
142.346
142.362
142.376
142.39
142.404
142.419
142.432
142.446
142.461
142.474
142.488
142.502
142.514
142.527
142.542
142.554
142.567
142.58
142.595
142.611
142.626
142.64
142.655
142.667
142.681
142.696
142.71
142.723
142.735
142.75
142.764
142.778
142.792
142.808
142.822
142.837
142.851
142.864
142.878
142.892
142.905
142.916
142.93
142.945
142.958
142.972
142.986
142.999
143.013
143.026
143.04
143.053
143.066
143.08
143.092
143.106
143.121
143.135
143.148
143.162
143.175
143.188
143.203
143.217
143.229
143.242
143.255
143.269
143.282
143.297
143.311
143.324
143.337
143.351
143.365
143.378
143.391
143.405
143.419
143.433
143.446
143.46
143.473
143.487
143.5
143.514
143.526
143.541
143.554
143.569
143.583
143.597
143.611
143.625
143.639
143.652
143.665
143.678
143.694
143.707
143.722
143.736
143.748
143.763
143.777
143.789
143.802
143.816
143.83
143.845
143.86
143.874
143.887
143.901
143.914
143.926
143.941
143.955
143.969
143.982
143.996
144.009
144.022
144.037
144.049
144.062
144.077
144.092
144.104
144.118
144.131
144.144
144.158
144.172
144.186
144.198
144.214
144.228
144.242
144.256
144.271
144.285
144.298
144.312
144.328
144.34
144.352
144.365
144.379
144.393
144.407
144.419
144.433
144.446
144.459
144.473
144.486
144.5
144.512
144.526
144.538
144.552
144.566
144.58
144.595
144.608
144.622
144.634
144.646
144.662
144.674
144.688
144.703
144.716
144.73
144.742
144.758
144.771
144.785
144.799
144.812
144.826
144.84
144.853
144.867
144.881
144.894
144.907
144.92
144.932
144.945
144.96
144.972
144.987
145
145.013
145.026
145.039
145.053
145.067
145.081
145.094
145.109
145.123
145.137
145.148
145.162
145.175
145.187
145.2
145.214
145.227
145.24
145.254
145.267
145.28
145.294
145.309
145.322
145.336
145.348
145.361
145.374
145.388
145.401
145.414
145.428
145.442
145.456
145.469
145.482
145.494
145.506
145.52
145.534
145.547
145.561
145.577
145.592
145.604
145.618
145.631
145.644
145.657
145.671
145.684
145.698
145.71
145.721
145.734
145.748
145.763
145.777
145.79
145.804
145.815
145.829
145.844
145.859
145.871
145.884
145.899
145.911
145.927
145.94
145.953
145.967
145.98
145.994
146.007
146.021
146.034
146.047
146.061
146.073
146.086
146.098
146.113
146.127
146.14
146.154
146.167
146.181
146.195
146.208
146.223
146.238
146.252
146.264
146.278
146.292
146.305
146.318
146.331
146.345
146.357
146.37
146.382
146.395
146.407
146.421
146.434
146.447
146.461
146.476
146.488
146.501
146.514
146.526
146.541
146.555
146.568
146.581
146.595
146.608
146.624
146.637
146.651
146.664
146.675
146.687
146.701
146.714
146.726
146.739
146.751
146.765
146.779
146.792
146.807
146.821
146.833
146.848
146.862
146.875
146.889
146.901
146.916
146.929
146.942
146.955
146.969
146.982
146.994
147.006
147.019
147.034
147.048
147.06
147.072
147.085
147.099
147.113
147.128
147.142
147.157
147.171
147.183
147.196
147.209
147.222
147.235
147.248
147.263
147.277
147.29
147.303
147.316
147.33
147.344
147.357
147.369
147.384
147.398
147.413
147.427
147.441
147.454
147.467
147.48
147.492
147.507
147.52
147.534
147.547
147.56
147.574
147.587
147.601
147.613
147.627
147.64
147.654
147.666
147.68
147.694
147.707
147.722
147.735
147.749
147.762
147.775
147.789
147.805
147.82
147.834
147.849
147.862
147.875
147.887
147.902
147.913
147.926
147.94
147.952
147.965
147.979
147.993
148.008
148.022
148.035
148.049
148.061
148.075
148.089
148.103
148.117
148.13
148.143
148.156
148.169
148.182
148.195
148.208
148.221
148.236
148.249
148.261
148.273
148.286
148.299
148.312
148.325
148.339
148.351
148.363
148.375
148.39
148.403
148.416
148.43
148.444
148.457
148.469
148.481
148.494
148.508
148.521
148.535
148.548
148.561
148.574
148.587
148.6
148.615
148.628
148.64
148.653
148.665
148.679
148.692
148.705
148.719
148.734
148.747
148.761
148.773
148.786
148.801
148.814
148.827
148.84
148.853
148.867
148.881
148.894
148.908
148.921
148.934
148.947
148.96
148.975
148.988
149.001
149.016
149.028
149.041
149.054
149.068
149.082
149.093
149.107
149.122
149.134
149.148
149.161
149.174
149.189
149.203
149.216
149.228
149.241
149.253
149.266
149.28
149.294
149.309
149.323
149.337
149.35
149.364
149.377
149.392
149.405
149.418
149.431
149.444
149.458
149.472
149.486
149.498
149.512
149.524
149.536
149.549
149.563
149.576
149.589
149.602
149.616
149.63
149.642
149.655
149.669
149.682
149.695
149.707
149.719
149.733
149.747
149.76
149.774
149.787
149.8
149.813
149.826
149.84
149.852
149.865
149.877
149.892
149.906
149.92
149.933
149.946
149.96
149.974
149.986
149.999
150.011
150.023
150.036
150.05
150.064
150.078
150.09
150.103
150.116
150.131
150.144
150.157
150.17
150.185
150.197
150.211
150.222
150.236
150.25
150.262
150.274
150.287
150.298
150.312
150.326
150.339
150.352
150.366
150.379
150.393
150.404
150.417
150.429
150.443
150.456
150.469
150.482
150.494
150.508
150.52
150.533
150.547
150.56
150.572
150.586
150.599
150.613
150.625
150.638
150.651
150.664
150.675
150.688
150.701
