2
2.5
2.83333
2.94444
3.16667
3.41667
3.43835
3.86667
4.03333
5.02557
6.36588
8.0303
9.51997
10.0207
10.8697
11.6446
12.3894
13.0026
13.501
13.9819
14.4103
14.7702
15.1201
15.4408
15.7219
15.9946
16.2521
16.5276
16.7548
16.9569
17.1611
17.3494
17.5423
17.7285
17.9033
18.0868
18.2249
18.399
18.5451
18.7046
18.8644
19.0128
19.1539
19.2816
19.4202
19.5508
19.6854
19.7999
19.9201
20.0366
20.1423
20.2589
20.3717
20.4784
20.5828
20.6977
20.81
20.899
20.9868
21.0821
21.1795
21.271
21.3767
21.4786
21.5641
21.6424
21.7237
21.8003
21.8819
21.9779
22.0587
22.1363
22.2169
22.2951
22.3717
22.4444
22.5279
22.6036
22.6755
22.7469
22.8091
22.8842
22.959
23.0282
23.0938
23.1631
23.2287
23.2914
23.3559
23.4215
23.491
23.546
23.602
23.6641
23.718
23.7761
23.8396
23.8973
23.9569
24.0153
24.0782
24.133
24.1856
24.235
24.2924
24.3514
24.4032
24.4508
24.4993
24.554
24.6082
24.669
24.7274
24.7779
24.828
24.8794
24.9345
24.9878
25.0302
25.0679
25.1131
25.1556
25.2013
25.248
25.2938
25.336
25.3793
25.4235
25.4686
25.5176
25.5593
25.6043
25.6456
25.6946
25.7417
25.7888
25.8324
25.8716
25.9104
25.9591
26.002
26.0456
26.0855
26.1262
26.1678
26.2095
26.2488
26.2875
26.3311
26.3678
26.4164
26.4482
26.4907
26.5292
26.5659
26.5995
26.6416
26.6777
26.7146
26.7527
26.7901
26.8319
26.8695
26.907
26.94
26.9781
27.0166
27.0512
27.0877
27.1202
27.1555
27.1857
27.2189
27.2566
27.2951
27.334
27.3714
27.4091
27.4452
27.4813
27.5197
27.5505
27.5821
27.6144
27.6449
27.6751
27.7101
27.7458
27.7745
27.8116
27.8446
27.8769
27.9084
27.9372
27.9663
27.9987
28.0304
28.0589
28.0895
28.1163
28.1467
28.1771
28.2058
28.2332
28.2653
28.2965
28.3244
28.3518
28.3786
28.4041
28.4322
28.4583
28.4836
28.5108
28.5346
28.5627
28.5904
28.6165
28.643
28.669
28.6985
28.7243
28.7515
28.7807
28.8064
28.8324
28.8557
28.882
28.9112
28.9389
28.9643
28.9934
29.0235
29.0508
29.0766
29.1019
29.1269
29.1519
29.1782
29.2002
29.2251
29.2497
29.2726
29.2964
29.3197
29.3426
29.3667
29.3906
29.4134
29.4368
29.461
29.4863
29.5081
29.5301
29.5548
29.5755
29.5974
29.6222
29.6453
29.6694
29.6944
29.716
29.7364
29.7588
29.781
29.8062
29.8282
29.8537
29.8777
29.9004
29.9234
29.9445
29.9656
29.9865
30.0071
30.0277
30.0503
30.0709
30.0954
30.118
30.1386
30.1587
30.1784
30.2006
30.2211
30.2421
30.2644
30.2859
30.3079
30.3274
30.3488
30.3705
30.3903
30.4111
30.431
30.4509
30.472
30.4932
30.5124
30.532
30.5527
30.5725
30.5915
30.6112
30.631
30.6494
30.6689
30.6866
30.7064
30.7255
30.7456
30.7639
30.7838
30.8029
30.8198
30.8386
30.8592
30.879
30.8955
30.9131
30.9321
30.951
30.9708
30.9916
31.0098
31.0272
31.0435
31.0609
31.0777
31.0949
31.1142
31.1305
31.1491
31.1668
31.185
31.2022
31.2195
31.2387
31.2562
31.2743
31.2901
31.3079
31.3249
31.3421
31.3593
31.377
31.3932
31.4103
31.4287
31.445
31.4653
31.481
31.4995
31.5174
31.5344
31.5511
31.5686
31.5866
31.6035
31.6206
31.6381
31.6562
31.6742
31.6889
31.7047
31.7216
31.7371
31.7532
31.7681
31.7833
31.7988
31.8151
31.8301
31.8464
31.8625
31.8775
31.8952
31.9107
31.927
31.9435
31.9584
31.976
31.9927
32.0086
32.0234
32.0368
32.0526
32.0692
32.0867
32.1036
32.1196
32.136
32.1537
32.1668
32.184
32.1989
32.2123
32.2275
32.2446
32.2601
32.2757
32.2902
32.3043
32.3191
32.3324
32.3483
32.3628
32.3767
32.3891
32.4046
32.4209
32.4376
32.4509
32.4664
32.4836
32.5002
32.515
32.5304
32.5455
32.5593
32.573
32.5876
32.6031
32.6183
32.6336
32.6484
32.6638
32.6794
32.6935
32.708
32.7223
32.7369
32.7518
32.7662
32.7797
32.7954
32.8108
32.8264
32.8412
32.8558
32.8695
32.8828
32.8981
32.9124
32.9266
32.9409
32.9546
32.9687
32.9806
32.9957
33.0099
33.0227
33.0355
33.0495
33.0614
33.074
33.087
33.1017
33.116
33.1298
33.1429
33.1582
33.1708
33.1843
33.1981
33.2117
33.2242
33.2368
33.2512
33.2647
33.277
33.2903
33.3025
33.3163
33.3289
33.3426
33.3558
33.3699
33.3819
33.3954
33.4094
33.4234
33.4357
33.4468
33.4606
33.4736
33.486
33.4991
33.512
33.5249
33.5354
33.5485
33.5608
33.5729
33.5856
33.5985
33.6109
33.6245
33.636
33.6494
33.6619
33.6746
33.6876
33.6995
33.7131
33.7245
33.7364
33.7491
33.7615
33.7743
33.7861
33.7985
33.8097
33.8218
33.8364
33.8489
33.8609
33.8742
33.8872
33.8992
33.9114
33.9226
33.9343
33.9466
33.9587
33.9703
33.9823
33.9934
34.005
34.0179
34.0301
34.0417
34.0516
34.0629
34.0762
34.0867
34.0982
34.1103
34.1215
34.1331
34.1441
34.1555
34.1681
34.1796
34.1902
34.2001
34.2123
34.2231
34.233
34.2443
34.2561
34.2672
34.2784
34.2903
34.3008
34.3128
34.3241
34.3357
34.3473
34.358
34.3686
34.3797
34.3915
34.4019
34.4135
34.4262
34.4374
34.4495
34.4613
34.4728
34.4845
34.4958
34.5057
34.517
34.5296
34.5408
34.552
34.5621
34.5729
34.5841
34.5943
34.605
34.6166
34.6267
34.6374
34.649
34.66
34.6708
34.681
34.6925
34.703
34.7138
34.7244
34.7357
34.7462
34.7567
34.768
34.7792
34.7909
34.801
34.8142
34.8237
34.8349
34.8464
34.857
34.8665
34.8769
34.888
34.8994
34.9095
34.9204
34.9303
34.9391
34.95
34.9605
34.971
34.9814
34.9914
35.0029
35.0125
35.0224
35.0327
35.0441
35.0543
35.0645
35.0743
35.0834
35.0939
35.104
35.1151
35.125
35.1349
35.1438
35.1536
35.1629
35.1733
35.1847
35.1947
35.2045
35.2137
35.2237
35.2328
35.2418
35.2516
35.2616
35.2721
35.2823
35.293
35.3031
35.3123
35.3239
35.3355
35.3451
35.3546
35.3645
35.3726
35.3824
35.392
35.4013
35.4113
35.4209
35.4302
35.4398
35.4501
35.4592
35.4691
35.4801
35.4898
35.4993
35.5092
35.5191
35.5285
35.5388
35.5477
35.5579
35.568
35.5781
35.587
35.596
35.6057
35.6151
35.6254
35.6355
35.6448
35.6535
35.663
35.6735
35.6824
35.6916
35.701
35.7113
35.7213
35.7308
35.7402
35.7489
35.7593
35.768
35.7771
35.7876
35.7967
35.8065
35.8163
35.8266
35.8358
35.8445
35.8526
35.862
35.8709
35.8799
35.8883
35.8977
35.9076
35.9171
35.9254
35.934
35.943
35.9527
35.9614
35.97
35.9787
35.9883
35.9971
36.0056
36.0155
36.0247
36.035
36.0431
36.0522
36.0615
36.0702
36.0801
36.0899
36.098
36.1071
36.1163
36.1242
36.134
36.1436
36.153
36.1615
36.17
36.1788
36.1872
36.1965
36.2055
36.2146
36.223
36.2317
36.2404
36.25
36.2597
36.2688
36.277
36.2854
36.2947
36.3038
36.3121
36.3193
36.3282
36.3367
36.3454
36.3532
36.3608
36.3702
36.3793
36.3887
36.3964
36.4053
36.4134
36.422
36.4316
36.4397
36.449
36.4576
36.4667
36.4749
36.4839
36.4931
36.5014
36.5096
36.5186
36.5265
36.5353
36.5456
36.5539
36.5632
36.5711
36.5807
36.5899
36.5979
36.6064
36.6142
36.6238
36.6334
36.6425
36.6503
36.6589
36.6669
36.6753
36.6838
36.6918
36.7001
36.7081
36.7155
36.7238
36.7322
36.7414
36.75
36.7579
36.7671
36.7749
36.7836
36.7927
36.7998
36.8078
36.815
36.8237
36.8319
36.839
36.8471
36.8553
36.8639
36.8716
36.8795
36.8882
36.8966
36.9053
36.9136
36.9215
36.9294
36.9363
36.9444
36.9521
36.9601
36.9675
36.9754
36.984
36.992
37.0002
37.0069
37.0149
37.0227
37.0308
37.0395
37.0474
37.0551
37.0632
37.0709
37.0785
37.0866
37.0944
37.1025
37.111
37.1197
37.1277
37.1364
37.1433
37.1514
37.1594
37.1671
37.1744
37.1837
37.1912
37.1989
37.2078
37.2167
37.224
37.2322
37.2408
37.2491
37.2566
37.2645
37.2722
37.2801
37.287
37.2954
37.3044
37.3117
37.3208
37.3284
37.3367
37.3454
37.3531
37.3614
37.3694
37.3765
37.3849
37.3931
37.401
37.4082
37.4155
37.4231
37.4304
37.4379
37.4462
37.4535
37.4606
37.4671
37.4752
37.4827
37.4904
37.4986
37.5065
37.513
37.5209
37.5288
37.5365
37.544
37.5517
37.5588
37.5673
37.5752
37.5826
37.5905
37.5991
37.6057
37.6134
37.6206
37.6282
37.6346
37.6424
37.6499
37.658
37.6649
37.6722
37.6798
37.6866
37.6936
37.7012
37.7091
37.7163
37.7238
37.7317
37.7394
37.7481
37.7554
37.763
37.7708
37.7785
37.786
37.7934
37.8008
37.8085
37.8164
37.8233
37.8301
37.8374
37.8446
37.8524
37.8595
37.8664
37.8746
37.8811
37.8885
37.8958
37.9029
37.9098
37.9169
37.924
37.931
37.9386
37.9454
37.953
37.9597
37.9678
37.9763
37.983
37.9902
37.9979
38.005
38.0121
38.0187
38.0254
38.0327
38.0404
38.0468
38.0544
38.0604
38.0669
38.0732
38.0812
38.0893
38.098
38.1052
38.112
38.1191
38.1259
38.133
38.1398
38.1466
38.1533
38.16
38.1671
38.1751
38.1824
38.1902
38.1976
38.2046
38.2119
38.2187
38.2261
38.2326
38.2395
38.246
38.2532
38.26
38.2666
38.2737
38.281
38.2878
38.2948
38.3019
38.3089
38.3152
38.3225
38.3292
38.3361
38.3435
38.3511
38.357
38.3643
38.3711
38.3786
38.3854
38.3918
38.398
38.4048
38.4109
38.4176
38.4245
38.4313
38.438
38.4449
38.4527
38.4596
38.4673
38.4734
38.4802
38.486
38.4929
38.5005
38.5067
38.5132
38.5205
38.5274
38.5346
38.5407
38.5479
38.5548
38.5619
38.5691
38.5758
38.5828
38.5899
38.5965
38.6028
38.6093
38.6158
38.6224
38.629
38.6355
38.6421
38.6483
38.6547
38.6611
38.6682
38.6742
38.6808
38.6877
38.6944
38.7001
38.7067
38.7125
38.7198
38.7266
38.7342
38.742
38.7487
38.7558
38.7622
38.7691
38.7764
38.7827
38.7888
38.7952
38.8019
38.8075
38.8141
38.8209
38.8285
38.8361
38.842
38.8491
38.8566
38.8635
38.8709
38.8777
38.8843
38.8909
38.897
38.9047
38.9104
38.917
38.9239
38.9307
38.9371
38.9432
38.9493
38.9555
38.962
38.969
38.9753
38.9818
38.9879
38.9945
39.0003
39.0065
39.0129
39.0194
39.0262
39.0326
39.0397
39.0467
39.0525
39.059
39.0654
39.0715
39.0782
39.0846
39.0909
39.097
39.1035
39.1098
39.1156
39.1216
39.1276
39.134
39.1407
39.1477
39.1546
39.1616
39.168
39.1747
39.1804
39.1865
39.1926
39.1984
39.205
39.2109
39.2178
39.2244
39.2307
39.2369
39.2435
39.2503
39.2567
39.2641
39.27
39.2763
39.2833
39.2904
39.2965
39.3039
39.3098
39.316
39.3229
39.3294
39.3356
39.3416
39.3479
39.3548
39.3608
39.3666
39.3732
39.3798
39.3858
39.3917
39.3982
39.4041
39.4106
39.417
39.423
39.4294
39.4354
39.442
39.4484
39.4551
39.4616
39.468
39.4741
39.4812
39.4877
39.4937
39.4998
39.5061
39.5124
39.5183
39.5246
39.5302
39.536
39.542
39.5481
39.5543
39.5611
39.5673
39.5728
39.5793
39.5858
39.5924
39.5989
39.6049
39.6116
39.6175
39.6242
39.6306
39.6367
39.6428
39.6487
39.6552
39.6608
39.6678
39.6735
39.6801
39.6861
39.6916
39.6979
39.7038
39.7103
39.7166
39.7226
39.7283
39.7344
39.7398
39.7455
39.7517
39.7576
39.7635
39.7705
39.7766
39.7829
39.7884
39.7943
39.8
39.8062
39.8126
39.8191
39.8259
39.8318
39.8378
39.843
39.8489
39.855
39.8606
39.8671
39.8729
39.878
39.8834
39.8892
39.8949
39.9004
39.9063
39.9119
39.9184
39.9244
39.9297
39.9354
39.941
39.946
39.9527
39.9585
39.9643
39.9695
39.9754
39.9808
39.9875
39.9932
39.999
40.0051
40.0112
40.0171
40.0231
40.0286
40.0344
40.04
40.0458
40.051
40.0566
40.0628
40.0685
40.0752
40.081
40.0868
40.0924
40.0983
40.1044
40.1105
40.1158
40.1216
40.1277
40.1334
40.1385
40.1456
40.1517
40.158
40.1639
40.1697
40.1751
40.1808
40.1865
40.1923
40.1979
40.2038
40.209
40.2149
40.2206
40.2265
40.2319
40.2379
40.2439
40.2489
40.2554
40.2615
40.2667
40.2724
40.2778
40.2833
40.2891
40.2948
40.3009
40.3062
40.3122
40.3178
40.3237
40.3296
40.3352
40.3409
40.3465
40.3516
40.3574
40.3622
40.3681
40.3737
40.3788
40.3852
40.3906
40.3957
40.4018
40.4078
40.4129
40.4186
40.4248
40.43
40.4354
40.4413
40.447
40.4531
40.459
40.4644
40.4699
40.4756
40.4807
40.4863
40.4917
40.4968
40.5013
40.5074
40.5131
40.5184
40.5238
40.5301
40.5358
40.5422
40.5479
40.5534
40.5588
40.5645
40.57
40.575
40.5809
40.5864
40.5922
40.5969
40.603
40.6081
40.613
40.6188
40.6241
40.63
40.6352
40.6399
40.6452
40.6506
40.6559
40.6619
40.6672
40.6725
40.6779
40.6833
40.6889
40.6949
40.7006
40.706
40.7115
40.7166
40.7221
40.7272
40.7326
40.738
40.7436
40.7489
40.7546
40.7602
40.766
40.7717
40.7775
40.7831
40.7879
40.7924
40.7988
40.8043
40.8094
40.8141
40.8198
40.8254
40.8302
40.8367
40.843
40.8485
40.8539
40.8593
40.8644
40.8697
40.8753
40.8806
40.8855
40.8911
40.8973
40.9027
40.9079
40.914
40.9198
40.925
40.9306
40.936
40.9412
40.9473
40.9531
40.9583
40.9644
40.97
40.9758
40.9811
40.9872
40.9928
40.9981
41.0032
41.0083
41.0141
41.0196
41.0246
41.0297
41.0351
41.0402
41.0455
41.0506
41.056
41.0616
41.067
41.0719
41.0771
41.0828
41.0877
41.093
41.0986
41.1049
41.1099
41.1149
41.1204
41.1261
41.131
41.1364
41.1411
41.1472
41.1532
41.159
41.1638
41.1686
41.1735
41.1785
41.1841
41.1894
41.195
41.2002
41.2054
41.2108
41.2161
41.2212
41.2262
41.2315
41.2373
41.2419
41.2473
41.2528
41.2578
41.2626
41.2674
41.2725
41.2781
41.2835
41.2892
41.2949
41.2996
41.3049
41.3099
41.315
41.3195
41.3248
41.33
41.335
41.3403
41.3445
41.3501
41.3549
41.3597
41.3646
41.3701
41.3755
41.3803
41.3858
41.3907
41.3957
41.4011
41.406
41.4115
41.4169
41.4221
41.4271
41.4324
41.4378
41.4436
41.4486
41.4543
41.4601
41.465
41.4703
41.476
41.4818
41.4863
41.4912
41.4965
41.5021
41.5078
41.5126
41.5181
41.5228
41.5274
41.5329
41.5385
41.5434
41.5486
41.5546
41.5592
41.5637
41.5692
41.5742
41.5798
41.5848
41.5901
41.5956
41.6009
41.6065
41.6114
41.6167
41.6223
41.6278
41.6322
41.6376
41.6429
41.6485
41.6537
41.6583
41.6636
41.6691
41.6745
41.68
41.6848
41.69
41.6944
41.6987
41.7036
41.709
41.7154
41.7205
41.7258
41.7319
41.7367
41.7417
41.7466
41.7516
41.7567
41.7616
41.7661
41.7708
41.776
41.7812
41.7864
41.7919
41.797
41.802
41.8066
41.8116
41.8166
41.8216
41.8269
41.8317
41.8368
41.8415
41.8465
41.8514
41.8567
41.8617
41.8675
41.8731
41.8782
41.8828
41.888
41.8929
41.8977
41.9032
41.9084
41.9134
41.9181
41.9231
41.9278
41.9331
41.9377
41.9428
41.9483
41.9529
41.958
41.9634
41.9684
41.9734
41.9772
41.9824
41.9871
41.9919
41.9968
42.0019
42.0072
42.0116
42.0169
42.022
42.0265
42.0314
42.0368
42.0424
42.0469
42.0527
42.0578
42.0627
42.0674
42.0724
42.077
42.0816
42.0869
42.0914
42.0961
42.1011
42.1062
42.1105
42.1158
42.1209
42.1261
42.1306
42.1348
42.1395
42.1445
42.1495
42.1542
42.1593
42.1643
42.169
42.1744
42.1792
42.184
42.1889
42.1938
42.1992
42.205
42.2104
42.2151
42.2198
42.2246
42.2294
42.2337
42.2382
42.2433
42.2485
42.2539
42.2592
42.2636
42.2684
42.2732
42.2782
42.283
42.2884
42.2928
42.2974
42.3025
42.3076
42.3123
42.3174
42.3228
42.3275
42.3325
42.3371
42.3418
42.3464
42.3507
42.3556
42.3603
42.365
42.3699
42.3743
42.3795
42.3843
42.3889
42.3936
42.3983
42.4029
42.4081
42.4132
42.4181
42.4233
42.4281
42.4333
42.4381
42.4431
42.4481
42.4528
42.458
42.4631
42.4682
42.4727
42.4774
42.4823
42.4867
42.4918
42.4965
42.5012
42.5059
42.5106
42.5154
42.5208
42.5257
42.5304
42.5354
42.5394
42.5447
42.5492
42.5541
42.5585
42.5632
42.5685
42.5731
42.5776
42.5823
42.5871
42.5921
42.5975
42.6024
42.6071
42.6121
42.6172
42.6216
42.6263
42.631
42.6361
42.6406
42.6451
42.6505
42.6552
42.6594
42.6648
42.6696
42.6742
42.6794
42.6848
42.69
42.6948
42.6994
42.704
42.709
42.7136
42.7184
42.7236
42.7288
42.7339
42.7388
42.7437
42.7484
42.7529
42.7578
42.7619
42.7665
42.7712
42.7758
42.7811
42.7854
42.7902
42.7949
42.7998
42.8046
42.8091
42.8137
42.8193
42.8244
42.8295
42.8341
42.839
42.8436
42.8483
42.8521
42.8564
42.8614
42.8656
42.8707
42.8753
42.8799
42.8853
42.8901
42.8943
42.8993
42.9043
42.9089
42.9133
42.9184
42.9228
42.9279
42.9334
42.9377
42.9421
42.9461
42.9508
42.9559
42.9616
42.9664
42.9709
42.9763
42.981
42.9856
42.9904
42.9952
43.0001
43.0042
43.0084
43.0136
43.0182
43.023
43.0285
43.0337
43.0382
43.0426
43.0471
43.0517
43.0564
43.0613
43.066
43.0704
43.0754
43.08
43.0845
43.0895
43.0939
43.0982
43.1033
43.1081
43.1131
43.1175
43.1221
43.1271
43.1314
43.1366
43.1415
43.1459
43.1505
43.1559
43.1608
43.1653
43.1694
43.1739
43.1787
43.1836
43.1887
43.1939
43.1984
43.2031
43.2075
43.2122
43.2161
43.2209
43.2252
43.2306
43.2356
43.2404
43.2447
43.2498
43.2548
43.259
43.2629
43.2674
43.2713
43.2764
43.2808
43.2855
43.2893
43.2938
43.2981
43.3028
43.3077
43.3125
43.3175
43.3219
43.3267
43.3317
43.336
43.3409
43.3449
43.3493
43.3545
43.359
43.3636
43.3682
43.3732
43.3775
43.3824
43.3872
43.3918
43.3962
43.4006
43.4052
43.4096
43.4142
43.4189
43.4232
43.4279
43.4324
43.437
43.4414
43.4459
43.4507
43.4552
43.4598
43.4644
43.469
43.4739
43.4786
43.4826
43.4881
43.4925
43.4977
43.5023
43.5067
43.5118
43.5163
43.5209
43.525
43.529
43.5335
43.5379
43.5432
43.5476
43.5529
43.5575
43.5622
43.5672
43.572
43.5761
43.5814
43.5862
43.591
43.596
43.6005
43.6052
43.6098
43.6142
43.6185
43.6232
43.6282
43.6328
43.6375
43.6418
43.6458
43.6502
43.6547
43.659
43.6633
43.6681
43.6723
43.6771
43.6813
43.6859
43.6904
43.6948
43.6999
43.7052
43.7093
43.7137
43.7178
43.7223
43.7271
43.7315
43.7359
43.7405
43.7451
43.7503
43.7549
43.7596
43.7641
43.7692
43.7737
43.7788
43.7835
43.788
43.793
43.7978
43.8022
43.8072
43.8118
43.8156
43.8205
43.8255
43.8301
43.835
43.8395
43.8442
43.8491
43.8532
43.8581
43.8624
43.8676
43.872
43.8769
43.8814
43.8863
43.8913
43.8958
43.901
43.9059
43.9111
43.916
43.9209
43.9258
43.9308
43.9355
43.9396
43.9444
43.9485
43.9528
43.9576
43.9626
43.9671
43.9717
43.9766
43.9814
43.9858
43.9905
43.9954
44.0002
44.0047
44.0094
44.0141
44.0191
44.0234
44.0275
44.032
44.036
44.0408
44.0455
44.0498
44.0545
44.059
44.0639
44.0682
44.0728
44.0773
44.0822
44.0867
44.0915
44.0961
44.101
44.1058
44.1104
44.1151
44.1194
44.1242
44.129
44.1334
44.1379
44.1425
44.1471
44.1518
44.1562
44.1608
44.165
44.1697
44.1745
44.1787
44.1832
44.1879
44.192
44.1962
44.2007
44.2058
44.2106
44.2152
44.2202
44.2245
44.229
44.2335
44.2383
44.2427
44.2474
44.2518
44.2563
44.261
44.2656
44.2705
44.275
44.2804
44.2846
44.289
44.2939
44.2987
44.3037
44.3077
44.3123
44.3165
44.3205
44.3249
44.3292
44.3343
44.3395
44.3444
44.3482
44.3531
44.358
44.3628
44.3669
44.3711
44.375
44.3794
44.3841
44.3884
44.3933
44.3977
44.4021
44.4065
44.4107
44.4152
44.4196
44.4246
44.429
44.4342
44.4388
44.4433
44.4478
44.4526
44.4573
44.4619
44.4658
44.4708
44.4758
44.4803
44.4849
44.4892
44.494
44.4991
44.5034
44.5081
44.5126
44.5172
44.522
44.5271
44.5317
44.5367
44.5415
44.5471
44.5514
44.5557
44.5614
44.5665
44.5712
44.5759
44.5807
44.5846
44.5891
44.5933
44.5975
44.6023
44.6072
44.6118
44.6163
44.621
44.6257
44.6304
44.6349
44.6396
44.6439
44.6482
44.6527
44.6575
44.6613
44.6657
44.6703
44.6752
44.6803
44.6849
44.6893
44.6939
44.6985
44.7033
44.7076
44.7127
44.7178
44.7223
44.7268
44.7316
44.7362
44.7407
44.7457
44.7496
44.7541
44.7581
44.7625
44.7671
44.7718
44.7765
44.7808
44.7851
44.7896
44.794
44.7981
44.8028
44.8069
44.8113
44.8151
44.82
44.8245
44.8292
44.8339
44.8386
44.8436
44.8487
44.8531
44.8576
44.8621
44.8661
44.8712
44.8756
44.8803
44.885
44.8895
44.8937
44.8988
44.9036
44.9083
44.913
44.918
44.9231
44.9279
44.9324
44.9375
44.9421
44.9464
44.9503
44.9551
44.9595
44.9641
44.9696
44.9742
44.979
44.9835
44.9884
44.9925
44.997
45.0017
45.0065
45.0107
45.015
45.0204
45.0248
45.0292
45.0336
45.0383
45.0428
45.0475
45.0514
45.0561
45.061
45.0658
45.0706
45.0746
45.0792
45.0836
45.0881
45.0931
45.097
45.102
45.1061
45.1103
45.115
45.1191
45.124
45.1285
45.1335
45.138
45.1427
45.1467
45.1509
45.1551
45.1597
45.1643
45.1687
45.1734
45.178
45.1825
45.187
45.1913
45.1958
45.2006
45.2052
45.2094
45.2143
45.2191
45.2232
45.2281
45.2327
45.2375
45.2417
45.2464
45.251
45.2556
45.2605
45.265
45.2694
45.274
45.2781
45.2828
45.2869
45.2914
45.2957
45.3002
45.3045
45.3092
45.3139
45.3183
45.3225
45.3269
45.3317
45.3358
45.3405
45.3444
45.3488
45.3535
45.3584
45.3634
45.3675
45.3717
45.3765
45.3811
45.3854
45.3902
45.3944
45.3987
45.4035
45.408
45.4123
45.4173
45.422
45.4265
45.4309
45.4355
45.4398
45.444
45.4487
45.4535
45.4584
45.463
45.4681
45.473
45.4779
45.4825
45.4867
45.4915
45.4965
45.5012
45.5061
45.5105
45.515
45.5201
45.5249
45.5293
45.5342
45.5389
45.5435
45.548
45.5524
45.5571
45.5618
45.5658
45.5703
45.575
45.5792
45.5833
45.5869
45.5912
45.5955
45.5999
45.6044
45.6092
45.6139
45.6183
45.6229
45.6277
45.6321
45.6366
45.641
45.6457
45.6504
45.6551
45.6592
45.6643
45.6682
45.6729
45.6772
45.6819
45.6863
45.6906
45.6951
45.6995
45.7043
45.7085
45.7131
45.7173
45.7215
45.7259
45.7309
45.7359
45.7407
45.7451
45.7502
45.7546
45.7588
45.763
45.7675
45.7722
45.7767
45.7812
45.786
45.7902
45.795
45.7992
45.804
45.809
45.8137
45.8183
45.8232
45.8276
45.8318
45.836
45.8403
45.8447
45.8495
45.8544
45.8589
45.8641
45.8685
45.8731
45.878
45.8825
45.8866
45.8914
45.896
45.9005
45.9052
45.91
45.9144
45.919
45.9231
45.9276
45.9323
45.937
45.9416
45.9458
45.9499
45.9545
45.9592
45.9633
45.9681
45.9721
45.9771
45.9818
45.9863
45.9909
45.9962
46.0005
46.005
46.0095
46.0144
46.0191
46.0241
46.0289
46.0337
46.0381
46.0424
46.0467
46.0508
46.055
46.0593
46.0639
46.0684
46.0724
46.0768
46.0816
46.087
46.0913
46.0959
46.101
46.1053
46.1097
46.1145
46.1194
46.1236
46.1282
46.1327
46.1371
46.1418
46.1463
46.151
46.1557
46.1599
46.1649
46.1693
46.1739
46.1779
46.1826
46.1868
46.1913
46.1965
46.2013
46.2058
46.2097
46.2146
46.2191
46.2244
46.2295
46.2337
46.2377
46.242
46.2472
46.2517
46.2563
46.2607
46.2649
46.2697
46.2744
46.2787
46.2832
46.2881
46.2927
46.2977
46.3018
46.3068
46.3116
46.3159
46.32
46.3248
46.3296
46.3338
46.3387
46.3436
46.3481
46.3532
46.3574
46.3617
46.3665
46.371
46.3756
46.3804
46.385
46.3895
46.3941
46.3987
46.4034
46.4078
46.4124
46.4167
46.4216
46.4262
46.4309
46.4354
46.4399
46.445
46.4502
46.4547
46.4592
46.4635
46.4678
46.4721
46.4772
46.4809
46.4858
46.4904
46.4953
46.5003
46.5044
46.5096
46.5138
46.5183
46.523
46.5274
46.5322
46.5362
46.5403
46.5451
46.5499
46.5543
46.5588
46.5631
46.5676
46.5723
46.5772
46.5819
46.5866
46.5915
46.5967
46.6014
46.6065
46.6113
46.6155
46.62
46.6243
46.6291
46.634
46.6382
46.6432
46.6473
46.6521
46.6568
46.6618
46.6665
46.6707
46.676
46.6808
46.6854
46.6894
46.6937
46.6981
46.7026
46.7072
46.712
46.7164
46.7213
46.7257
46.7301
46.7349
46.74
46.745
46.7496
46.7544
46.7585
46.7629
46.7674
46.772
46.7765
46.7811
46.7857
46.7898
46.7939
46.7979
46.8028
46.8068
46.8113
46.8162
46.8204
46.8252
46.8301
46.8348
46.8393
46.8445
46.8491
46.8536
46.8579
46.8622
46.8671
46.8721
46.8765
46.8809
46.8851
46.8896
46.8935
46.8982
46.9024
46.9071
46.9121
46.9171
46.9213
46.9258
46.9299
46.9343
46.9389
46.9436
46.9486
46.9536
46.9582
46.963
46.968
46.9726
46.9772
46.9822
46.9864
46.9914
46.996
47.0006
47.0055
47.0106
47.0154
47.0197
47.0247
47.0297
47.034
47.0386
47.043
47.0475
47.0526
47.0576
47.0618
47.0659
47.0701
47.0754
47.0799
47.0844
47.0884
47.0927
47.0981
47.1027
47.107
47.112
47.1164
47.1211
47.1252
47.1299
47.1341
47.1387
47.1435
47.1483
47.1532
47.158
47.163
47.1678
47.1726
47.1774
47.182
47.1868
47.1915
47.1961
47.2005
47.205
47.2094
47.2135
47.218
47.2225
47.2269
47.2313
47.2361
47.241
47.2458
47.2507
47.2556
47.2601
47.2643
47.2685
47.2728
47.2771
47.2814
47.286
47.2908
47.2957
47.3008
47.3059
47.3105
47.315
47.319
47.3232
47.3275
47.3323
47.3365
47.3415
47.3459
47.3508
47.3553
47.3597
47.3638
47.3686
47.3735
47.3784
47.3828
47.3873
47.392
47.3968
47.4012
47.4061
47.4109
47.4154
47.4202
47.4251
47.4301
47.4346
47.4393
47.4447
47.4495
47.454
47.4582
47.4631
47.4675
47.4723
47.4765
47.4818
47.4865
47.491
47.4956
47.4998
47.5039
47.5088
47.5131
47.5184
47.5229
47.5271
47.5318
47.5361
47.5404
47.5446
47.5491
47.554
47.558
47.5629
47.5669
47.5718
47.5768
47.5817
47.5864
47.5912
47.5956
47.6005
47.6047
47.6097
47.6136
47.6186
47.6236
47.6281
47.6323
47.6372
47.6423
47.6474
47.6518
47.6561
47.6606
47.6648
47.669
47.6739
47.6779
47.6825
47.6874
47.6921
47.6969
47.7015
47.7065
47.7111
47.7161
47.7209
47.7254
47.7306
47.7347
47.7393
47.7442
47.7493
47.7539
47.7582
47.7624
47.767
47.7715
47.776
47.7802
47.7848
47.7894
47.7938
47.7986
47.8032
47.8078
47.8125
47.8168
47.8216
47.8262
47.8308
47.8351
47.8399
47.8443
47.8487
47.8535
47.8584
47.8632
47.8676
47.8721
47.8773
47.8817
47.8868
47.8911
47.8959
47.9002
47.9044
47.9085
47.9133
47.9173
47.9222
47.9271
47.9317
47.9364
47.9407
47.9458
47.9503
47.9552
47.9601
47.9649
47.9696
47.974
47.9787
47.9838
47.988
47.9925
47.9971
48.0019
48.0059
48.0101
48.015
48.02
48.0242
48.0286
48.0333
48.0377
48.042
48.0469
48.0514
48.0564
48.0614
48.0657
48.0705
48.0757
48.0803
48.0853
48.0895
48.0944
48.0991
48.1031
48.1085
48.1134
48.1182
48.1227
48.1272
48.1314
48.1361
48.1407
48.1457
48.1505
48.1558
48.1606
48.1651
48.1697
48.1745
48.1788
48.1835
48.1879
48.1925
48.1974
48.2021
48.2069
48.2116
48.2164
48.2207
48.225
48.2292
48.2342
48.2388
48.2436
48.2479
48.2525
48.2576
48.2621
48.2668
48.2714
48.276
48.281
48.2855
48.2906
48.2958
48.3008
48.3059
48.3108
48.3151
48.3197
48.3244
48.3285
48.333
48.3375
48.3423
48.3469
48.3516
48.3567
48.3611
48.3657
48.3708
48.3752
48.3805
48.3849
48.3898
48.3943
48.3994
48.4039
48.4094
48.4139
48.4184
48.423
48.4281
48.4326
48.4376
48.4428
48.4476
48.4519
48.4565
48.4608
48.4653
48.4702
48.4753
48.4798
48.484
48.4882
48.4928
48.4976
48.5016
48.5066
48.5113
48.5157
48.5209
48.5261
48.5306
48.5354
48.5398
48.5449
48.5494
48.5542
48.5591
48.5637
48.5682
48.5727
48.5779
48.5829
48.5875
48.5921
48.5967
48.6018
48.6062
48.6108
48.6152
48.62
48.6244
48.6293
48.6339
48.6387
48.6437
48.6481
48.6529
48.6576
48.6625
48.6669
48.6714
48.6768
48.6809
48.6856
48.6904
48.6948
48.6995
48.7044
48.7093
48.7142
48.7186
48.7229
48.7274
48.7322
48.7365
48.7418
48.7468
48.752
48.7571
48.7623
48.7663
48.7711
48.7763
48.7807
48.7852
48.79
48.7941
48.7988
48.8036
48.8087
48.813
48.8175
48.8221
48.8274
48.8324
48.8369
48.8416
48.8462
48.8508
48.8557
48.8598
48.8639
48.8688
48.8727
48.8771
48.882
48.8867
48.8909
48.8955
48.9001
48.9048
48.9099
48.9146
48.9196
48.9245
48.9287
48.9333
48.9379
48.9425
48.9477
48.9525
48.9576
48.9623
48.9671
48.972
48.9771
48.9815
48.986
48.9908
48.9952
48.9999
49.0044
49.0088
49.0133
49.0179
49.0232
49.0278
49.0323
49.0371
49.0418
49.0463
49.0512
49.0555
49.0602
49.0647
49.0691
49.0737
49.0786
49.083
49.0876
49.0928
49.0981
49.1026
49.1072
49.1121
49.1169
49.1215
49.1262
49.1315
49.1366
49.1412
49.146
49.1517
49.1567
49.1613
49.1662
49.171
49.1759
49.1804
49.1854
49.1899
49.1951
49.1995
49.2035
49.2077
49.2131
49.2181
49.2228
49.2272
49.2321
49.2372
49.2426
49.2471
49.2519
49.2569
49.2618
49.2666
49.2713
49.2758
49.2807
49.2858
49.2902
49.2949
49.3001
49.3052
49.31
49.3155
49.3202
49.3252
49.3305
49.3356
49.3401
49.3446
49.35
49.3545
49.3591
49.3637
49.3689
49.3735
49.378
49.383
49.3874
49.3921
49.397
49.4016
49.4062
49.411
49.4163
49.4207
49.4252
49.4299
49.4346
49.4392
49.4442
49.4487
49.4532
49.4582
49.4625
49.467
49.4722
49.4773
49.4824
49.4868
49.4921
49.4968
49.5014
49.5064
49.5115
49.5163
49.5212
49.5256
49.5314
49.5363
49.5415
49.5471
49.5513
49.556
49.5609
49.5661
49.5707
49.5756
49.5805
49.5855
49.59
49.595
49.5998
49.6042
49.6089
49.6143
49.6194
49.6245
49.6286
49.6331
49.6379
49.6433
49.648
49.6525
49.6573
49.6621
49.6668
49.6717
49.676
49.6808
49.686
49.691
49.6964
49.7024
49.7075
49.7127
49.718
49.723
49.7293
49.7342
49.739
49.7441
49.7487
49.7536
49.7592
49.7641
49.7692
49.7737
49.7784
49.7831
49.7877
49.7931
49.7976
49.8025
49.8072
49.8126
49.8174
49.8224
49.8274
49.8329
49.8381
49.8434
49.8489
49.8536
49.8587
49.8638
49.8685
49.8735
49.878
49.8829
49.8877
49.8922
49.8975
49.9027
49.9072
49.9125
49.9176
49.9219
49.927
49.9322
49.9369
49.9418
49.9463
49.9515
49.9557
49.9607
49.9653
49.9707
49.9755
49.9806
49.9855
49.9907
49.995
49.9995
50.0047
50.0093
50.0142
50.0198
50.0244
50.0301
50.0349
50.0396
50.0443
50.0493
50.0544
50.0594
50.0643
50.0688
50.0732
50.0778
50.0823
50.0875
50.0921
50.0967
50.1018
50.1071
50.1117
50.1167
50.1218
50.1269
50.132
50.1372
50.1417
50.1471
50.1513
50.1561
50.1608
50.1661
50.1711
50.1753
50.1803
50.1856
50.1906
50.1951
50.2006
50.2053
50.2102
50.2156
50.2205
50.2248
50.2295
50.2343
50.2394
50.2439
50.2489
50.2539
50.2583
50.2634
50.2683
50.2735
50.2783
50.2834
50.288
50.2928
50.2976
50.3027
50.3078
50.3126
50.3179
50.3226
50.3274
50.3323
50.3366
50.3418
50.3468
50.3515
50.3566
50.3623
50.3668
50.3727
50.3775
50.3815
50.3874
50.392
50.3972
50.4016
50.4063
50.4119
50.4173
50.422
50.4265
50.4311
50.4357
50.4406
50.4457
50.4501
50.4552
50.4604
50.4651
50.47
50.476
50.4812
50.4857
50.4907
50.4958
50.5008
50.505
50.5104
50.5151
50.52
50.5246
50.5297
50.5352
50.5396
50.5441
50.549
50.5545
50.5587
50.564
50.569
50.574
50.579
50.5838
50.5889
50.5939
50.599
50.6037
50.6088
50.6137
50.619
50.6239
50.6289
50.6338
50.639
50.6442
50.6498
50.6549
50.6601
50.665
50.6699
50.6749
50.68
50.6845
50.6895
50.6945
50.6997
50.7049
50.7101
50.7157
50.7207
50.7262
50.7311
50.7369
50.742
50.7465
50.7515
50.7563
50.7623
50.7672
50.7724
50.7767
50.7819
50.7867
50.7915
50.7963
50.8011
50.8062
50.8117
50.8166
50.8221
50.8264
50.8314
50.8366
50.842
50.8464
50.8516
50.8571
50.8621
50.8675
50.8733
50.8785
50.8842
50.8885
50.8937
50.8984
50.9034
50.9083
50.913
50.9179
50.9231
50.9277
50.9338
50.9387
50.944
50.9493
50.9556
50.9604
50.9654
50.9709
50.9767
50.9819
50.9872
50.9923
50.9966
51.0016
51.007
51.0129
51.0172
51.0221
51.027
51.0312
51.0364
51.0413
51.0463
51.0514
51.0562
51.0612
51.0663
51.0707
51.0756
51.0806
51.0857
51.0907
51.0954
51.1012
51.1065
51.1115
51.1162
51.1213
51.1269
51.1316
51.1374
51.1428
51.148
51.1534
51.1581
51.1635
51.1686
51.1735
51.1784
51.1839
51.1892
51.1938
51.1989
51.2041
51.2093
51.2141
51.2192
51.2245
51.2303
51.2353
51.2405
51.2455
51.2512
51.2564
51.2612
51.2667
51.2719
51.2772
51.2824
51.2873
51.2924
51.2981
51.3037
51.309
51.3147
51.3202
51.3252
51.3301
51.3355
51.3405
51.3462
51.3518
51.3564
51.3621
51.3674
51.3725
51.3773
51.3822
51.387
51.3923
51.3974
51.4027
51.4083
51.4133
51.4188
51.4239
51.4291
51.4347
51.4402
51.4453
51.4505
51.4555
51.461
51.4666
51.4719
51.4775
51.4829
51.4881
51.4931
51.4986
51.5048
51.5102
51.5159
51.5216
51.5269
51.5323
51.538
51.5435
51.549
51.555
51.5597
51.566
51.5712
51.5764
51.5817
51.5873
51.5931
51.5982
51.6039
51.6092
51.6148
51.6199
51.6252
51.6303
51.636
51.6413
51.647
51.6528
51.6586
51.664
51.6694
51.6749
51.68
51.6853
51.6907
51.6956
51.7011
51.7061
51.7113
51.7168
51.7218
51.7269
51.7328
51.7395
51.7445
51.7504
51.7556
51.7598
51.7659
51.7712
51.7764
51.7818
51.7876
51.7931
51.7978
51.8037
51.8088
51.8145
51.8203
51.8257
51.8317
51.8371
51.8419
51.8468
51.8522
51.8574
51.8629
51.8688
51.8745
51.8796
51.885
51.8901
51.895
51.9005
51.9062
51.9117
51.9169
51.9223
51.9285
51.9339
51.9396
51.945
51.9506
51.9557
51.9615
51.9668
51.9721
51.9773
51.9827
51.9884
51.994
52.0001
52.0048
52.0105
52.0167
52.0222
52.0271
52.0325
52.0384
52.0433
52.049
52.0539
52.0598
52.0653
52.0719
52.0776
52.0827
52.089
52.0946
52.1002
52.1057
52.1123
52.1178
52.1233
52.1286
52.1343
52.14
52.1453
52.1509
52.1567
52.1622
52.1677
52.1736
52.1791
52.1842
52.19
52.1952
52.2
52.2068
52.2128
52.2179
52.2229
52.2285
52.2338
52.2391
52.2443
52.2492
52.2549
52.2604
52.2666
52.273
52.2786
52.2845
52.2898
52.2957
52.3017
52.3078
52.3135
52.3189
52.3242
52.3292
52.335
52.3408
52.3464
52.3522
52.3581
52.3633
52.3687
52.3743
52.3803
52.3857
52.3916
52.3972
52.4026
52.4079
52.4145
52.4203
52.4258
52.4312
52.4369
52.4424
52.4474
52.4532
52.4589
52.465
52.4711
52.4764
52.4822
52.4876
52.4927
52.4994
52.5052
52.5115
52.5169
52.523
52.5286
52.5351
52.5409
52.5467
52.553
52.5587
52.5642
52.5699
52.5759
52.582
52.5874
52.5941
52.5999
52.6059
52.6127
52.6189
52.6253
52.6314
52.6376
52.6437
52.6494
52.6561
52.6619
52.6681
52.6746
52.6795
52.6856
52.6916
52.6981
52.7051
52.7109
52.7166
52.7221
52.7286
52.7338
52.7403
52.7462
52.7519
52.7585
52.7646
52.7711
52.7771
52.7832
52.7888
52.7949
52.8009
52.8064
52.8122
52.8183
52.8245
52.8304
52.8359
52.8413
52.8484
52.8538
52.8604
52.8667
52.8736
52.88
52.886
52.8925
52.8989
52.9048
52.911
52.9168
52.9237
52.9301
52.9367
52.9431
52.9488
52.9551
52.9615
52.9677
52.9735
52.9795
52.9869
52.9922
52.9979
53.0048
53.0114
53.0172
53.0234
53.03
53.0365
53.0417
53.0481
53.0541
53.06
53.067
53.0734
53.0788
53.0844
53.0908
53.0967
53.1032
53.1094
53.1152
53.1227
53.1291
53.1352
53.1407
53.1471
53.1533
53.1595
53.1664
53.1723
53.1792
53.186
53.1923
53.1981
53.2046
53.2105
53.2165
53.2222
53.2288
53.2353
53.2412
53.2468
53.2536
53.2604
53.2671
53.273
53.2804
53.2882
53.294
53.2991
53.3052
53.3111
53.3175
53.3245
53.3308
53.3371
53.3438
53.3503
53.3571
53.3636
53.3705
53.3764
53.3829
53.3886
53.3963
53.4024
53.4099
53.4155
53.422
53.4288
53.4355
53.4421
53.4486
53.4551
53.4621
53.4684
53.4745
53.4811
53.4876
53.4945
53.5017
53.5082
53.5149
53.5215
53.5281
53.5357
53.5415
53.5479
53.5549
53.562
53.569
53.5755
53.5824
53.5894
53.5961
53.6027
53.6088
53.6147
53.6212
53.6281
53.6352
53.6412
53.648
53.6546
53.6609
53.6675
53.6744
53.6803
53.6869
53.6937
53.7004
53.7071
53.7131
53.7201
53.7271
53.7335
53.7407
53.7476
53.754
53.7609
53.7676
53.7748
53.782
53.7884
53.7949
53.8021
53.8085
53.8164
53.8225
53.8295
53.8365
53.8437
53.8505
53.8572
53.8639
53.871
53.8782
53.8859
53.8926
53.9008
53.9078
53.9142
53.9207
53.9271
53.9333
53.9402
53.9467
53.9539
53.9602
53.9668
53.9735
53.9806
53.9872
53.9944
54.0007
54.0077
54.015
54.0215
54.0287
54.0356
54.0429
54.0494
54.0558
54.0627
54.0693
54.0761
54.0838
54.0912
54.0984
54.1069
54.1146
54.1209
54.1279
54.1359
54.1429
54.1502
54.1566
54.1638
54.1705
54.1781
54.1851
54.1923
54.1989
54.2059
54.2138
54.2198
54.2272
54.2344
54.241
54.2487
54.2561
54.2642
54.2708
54.2779
54.2854
54.2922
54.2997
54.3062
54.3131
54.3211
54.3282
54.3358
54.3436
54.351
54.3573
54.365
54.3721
54.3794
54.3865
54.3934
54.4005
54.4085
54.4154
54.4228
54.4308
54.4384
54.4463
54.4537
54.4617
54.4685
54.476
54.4837
54.4913
54.4989
54.5067
54.5144
54.5225
54.53
54.5377
54.5455
54.5537
54.5615
54.5687
54.5759
54.5835
54.5915
54.5987
54.6057
54.614
54.6217
54.629
54.6375
54.6456
54.6527
54.6608
54.6682
54.6764
54.6848
54.6924
54.6998
54.7067
54.7144
54.7225
54.7299
54.7376
54.745
54.7528
54.7599
54.7673
54.7745
54.7826
54.7905
54.7982
54.8054
54.8132
54.8206
54.8289
54.8362
54.8436
54.852
54.859
54.8674
54.8753
54.8828
54.8901
54.8976
54.9061
54.9136
54.9217
54.9299
54.9379
54.9468
54.9546
54.9633
54.9715
54.9793
54.9867
54.9949
55.0019
55.0099
55.0179
55.0258
55.0346
55.0421
55.0494
55.0559
55.0642
55.0731
55.081
55.0885
55.0963
55.1041
55.1126
55.1198
55.1281
55.1351
55.1438
55.152
55.1595
55.1673
55.1749
55.183
55.1901
55.1993
55.2077
55.2167
55.2251
55.2342
55.2419
55.2501
55.2575
55.2659
55.2739
55.2829
55.2911
55.2987
55.3073
55.3156
55.3234
55.3316
55.3397
55.3484
55.3566
55.3643
55.3732
55.381
55.39
55.3989
55.4071
55.4152
55.4241
55.4329
55.4417
55.4501
55.458
55.4677
55.4766
55.4843
55.4939
55.5021
55.5109
55.5192
55.5273
55.536
55.5451
55.5532
55.5617
55.5713
55.5798
55.5881
55.596
55.6044
55.6139
55.6229
55.6324
55.6404
55.6482
55.6575
55.6655
55.675
55.6841
55.6928
55.7021
55.71
55.7187
55.7274
55.7369
55.746
55.7558
55.7647
55.7739
55.7821
55.7896
55.7979
55.8063
55.8156
55.8246
55.8335
55.8414
55.8504
55.8587
55.8675
55.8765
55.8856
55.8948
55.9035
55.9117
55.9208
55.9307
55.9385
55.9479
55.9571
55.9661
55.9758
55.984
55.993
56.0025
56.0121
56.0213
56.0311
56.0402
56.0495
56.058
56.068
56.0759
56.0861
56.0954
56.104
56.1138
56.1239
56.1322
56.1419
56.1507
56.1602
56.171
56.1806
56.1909
56.2009
56.2098
56.2192
56.2283
56.2372
56.2451
56.2543
56.264
56.2737
56.2834
56.2935
56.3038
56.3142
56.324
56.3331
56.3419
56.352
56.3607
56.3699
56.3803
56.3901
56.4005
56.4114
56.4206
56.43
56.4389
56.4505
56.4596
56.4684
56.4788
56.4887
56.4991
56.5083
56.5208
56.5302
56.5403
56.5496
56.5594
56.5691
56.579
56.5886
56.5992
56.6082
56.6176
56.6276
56.6366
56.6469
56.6571
56.6672
56.6771
56.6861
56.6953
56.7054
56.7156
56.725
56.7358
56.7464
56.7563
56.7656
56.7764
56.7858
56.7962
56.8062
56.8167
56.8276
56.8375
56.8467
56.8574
56.8677
56.877
56.8874
56.8974
56.9084
56.9188
56.9302
56.9405
56.9526
56.9624
56.9731
56.9835
56.9936
57.0035
57.0143
57.0256
57.0351
57.0451
57.055
57.0655
57.076
57.0863
57.0975
57.1087
57.119
57.1289
57.1399
57.1501
57.1614
57.1737
57.1855
57.1972
57.2093
57.2198
57.2311
57.2424
57.2529
57.2631
57.2741
57.2847
57.2953
57.307
57.3161
57.3266
57.338
57.3496
57.3609
57.3717
57.3832
57.3947
57.4063
57.417
57.4306
57.4431
57.454
57.4656
57.477
57.4883
57.5007
57.5119
57.5242
57.5354
57.5477
57.5583
57.5695
57.5806
57.5932
57.6037
57.6154
57.6271
57.6389
57.6495
57.6611
57.6742
57.6854
57.6984
57.7104
57.7243
57.7355
57.7483
57.7605
57.7731
57.7832
57.7944
57.8064
57.8189
57.8316
57.8446
57.8584
57.8698
57.884
57.8958
57.9086
57.9214
57.9325
57.9448
57.9575
57.9704
57.9817
57.9939
58.0055
58.0174
58.0289
58.0411
58.0544
58.0677
58.0799
58.0925
58.1047
58.1175
58.1297
58.1418
58.1547
58.1669
58.1788
58.1923
58.2042
58.2155
58.2279
58.2409
58.2547
58.2681
58.2816
58.2946
58.3076
58.3198
58.333
58.3459
58.3606
58.374
58.3861
58.4003
58.4133
58.4267
58.4395
58.4535
58.4671
58.4836
58.4967
58.5092
58.5219
58.5372
58.5508
58.564
58.5772
58.5913
58.6047
58.6186
58.6315
58.6472
58.6617
58.6764
58.6892
58.7023
58.7148
58.7305
58.7439
58.7558
58.7685
58.7822
58.7962
58.811
58.8231
58.8384
58.854
58.8677
58.8825
58.8959
58.9102
58.9252
58.9394
58.9532
58.9668
58.9811
58.9958
59.0096
59.0238
59.037
59.0522
59.0686
59.0848
59.0989
59.1134
59.1282
59.143
59.1577
59.1691
59.1832
59.197
59.2116
59.2264
59.2414
59.2557
59.2699
59.2853
59.3002
59.3165
59.3323
59.348
59.3644
59.3791
59.3929
59.4075
59.4241
59.4402
59.4558
59.4728
59.4891
59.505
59.5198
59.534
59.5515
59.5688
59.583
59.5966
59.6116
59.6273
59.6443
59.6614
59.6781
59.6926
59.7087
59.7256
59.7402
59.7568
59.7721
59.7897
59.8075
59.8244
59.8426
59.8612
59.8788
59.8952
59.9128
59.9291
59.9463
59.9645
59.9826
59.9988
60.0152
60.0308
60.0483
60.065
60.0831
60.1005
60.1162
60.1346
60.1537
60.1711
60.1873
60.2058
60.2232
60.2413
60.258
60.2774
60.2932
60.3095
60.3263
60.3428
60.3597
60.3781
60.3969
60.4163
60.434
60.451
60.4688
60.4913
60.5096
60.5265
60.5444
60.5611
60.5807
60.6003
60.6199
60.6395
60.6579
60.678
60.6972
60.7179
60.7374
60.7557
60.7741
60.7922
60.8099
60.8282
60.8466
60.8668
60.8885
60.9084
60.9288
60.9476
60.967
60.9839
61.0023
61.0237
61.0418
61.0599
61.0838
61.1055
61.1271
61.147
61.166
61.1859
61.204
61.2221
61.2427
61.2656
61.2851
61.3046
61.3249
61.3443
61.3652
61.3859
61.4072
61.431
61.4515
61.4743
61.4954
61.5182
61.5396
61.5619
61.5818
61.6035
61.6243
61.647
61.6672
61.689
61.7097
61.7293
61.7508
61.7735
61.7953
61.815
61.8353
61.8582
61.8806
61.9025
61.9242
61.9464
61.9684
61.9908
62.0132
62.0343
62.0588
62.0833
62.1058
62.1277
62.1484
62.1725
62.1946
62.2178
62.2375
62.2598
62.2834
62.3062
62.3314
62.3582
62.3822
62.4058
62.4308
62.4512
62.4733
62.4974
62.5202
62.5435
62.5631
62.5903
62.6121
62.6361
62.663
62.6824
62.7038
62.7281
62.7506
62.7754
62.802
62.8237
62.8484
62.8715
62.8959
62.9239
62.9477
62.9718
63.0012
63.0267
63.0487
63.0732
63.0984
63.1217
63.15
63.1784
63.2063
63.2298
63.2547
63.281
63.3071
63.3331
63.3631
63.3906
63.4187
63.4457
63.4744
63.4987
63.5252
63.5526
63.5748
63.5965
63.6251
63.6552
63.6854
63.7099
63.7365
63.7634
63.7876
63.8178
63.8485
63.8725
63.8993
63.9298
63.9575
63.985
64.0101
64.0341
64.0598
64.0912
64.1212
64.1499
64.1807
64.2064
64.2362
64.2675
64.3003
64.3312
64.3578
64.3895
64.417
64.4468
64.4764
64.5056
64.5351
64.5658
64.596
64.6265
64.6584
64.6891
64.719
64.7445
64.7761
64.8075
64.8445
64.8744
64.9067
64.9406
64.9724
65.0055
65.0352
65.0683
65.1009
65.1324
65.165
65.1993
65.2321
65.2692
65.3025
65.3349
65.3693
65.4014
65.4362
65.47
65.5028
65.5363
65.5654
65.6002
65.6325
65.669
65.7026
65.7355
65.7718
65.8042
65.8446
65.8738
65.9049
65.9396
65.9774
66.0159
66.0544
66.0911
66.1287
66.1638
66.2
66.2379
66.2714
66.3085
66.3478
66.3872
66.4281
66.4713
66.5102
66.5516
66.5914
66.6335
66.6693
66.7072
66.746
66.7871
66.8304
66.879
66.9279
66.967
67.0102
67.0475
67.0918
67.1407
67.1874
67.2349
67.2778
67.3198
67.366
67.4137
67.4615
67.5137
67.5631
67.6126
67.6639
67.7114
67.7651
67.8158
67.8685
67.9271
67.9801
68.0363
68.0908
68.1459
68.2059
68.271
68.3298
68.3891
68.4513
68.5086
68.5675
68.6286
68.6907
68.7501
68.8089
68.8783
68.9371
68.9929
69.0604
69.1321
69.1932
69.259
69.338
69.4091
69.4855
69.5596
69.6419
69.7236
69.7959
69.8657
69.9577
70.0461
70.1373
70.2231
70.3135
70.4129
70.503
70.6146
70.7099
70.8159
70.9377
71.0512
71.1715
71.2866
71.425
71.5561
71.7031
71.8584
72.0287
72.1899
72.3388
72.5219
72.7257
72.9207
73.1558
73.4362
73.6505
73.9061
74.1901
74.5301
74.8625
75.2498
75.7118
76.2278
76.7739
77.4402
78.2949
79.5615
85.7302
