1
2
3
4
5
6
7
8
9
10
25
50
100
250
500
750
1000
1250
1500
1750
2000
2250
2500
2750
3000
3250
3500
3750
4000
4250
4500
4750
5000
5250
5500
5750
6000
6250
6500
6750
7000
7250
7500
7750
8000
8250
8500
8750
9000
9250
9500
9750
10000
10250
10500
10750
11000
11250
11500
11750
12000
12250
12500
12750
13000
13250
13500
13750
14000
14250
14500
14750
15000
15250
15500
15750
16000
16250
16500
16750
17000
17250
17500
17750
18000
18250
18500
18750
19000
19250
19500
19750
20000
20250
20500
20750
21000
21250
21500
21750
22000
22250
22500
22750
23000
23250
23500
23750
24000
24250
24500
24750
25000
25250
25500
25750
26000
26250
26500
26750
27000
27250
27500
27750
28000
28250
28500
28750
29000
29250
29500
29750
30000
30250
30500
30750
31000
31250
31500
31750
32000
32250
32500
32750
33000
33250
33500
33750
34000
34250
34500
34750
35000
35250
35500
35750
36000
36250
36500
36750
37000
37250
37500
37750
38000
38250
38500
38750
39000
39250
39500
39750
40000
40250
40500
40750
41000
41250
41500
41750
42000
42250
42500
42750
43000
43250
43500
43750
44000
44250
44500
44750
45000
45250
45500
45750
46000
46250
46500
46750
47000
47250
47500
47750
48000
48250
48500
48750
49000
49250
49500
49750
50000
50250
50500
50750
51000
51250
51500
51750
52000
52250
52500
52750
53000
53250
53500
53750
54000
54250
54500
54750
55000
55250
55500
55750
56000
56250
56500
56750
57000
57250
57500
57750
58000
58250
58500
58750
59000
59250
59500
59750
60000
60250
60500
60750
61000
61250
61500
61750
62000
62250
62500
62750
63000
63250
63500
63750
64000
64250
64500
64750
65000
65250
65500
65750
66000
66250
66500
66750
67000
67250
67500
67750
68000
68250
68500
68750
69000
69250
69500
69750
70000
70250
70500
70750
71000
71250
71500
71750
72000
72250
72500
72750
73000
73250
73500
73750
74000
74250
74500
74750
75000
75250
75500
75750
76000
76250
76500
76750
77000
77250
77500
77750
78000
78250
78500
78750
79000
79250
79500
79750
80000
80250
80500
80750
81000
81250
81500
81750
82000
82250
82500
82750
83000
83250
83500
83750
84000
84250
84500
84750
85000
85250
85500
85750
86000
86250
86500
86750
87000
87250
87500
87750
88000
88250
88500
88750
89000
89250
89500
89750
90000
90250
90500
90750
91000
91250
91500
91750
92000
92250
92500
92750
93000
93250
93500
93750
94000
94250
94500
94750
95000
95250
95500
95750
96000
96250
96500
96750
97000
97250
97500
97750
98000
98250
98500
98750
99000
99250
99500
99750
100000
100250
100500
100750
101000
101250
101500
101750
102000
102250
102500
102750
103000
103250
103500
103750
104000
104250
104500
104750
105000
105250
105500
105750
106000
106250
106500
106750
107000
107250
107500
107750
108000
108250
108500
108750
109000
109250
109500
109750
110000
110250
110500
110750
111000
111250
111500
111750
112000
112250
112500
112750
113000
113250
113500
113750
114000
114250
114500
114750
115000
115250
115500
115750
116000
116250
116500
116750
117000
117250
117500
117750
118000
118250
118500
118750
119000
119250
119500
119750
120000
120250
120500
120750
121000
121250
121500
121750
122000
122250
122500
122750
123000
123250
123500
123750
124000
124250
124500
124750
125000
125250
125500
125750
126000
126250
126500
126750
127000
127250
127500
127750
128000
128250
128500
128750
129000
129250
129500
129750
130000
130250
130500
130750
131000
131250
131500
131750
132000
132250
132500
132750
133000
133250
133500
133750
134000
134250
134500
134750
135000
135250
135500
135750
136000
136250
136500
136750
137000
137250
137500
137750
138000
138250
138500
138750
139000
139250
139500
139750
140000
140250
140500
140750
141000
141250
141500
141750
142000
142250
142500
142750
143000
143250
143500
143750
144000
144250
144500
144750
145000
145250
145500
145750
146000
146250
146500
146750
147000
147250
147500
147750
148000
148250
148500
148750
149000
149250
149500
149750
150000
150250
150500
150750
151000
151250
151500
151750
152000
152250
152500
152750
153000
153250
153500
153750
154000
154250
154500
154750
155000
155250
155500
155750
156000
156250
156500
156750
157000
157250
157500
157750
158000
158250
158500
158750
159000
159250
159500
159750
160000
160250
160500
160750
161000
161250
161500
161750
162000
162250
162500
162750
163000
163250
163500
163750
164000
164250
164500
164750
165000
165250
165500
165750
166000
166250
166500
166750
167000
167250
167500
167750
168000
168250
168500
168750
169000
169250
169500
169750
170000
170250
170500
170750
171000
171250
171500
171750
172000
172250
172500
172750
173000
173250
173500
173750
174000
174250
174500
174750
175000
175250
175500
175750
176000
176250
176500
176750
177000
177250
177500
177750
178000
178250
178500
178750
179000
179250
179500
179750
180000
180250
180500
180750
181000
181250
181500
181750
182000
182250
182500
182750
183000
183250
183500
183750
184000
184250
184500
184750
185000
185250
185500
185750
186000
186250
186500
186750
187000
187250
187500
187750
188000
188250
188500
188750
189000
189250
189500
189750
190000
190250
190500
190750
191000
191250
191500
191750
192000
192250
192500
192750
193000
193250
193500
193750
194000
194250
194500
194750
195000
195250
195500
195750
196000
196250
196500
196750
197000
197250
197500
197750
198000
198250
198500
198750
199000
199250
199500
199750
200000
200250
200500
200750
201000
201250
201500
201750
202000
202250
202500
202750
203000
203250
203500
203750
204000
204250
204500
204750
205000
205250
205500
205750
206000
206250
206500
206750
207000
207250
207500
207750
208000
208250
208500
208750
209000
209250
209500
209750
210000
210250
210500
210750
211000
211250
211500
211750
212000
212250
212500
212750
213000
213250
213500
213750
214000
214250
214500
214750
215000
215250
215500
215750
216000
216250
216500
216750
217000
217250
217500
217750
218000
218250
218500
218750
219000
219250
219500
219750
220000
220250
220500
220750
221000
221250
221500
221750
222000
222250
222500
222750
223000
223250
223500
223750
224000
224250
224500
224750
225000
225250
225500
225750
226000
226250
226500
226750
227000
227250
227500
227750
228000
228250
228500
228750
229000
229250
229500
229750
230000
230250
230500
230750
231000
231250
231500
231750
232000
232250
232500
232750
233000
233250
233500
233750
234000
234250
234500
234750
235000
235250
235500
235750
236000
236250
236500
236750
237000
237250
237500
237750
238000
238250
238500
238750
239000
239250
239500
239750
240000
240250
240500
240750
241000
241250
241500
241750
242000
242250
242500
242750
243000
243250
243500
243750
244000
244250
244500
244750
245000
245250
245500
245750
246000
246250
246500
246750
247000
247250
247500
247750
248000
248250
248500
248750
249000
249250
249500
249750
250000
250250
250500
250750
251000
251250
251500
251750
252000
252250
252500
252750
253000
253250
253500
253750
254000
254250
254500
254750
255000
255250
255500
255750
256000
256250
256500
256750
257000
257250
257500
257750
258000
258250
258500
258750
259000
259250
259500
259750
260000
260250
260500
260750
261000
261250
261500
261750
262000
262250
262500
262750
263000
263250
263500
263750
264000
264250
264500
264750
265000
265250
265500
265750
266000
266250
266500
266750
267000
267250
267500
267750
268000
268250
268500
268750
269000
269250
269500
269750
270000
270250
270500
270750
271000
271250
271500
271750
272000
272250
272500
272750
273000
273250
273500
273750
274000
274250
274500
274750
275000
275250
275500
275750
276000
276250
276500
276750
277000
277250
277500
277750
278000
278250
278500
278750
279000
279250
279500
279750
280000
280250
280500
280750
281000
281250
281500
281750
282000
282250
282500
282750
283000
283250
283500
283750
284000
284250
284500
284750
285000
285250
285500
285750
286000
286250
286500
286750
287000
287250
287500
287750
288000
288250
288500
288750
289000
289250
289500
289750
290000
290250
290500
290750
291000
291250
291500
291750
292000
292250
292500
292750
293000
293250
293500
293750
294000
294250
294500
294750
295000
295250
295500
295750
296000
296250
296500
296750
297000
297250
297500
297750
298000
298250
298500
298750
299000
299250
299500
299750
300000
300250
300500
300750
301000
301250
301500
301750
302000
302250
302500
302750
303000
303250
303500
303750
304000
304250
304500
304750
305000
305250
305500
305750
306000
306250
306500
306750
307000
307250
307500
307750
308000
308250
308500
308750
309000
309250
309500
309750
310000
310250
310500
310750
311000
311250
311500
311750
312000
312250
312500
312750
313000
313250
313500
313750
314000
314250
314500
314750
315000
315250
315500
315750
316000
316250
316500
316750
317000
317250
317500
317750
318000
318250
318500
318750
319000
319250
319500
319750
320000
320250
320500
320750
321000
321250
321500
321750
322000
322250
322500
322750
323000
323250
323500
323750
324000
324250
324500
324750
325000
325250
325500
325750
326000
326250
326500
326750
327000
327250
327500
327750
328000
328250
328500
328750
329000
329250
329500
329750
330000
330250
330500
330750
331000
331250
331500
331750
332000
332250
332500
332750
333000
333250
333500
333750
334000
334250
334500
334750
335000
335250
335500
335750
336000
336250
336500
336750
337000
337250
337500
337750
338000
338250
338500
338750
339000
339250
339500
339750
340000
340250
340500
340750
341000
341250
341500
341750
342000
342250
342500
342750
343000
343250
343500
343750
344000
344250
344500
344750
345000
345250
345500
345750
346000
346250
346500
346750
347000
347250
347500
347750
348000
348250
348500
348750
349000
349250
349500
349750
350000
350250
350500
350750
351000
351250
351500
351750
352000
352250
352500
352750
353000
353250
353500
353750
354000
354250
354500
354750
355000
355250
355500
355750
356000
356250
356500
356750
357000
357250
357500
357750
358000
358250
358500
358750
359000
359250
359500
359750
360000
360250
360500
360750
361000
361250
361500
361750
362000
362250
362500
362750
363000
363250
363500
363750
364000
364250
364500
364750
365000
365250
365500
365750
366000
366250
366500
366750
367000
367250
367500
367750
368000
368250
368500
368750
369000
369250
369500
369750
370000
370250
370500
370750
371000
371250
371500
371750
372000
372250
372500
372750
373000
373250
373500
373750
374000
374250
374500
374750
375000
375250
375500
375750
376000
376250
376500
376750
377000
377250
377500
377750
378000
378250
378500
378750
379000
379250
379500
379750
380000
380250
380500
380750
381000
381250
381500
381750
382000
382250
382500
382750
383000
383250
383500
383750
384000
384250
384500
384750
385000
385250
385500
385750
386000
386250
386500
386750
387000
387250
387500
387750
388000
388250
388500
388750
389000
389250
389500
389750
390000
390250
390500
390750
391000
391250
391500
391750
392000
392250
392500
392750
393000
393250
393500
393750
394000
394250
394500
394750
395000
395250
395500
395750
396000
396250
396500
396750
397000
397250
397500
397750
398000
398250
398500
398750
399000
399250
399500
399750
400000
400250
400500
400750
401000
401250
401500
401750
402000
402250
402500
402750
403000
403250
403500
403750
404000
404250
404500
404750
405000
405250
405500
405750
406000
406250
406500
406750
407000
407250
407500
407750
408000
408250
408500
408750
409000
409250
409500
409750
410000
410250
410500
410750
411000
411250
411500
411750
412000
412250
412500
412750
413000
413250
413500
413750
414000
414250
414500
414750
415000
415250
415500
415750
416000
416250
416500
416750
417000
417250
417500
417750
418000
418250
418500
418750
419000
419250
419500
419750
420000
420250
420500
420750
421000
421250
421500
421750
422000
422250
422500
422750
423000
423250
423500
423750
424000
424250
424500
424750
425000
425250
425500
425750
426000
426250
426500
426750
427000
427250
427500
427750
428000
428250
428500
428750
429000
429250
429500
429750
430000
430250
430500
430750
431000
431250
431500
431750
432000
432250
432500
432750
433000
433250
433500
433750
434000
434250
434500
434750
435000
435250
435500
435750
436000
436250
436500
436750
437000
437250
437500
437750
438000
438250
438500
438750
439000
439250
439500
439750
440000
440250
440500
440750
441000
441250
441500
441750
442000
442250
442500
442750
443000
443250
443500
443750
444000
444250
444500
444750
445000
445250
445500
445750
446000
446250
446500
446750
447000
447250
447500
447750
448000
448250
448500
448750
449000
449250
449500
449750
450000
450250
450500
450750
451000
451250
451500
451750
452000
452250
452500
452750
453000
453250
453500
453750
454000
454250
454500
454750
455000
455250
455500
455750
456000
456250
456500
456750
457000
457250
457500
457750
458000
458250
458500
458750
459000
459250
459500
459750
460000
460250
460500
460750
461000
461250
461500
461750
462000
462250
462500
462750
463000
463250
463500
463750
464000
464250
464500
464750
465000
465250
465500
465750
466000
466250
466500
466750
467000
467250
467500
467750
468000
468250
468500
468750
469000
469250
469500
469750
470000
470250
470500
470750
471000
471250
471500
471750
472000
472250
472500
472750
473000
473250
473500
473750
474000
474250
474500
474750
475000
475250
475500
475750
476000
476250
476500
476750
477000
477250
477500
477750
478000
478250
478500
478750
479000
479250
479500
479750
480000
480250
480500
480750
481000
481250
481500
481750
482000
482250
482500
482750
483000
483250
483500
483750
484000
484250
484500
484750
485000
485250
485500
485750
486000
486250
486500
486750
487000
487250
487500
487750
488000
488250
488500
488750
489000
489250
489500
489750
490000
490250
490500
490750
491000
491250
491500
491750
492000
492250
492500
492750
493000
493250
493500
493750
494000
494250
494500
494750
495000
495250
495500
495750
496000
496250
496500
496750
497000
497250
497500
497750
498000
498250
498500
498750
499000
499250
499500
499750
500000
500250
500500
500750
501000
501250
501500
501750
502000
502250
502500
502750
503000
503250
503500
503750
504000
504250
504500
504750
505000
505250
505500
505750
506000
506250
506500
506750
507000
507250
507500
507750
508000
508250
508500
508750
509000
509250
509500
509750
510000
510250
510500
510750
511000
511250
511500
511750
512000
512250
512500
512750
513000
513250
513500
513750
514000
514250
514500
514750
515000
515250
515500
515750
516000
516250
516500
516750
517000
517250
517500
517750
518000
518250
518500
518750
519000
519250
519500
519750
520000
520250
520500
520750
521000
521250
521500
521750
522000
522250
522500
522750
523000
523250
523500
523750
524000
524250
524500
524750
525000
525250
525500
525750
526000
526250
526500
526750
527000
527250
527500
527750
528000
528250
528500
528750
529000
529250
529500
529750
530000
530250
530500
530750
531000
531250
531500
531750
532000
532250
532500
532750
533000
533250
533500
533750
534000
534250
534500
534750
535000
535250
535500
535750
536000
536250
536500
536750
537000
537250
537500
537750
538000
538250
538500
538750
539000
539250
539500
539750
540000
540250
540500
540750
541000
541250
541500
541750
542000
542250
542500
542750
543000
543250
543500
543750
544000
544250
544500
544750
545000
545250
545500
545750
546000
546250
546500
546750
547000
547250
547500
547750
548000
548250
548500
548750
549000
549250
549500
549750
550000
550250
550500
550750
551000
551250
551500
551750
552000
552250
552500
552750
553000
553250
553500
553750
554000
554250
554500
554750
555000
555250
555500
555750
556000
556250
556500
556750
557000
557250
557500
557750
558000
558250
558500
558750
559000
559250
559500
559750
560000
560250
560500
560750
561000
561250
561500
561750
562000
562250
562500
562750
563000
563250
563500
563750
564000
564250
564500
564750
565000
565250
565500
565750
566000
566250
566500
566750
567000
567250
567500
567750
568000
568250
568500
568750
569000
569250
569500
569750
570000
570250
570500
570750
571000
571250
571500
571750
572000
572250
572500
572750
573000
573250
573500
573750
574000
574250
574500
574750
575000
575250
575500
575750
576000
576250
576500
576750
577000
577250
577500
577750
578000
578250
578500
578750
579000
579250
579500
579750
580000
580250
580500
580750
581000
581250
581500
581750
582000
582250
582500
582750
583000
583250
583500
583750
584000
584250
584500
584750
585000
585250
585500
585750
586000
586250
586500
586750
587000
587250
587500
587750
588000
588250
588500
588750
589000
589250
589500
589750
590000
590250
590500
590750
591000
591250
591500
591750
592000
592250
592500
592750
593000
593250
593500
593750
594000
594250
594500
594750
595000
595250
595500
595750
596000
596250
596500
596750
597000
597250
597500
597750
598000
598250
598500
598750
599000
599250
599500
599750
600000
600250
600500
600750
601000
601250
601500
601750
602000
602250
602500
602750
603000
603250
603500
603750
604000
604250
604500
604750
605000
605250
605500
605750
606000
606250
606500
606750
607000
607250
607500
607750
608000
608250
608500
608750
609000
609250
609500
609750
610000
610250
610500
610750
611000
611250
611500
611750
612000
612250
612500
612750
613000
613250
613500
613750
614000
614250
614500
614750
615000
615250
615500
615750
616000
616250
616500
616750
617000
617250
617500
617750
618000
618250
618500
618750
619000
619250
619500
619750
620000
620250
620500
620750
621000
621250
621500
621750
622000
622250
622500
622750
623000
623250
623500
623750
624000
624250
624500
624750
625000
625250
625500
625750
626000
626250
626500
626750
627000
627250
627500
627750
628000
628250
628500
628750
629000
629250
629500
629750
630000
630250
630500
630750
631000
631250
631500
631750
632000
632250
632500
632750
633000
633250
633500
633750
634000
634250
634500
634750
635000
635250
635500
635750
636000
636250
636500
636750
637000
637250
637500
637750
638000
638250
638500
638750
639000
639250
639500
639750
640000
640250
640500
640750
641000
641250
641500
641750
642000
642250
642500
642750
643000
643250
643500
643750
644000
644250
644500
644750
645000
645250
645500
645750
646000
646250
646500
646750
647000
647250
647500
647750
648000
648250
648500
648750
649000
649250
649500
649750
650000
650250
650500
650750
651000
651250
651500
651750
652000
652250
652500
652750
653000
653250
653500
653750
654000
654250
654500
654750
655000
655250
655500
655750
656000
656250
656500
656750
657000
657250
657500
657750
658000
658250
658500
658750
659000
659250
659500
659750
660000
660250
660500
660750
661000
661250
661500
661750
662000
662250
662500
662750
663000
663250
663500
663750
664000
664250
664500
664750
665000
665250
665500
665750
666000
666250
666500
666750
667000
667250
667500
667750
668000
668250
668500
668750
669000
669250
669500
669750
670000
670250
670500
670750
671000
671250
671500
671750
672000
672250
672500
672750
673000
673250
673500
673750
674000
674250
674500
674750
675000
675250
675500
675750
676000
676250
676500
676750
677000
677250
677500
677750
678000
678250
678500
678750
679000
679250
679500
679750
680000
680250
680500
680750
681000
681250
681500
681750
682000
682250
682500
682750
683000
683250
683500
683750
684000
684250
684500
684750
685000
685250
685500
685750
686000
686250
686500
686750
687000
687250
687500
687750
688000
688250
688500
688750
689000
689250
689500
689750
690000
690250
690500
690750
691000
691250
691500
691750
692000
692250
692500
692750
693000
693250
693500
693750
694000
694250
694500
694750
695000
695250
695500
695750
696000
696250
696500
696750
697000
697250
697500
697750
698000
698250
698500
698750
699000
699250
699500
699750
700000
700250
700500
700750
701000
701250
701500
701750
702000
702250
702500
702750
703000
703250
703500
703750
704000
704250
704500
704750
705000
705250
705500
705750
706000
706250
706500
706750
707000
707250
707500
707750
708000
708250
708500
708750
709000
709250
709500
709750
710000
710250
710500
710750
711000
711250
711500
711750
712000
712250
712500
712750
713000
713250
713500
713750
714000
714250
714500
714750
715000
715250
715500
715750
716000
716250
716500
716750
717000
717250
717500
717750
718000
718250
718500
718750
719000
719250
719500
719750
720000
720250
720500
720750
721000
721250
721500
721750
722000
722250
722500
722750
723000
723250
723500
723750
724000
724250
724500
724750
725000
725250
725500
725750
726000
726250
726500
726750
727000
727250
727500
727750
728000
728250
728500
728750
729000
729250
729500
729750
730000
730250
730500
730750
731000
731250
731500
731750
732000
732250
732500
732750
733000
733250
733500
733750
734000
734250
734500
734750
735000
735250
735500
735750
736000
736250
736500
736750
737000
737250
737500
737750
738000
738250
738500
738750
739000
739250
739500
739750
740000
740250
740500
740750
741000
741250
741500
741750
742000
742250
742500
742750
743000
743250
743500
743750
744000
744250
744500
744750
745000
745250
745500
745750
746000
746250
746500
746750
747000
747250
747500
747750
748000
748250
748500
748750
749000
749250
749500
749750
750000
750250
750500
750750
751000
751250
751500
751750
752000
752250
752500
752750
753000
753250
753500
753750
754000
754250
754500
754750
755000
755250
755500
755750
756000
756250
756500
756750
757000
757250
757500
757750
758000
758250
758500
758750
759000
759250
759500
759750
760000
760250
760500
760750
761000
761250
761500
761750
762000
762250
762500
762750
763000
763250
763500
763750
764000
764250
764500
764750
765000
765250
765500
765750
766000
766250
766500
766750
767000
767250
767500
767750
768000
768250
768500
768750
769000
769250
769500
769750
770000
770250
770500
770750
771000
771250
771500
771750
772000
772250
772500
772750
773000
773250
773500
773750
774000
774250
774500
774750
775000
775250
775500
775750
776000
776250
776500
776750
777000
777250
777500
777750
778000
778250
778500
778750
779000
779250
779500
779750
780000
780250
780500
780750
781000
781250
781500
781750
782000
782250
782500
782750
783000
783250
783500
783750
784000
784250
784500
784750
785000
785250
785500
785750
786000
786250
786500
786750
787000
787250
787500
787750
788000
788250
788500
788750
789000
789250
789500
789750
790000
790250
790500
790750
791000
791250
791500
791750
792000
792250
792500
792750
793000
793250
793500
793750
794000
794250
794500
794750
795000
795250
795500
795750
796000
796250
796500
796750
797000
797250
797500
797750
798000
798250
798500
798750
799000
799250
799500
799750
800000
800250
800500
800750
801000
801250
801500
801750
802000
802250
802500
802750
803000
803250
803500
803750
804000
804250
804500
804750
805000
805250
805500
805750
806000
806250
806500
806750
807000
807250
807500
807750
808000
808250
808500
808750
809000
809250
809500
809750
810000
810250
810500
810750
811000
811250
811500
811750
812000
812250
812500
812750
813000
813250
813500
813750
814000
814250
814500
814750
815000
815250
815500
815750
816000
816250
816500
816750
817000
817250
817500
817750
818000
818250
818500
818750
819000
819250
819500
819750
820000
820250
820500
820750
821000
821250
821500
821750
822000
822250
822500
822750
823000
823250
823500
823750
824000
824250
824500
824750
825000
825250
825500
825750
826000
826250
826500
826750
827000
827250
827500
827750
828000
828250
828500
828750
829000
829250
829500
829750
830000
830250
830500
830750
831000
831250
831500
831750
832000
832250
832500
832750
833000
833250
833500
833750
834000
834250
834500
834750
835000
835250
835500
835750
836000
836250
836500
836750
837000
837250
837500
837750
838000
838250
838500
838750
839000
839250
839500
839750
840000
840250
840500
840750
841000
841250
841500
841750
842000
842250
842500
842750
843000
843250
843500
843750
844000
844250
844500
844750
845000
845250
845500
845750
846000
846250
846500
846750
847000
847250
847500
847750
848000
848250
848500
848750
849000
849250
849500
849750
850000
850250
850500
850750
851000
851250
851500
851750
852000
852250
852500
852750
853000
853250
853500
853750
854000
854250
854500
854750
855000
855250
855500
855750
856000
856250
856500
856750
857000
857250
857500
857750
858000
858250
858500
858750
859000
859250
859500
859750
860000
860250
860500
860750
861000
861250
861500
861750
862000
862250
862500
862750
863000
863250
863500
863750
864000
864250
864500
864750
865000
865250
865500
865750
866000
866250
866500
866750
867000
867250
867500
867750
868000
868250
868500
868750
869000
869250
869500
869750
870000
870250
870500
870750
871000
871250
871500
871750
872000
872250
872500
872750
873000
873250
873500
873750
874000
874250
874500
874750
875000
875250
875500
875750
876000
876250
876500
876750
877000
877250
877500
877750
878000
878250
878500
878750
879000
879250
879500
879750
880000
880250
880500
880750
881000
881250
881500
881750
882000
882250
882500
882750
883000
883250
883500
883750
884000
884250
884500
884750
885000
885250
885500
885750
886000
886250
886500
886750
887000
887250
887500
887750
888000
888250
888500
888750
889000
889250
889500
889750
890000
890250
890500
890750
891000
891250
891500
891750
892000
892250
892500
892750
893000
893250
893500
893750
894000
894250
894500
894750
895000
895250
895500
895750
896000
896250
896500
896750
897000
897250
897500
897750
898000
898250
898500
898750
899000
899250
899500
899750
900000
900250
900500
900750
901000
901250
901500
901750
902000
902250
902500
902750
903000
903250
903500
903750
904000
904250
904500
904750
905000
905250
905500
905750
906000
906250
906500
906750
907000
907250
907500
907750
908000
908250
908500
908750
909000
909250
909500
909750
910000
910250
910500
910750
911000
911250
911500
911750
912000
912250
912500
912750
913000
913250
913500
913750
914000
914250
914500
914750
915000
915250
915500
915750
916000
916250
916500
916750
917000
917250
917500
917750
918000
918250
918500
918750
919000
919250
919500
919750
920000
920250
920500
920750
921000
921250
921500
921750
922000
922250
922500
922750
923000
923250
923500
923750
924000
924250
924500
924750
925000
925250
925500
925750
926000
926250
926500
926750
927000
927250
927500
927750
928000
928250
928500
928750
929000
929250
929500
929750
930000
930250
930500
930750
931000
931250
931500
931750
932000
932250
932500
932750
933000
933250
933500
933750
934000
934250
934500
934750
935000
935250
935500
935750
936000
936250
936500
936750
937000
937250
937500
937750
938000
938250
938500
938750
939000
939250
939500
939750
940000
940250
940500
940750
941000
941250
941500
941750
942000
942250
942500
942750
943000
943250
943500
943750
944000
944250
944500
944750
945000
945250
945500
945750
946000
946250
946500
946750
947000
947250
947500
947750
948000
948250
948500
948750
949000
949250
949500
949750
950000
950250
950500
950750
951000
951250
951500
951750
952000
952250
952500
952750
953000
953250
953500
953750
954000
954250
954500
954750
955000
955250
955500
955750
956000
956250
956500
956750
957000
957250
957500
957750
958000
958250
958500
958750
959000
959250
959500
959750
960000
960250
960500
960750
961000
961250
961500
961750
962000
962250
962500
962750
963000
963250
963500
963750
964000
964250
964500
964750
965000
965250
965500
965750
966000
966250
966500
966750
967000
967250
967500
967750
968000
968250
968500
968750
969000
969250
969500
969750
970000
970250
970500
970750
971000
971250
971500
971750
972000
972250
972500
972750
973000
973250
973500
973750
974000
974250
974500
974750
975000
975250
975500
975750
976000
976250
976500
976750
977000
977250
977500
977750
978000
978250
978500
978750
979000
979250
979500
979750
980000
980250
980500
980750
981000
981250
981500
981750
982000
982250
982500
982750
983000
983250
983500
983750
984000
984250
984500
984750
985000
985250
985500
985750
986000
986250
986500
986750
987000
987250
987500
987750
988000
988250
988500
988750
989000
989250
989500
989750
990000
990250
990500
990750
991000
991250
991500
991750
992000
992250
992500
992750
993000
993250
993500
993750
994000
994250
994500
994750
995000
995250
995500
995750
996000
996250
996500
996750
997000
997250
997500
997750
998000
998250
998500
998750
999000
999250
999500
999750
1000000
