2
2.5
2.83333
3.08333
3.28333
3.48333
3.7119
3.85476
3.85476
5.28457
6.42702
7.73911
9.03402
9.53826
10.7567
11.8307
12.7693
13.4523
14.137
14.6923
15.1525
15.6127
16.0393
16.3577
16.6773
16.9667
17.2685
17.5153
17.7666
17.9644
18.1652
18.3694
18.582
18.7575
18.9516
19.1265
19.2934
19.4605
19.5884
19.7293
19.8804
20.0012
20.1386
20.2495
20.3698
20.4792
20.6018
20.7278
20.8254
20.9313
21.022
21.1254
21.2253
21.3115
21.3953
21.4883
21.5774
21.6675
21.7558
21.8457
21.9271
22.0154
22.0926
22.1689
22.2447
22.3234
22.4141
22.4869
22.5614
22.6315
22.6953
22.7671
22.8393
22.9021
22.9666
23.0332
23.0949
23.1596
23.2182
23.2829
23.3463
23.4101
23.4645
23.5244
23.5797
23.6349
23.6927
23.7475
23.8093
23.8558
23.908
23.9658
24.0219
24.0796
24.1299
24.1851
24.2365
24.2892
24.3411
24.3941
24.4397
24.4889
24.5362
24.5833
24.6276
24.6718
24.7149
24.7576
24.8006
24.847
24.896
24.9448
24.9927
25.0406
25.0859
25.1286
25.1717
25.2134
25.254
25.2958
25.346
25.3946
25.4373
25.4802
25.525
25.5674
25.6025
25.6388
25.6749
25.7143
25.7534
25.7923
25.8312
25.8677
25.9034
25.9409
25.9794
26.0173
26.0553
26.0892
26.1253
26.1631
26.2002
26.2362
26.2688
26.3053
26.3395
26.3733
26.4051
26.4384
26.4708
26.5041
26.5413
26.5732
26.6067
26.6419
26.6749
26.7093
26.7429
26.7713
26.8053
26.8382
26.8726
26.9074
26.9442
26.9776
27.0101
27.0436
27.0751
27.1061
27.135
27.166
27.1962
27.2273
27.2602
27.2874
27.3163
27.3486
27.3773
27.4054
27.4354
27.4641
27.4978
27.527
27.5596
27.5879
27.6152
27.643
27.67
27.6943
27.7206
27.7487
27.7779
27.8046
27.8323
27.8586
27.8856
27.9106
27.9391
27.9673
27.992
28.018
28.0443
28.0728
28.1005
28.1255
28.1513
28.1774
28.206
28.2317
28.2558
28.2854
28.3119
28.3387
28.362
28.3885
28.4138
28.4403
28.467
28.4932
28.5171
28.5402
28.5688
28.5926
28.6187
28.641
28.6657
28.6875
28.7107
28.7351
28.7578
28.7818
28.8046
28.8296
28.854
28.8773
28.9012
28.9238
28.9493
28.9728
28.9949
29.0168
29.0356
29.0599
29.0843
29.1075
29.1313
29.1533
29.1752
29.1966
29.2165
29.2392
29.2595
29.2849
29.3063
29.3264
29.3481
29.3694
29.3899
29.413
29.4331
29.4549
29.4754
29.4953
29.5182
29.5393
29.5604
29.5807
29.5991
29.6199
29.6395
29.6602
29.6813
29.7022
29.7211
29.7398
29.7604
29.7809
29.8018
29.8205
29.8407
29.8614
29.8822
29.9021
29.9223
29.9427
29.9607
29.98
29.9982
30.0154
30.0331
30.052
30.0709
30.0886
30.1105
30.1285
30.1494
30.1679
30.187
30.2071
30.2261
30.2457
30.2639
30.2821
30.3001
30.3175
30.3353
30.3528
30.3736
30.3935
30.4104
30.4279
30.4476
30.468
30.4845
30.5025
30.5233
30.5404
30.5583
30.5778
30.5949
30.6106
30.6285
30.6462
30.6636
30.6819
30.7018
30.7189
30.737
30.7548
30.7713
30.7914
30.8106
30.8271
30.8428
30.8588
30.8776
30.8956
30.9112
30.9287
30.9455
30.9618
30.9786
30.9946
31.0125
31.0297
31.045
31.0632
31.0801
31.0968
31.1117
31.1288
31.1454
31.1599
31.1776
31.194
31.2105
31.2266
31.2432
31.26
31.2774
31.2944
31.3117
31.3278
31.3415
31.3572
31.374
31.3912
31.4068
31.4222
31.4394
31.4549
31.4704
31.4868
31.5048
31.5215
31.5387
31.5536
31.5689
31.5843
31.6005
31.615
31.6301
31.646
31.6631
31.6783
31.6935
31.7079
31.7224
31.7384
31.7563
31.7711
31.7853
31.8005
31.815
31.8301
31.846
31.8616
31.8765
31.8908
31.9063
31.92
31.9345
31.9487
31.9654
31.982
31.998
32.013
32.0296
32.0438
32.0585
32.072
32.0865
32.1026
32.1173
32.1326
32.1482
32.1633
32.1792
32.1924
32.2084
32.2239
32.2369
32.2494
32.2625
32.2765
32.2905
32.3046
32.3187
32.3329
32.3485
32.3626
32.3762
32.3885
32.4024
32.417
32.4308
32.4437
32.4585
32.4728
32.487
32.5014
32.5147
32.5282
32.5425
32.5556
32.569
32.5825
32.5962
32.609
32.6215
32.6351
32.6475
32.6607
32.6741
32.6876
32.7007
32.7145
32.7286
32.742
32.7551
32.7687
32.7811
32.7933
32.8066
32.8206
32.8323
32.8443
32.8582
32.8703
32.8825
32.8951
32.9069
32.9194
32.9324
32.9461
32.9585
32.9712
32.9833
32.9961
33.0081
33.0219
33.0355
33.0482
33.0614
33.0743
33.0861
33.0984
33.1113
33.1242
33.1361
33.1477
33.1592
33.1696
33.1809
33.1939
33.2052
33.2173
33.2294
33.2422
33.254
33.2665
33.2784
33.2888
33.3021
33.3129
33.3243
33.3351
33.3459
33.3581
33.3706
33.3822
33.3951
33.4081
33.4216
33.4326
33.4432
33.4543
33.4663
33.4782
33.4898
33.5011
33.5122
33.5237
33.5346
33.5458
33.5562
33.5673
33.5802
33.5916
33.6029
33.6142
33.6253
33.6358
33.6485
33.6598
33.6695
33.6804
33.6919
33.7038
33.7156
33.7263
33.7365
33.7479
33.7601
33.7719
33.7834
33.7941
33.8049
33.8151
33.8257
33.8356
33.8464
33.857
33.8682
33.878
33.8877
33.8988
33.9096
33.9203
33.9309
33.9415
33.9523
33.9649
33.9754
33.9869
33.9983
34.0096
34.0206
34.0303
34.0414
34.0527
34.0637
34.0739
34.084
34.0934
34.1037
34.1144
34.1243
34.1341
34.1437
34.1547
34.1643
34.1758
34.186
34.1957
34.2061
34.2158
34.2275
34.2374
34.2474
34.2573
34.2694
34.28
34.2911
34.3012
34.3116
34.3205
34.3314
34.3416
34.3517
34.362
34.3727
34.3829
34.3946
34.4045
34.4135
34.4245
34.4333
34.4433
34.4527
34.4639
34.4739
34.4839
34.4936
34.5032
34.5122
34.522
34.532
34.5421
34.5517
34.5613
34.5707
34.581
34.5916
34.6014
34.6109
34.6197
34.6287
34.6391
34.6492
34.6585
34.6672
34.6769
34.6878
34.6967
34.7072
34.7173
34.7277
34.7373
34.7469
34.7567
34.7656
34.777
34.7861
34.7965
34.8053
34.8144
34.824
34.8338
34.8439
34.8538
34.863
34.8713
34.8811
34.8913
34.9021
34.9117
34.9213
34.9313
34.9415
34.9516
34.9609
34.9702
34.9794
34.988
34.9973
35.0055
35.0141
35.0233
35.0324
35.0408
35.05
35.0592
35.0682
35.0763
35.0844
35.094
35.1037
35.1132
35.1224
35.1309
35.141
35.1504
35.1599
35.1695
35.1782
35.1873
35.1963
35.205
35.2137
35.2232
35.232
35.2405
35.2487
35.2575
35.2659
35.275
35.2848
35.2941
35.3025
35.3117
35.3206
35.3306
35.3396
35.3491
35.3573
35.3669
35.376
35.3844
35.3927
35.4011
35.409
35.4168
35.4264
35.4363
35.4453
35.4533
35.4613
35.4691
35.4779
35.4867
35.4951
35.5032
35.5113
35.5209
35.5295
35.5366
35.5466
35.5554
35.5647
35.5727
35.5818
35.5905
35.5981
35.6065
35.6145
35.6222
35.6319
35.6404
35.6485
35.6566
35.6648
35.6727
35.6811
35.6906
35.6978
35.7055
35.715
35.7221
35.7313
35.7395
35.7472
35.7555
35.7641
35.7722
35.7813
35.7889
35.7967
35.8045
35.8116
35.82
35.8286
35.8377
35.8456
35.8551
35.8627
35.8706
35.8795
35.8869
35.8959
35.9052
35.9137
35.9225
35.9313
35.9397
35.9474
35.9555
35.9638
35.9725
35.9807
35.9883
35.9955
36.0027
36.0112
36.0196
36.0267
36.0342
36.0418
36.0501
36.0579
36.0662
36.0743
36.0818
36.0893
36.0972
36.1045
36.1125
36.1199
36.1279
36.1357
36.1432
36.1511
36.1595
36.1679
36.175
36.1827
36.1907
36.1978
36.2049
36.2125
36.2205
36.2283
36.2353
36.2426
36.2504
36.258
36.2664
36.2731
36.2807
36.2881
36.296
36.3046
36.3122
36.3197
36.327
36.3356
36.3433
36.3512
36.3589
36.3668
36.3747
36.382
36.3889
36.3967
36.4041
36.4118
36.4187
36.4255
36.4326
36.4404
36.4478
36.4546
36.4616
36.4681
36.4752
36.4824
36.4892
36.4967
36.5038
36.5117
36.519
36.5259
36.5344
36.5415
36.5485
36.5558
36.5623
36.5699
36.5764
36.5843
36.5917
36.5992
36.6067
36.614
36.6202
36.6279
36.6354
36.6428
36.6494
36.6568
36.6645
36.6715
36.6791
36.6868
36.6935
36.7016
36.7092
36.7158
36.7224
36.731
36.7386
36.7453
36.7532
36.7605
36.7673
36.7739
36.7808
36.7875
36.7943
36.801
36.8079
36.8151
36.8229
36.8306
36.8372
36.844
36.8506
36.8584
36.8661
36.8737
36.8808
36.8877
36.8945
36.901
36.907
36.9138
36.9204
36.9269
36.9328
36.9401
36.9467
36.9539
36.9613
36.9678
36.9742
36.981
36.9879
36.9946
37.0011
37.0076
37.0141
37.022
37.0292
37.0362
37.0423
37.049
37.0556
37.0619
37.0692
37.0752
37.0815
37.0883
37.0956
37.1029
37.1101
37.1169
37.1238
37.131
37.1382
37.1449
37.1518
37.1584
37.1653
37.1724
37.1785
37.1856
37.1913
37.1977
37.2037
37.2112
37.2176
37.2237
37.2305
37.2383
37.2455
37.2521
37.2598
37.2656
37.2716
37.2789
37.2849
37.2911
37.2982
37.3047
37.3114
37.3171
37.3232
37.3296
37.3355
37.3424
37.3485
37.3558
37.3617
37.3689
37.3757
37.3823
37.3893
37.3958
37.4022
37.4083
37.4149
37.4214
37.4274
37.4345
37.4405
37.4472
37.4537
37.4593
37.4659
37.472
37.478
37.4841
37.491
37.4979
37.5042
37.5104
37.5162
37.5221
37.5285
37.5354
37.5411
37.5472
37.5531
37.5586
37.5646
37.5713
37.5778
37.5847
37.5909
37.5976
37.6037
37.6106
37.6171
37.6239
37.6297
37.6361
37.6428
37.6489
37.6555
37.6625
37.6695
37.6753
37.6813
37.6873
37.6942
37.7006
37.7066
37.7125
37.7187
37.725
37.7314
37.7379
37.744
37.7505
37.7566
37.7638
37.7696
37.7753
37.7813
37.787
37.7926
37.7985
37.8054
37.8119
37.8189
37.8246
37.8301
37.8365
37.8418
37.8482
37.8541
37.8606
37.8669
37.8733
37.8788
37.885
37.8909
37.8966
37.9022
37.9084
37.9145
37.9201
37.9266
37.9326
37.9392
37.9447
37.9504
37.9567
37.9622
37.9679
37.9733
37.9797
37.9859
37.992
37.9985
38.0042
38.0103
38.0166
38.0225
38.0284
38.0347
38.0401
38.046
38.0511
38.057
38.0627
38.0685
38.0747
38.0804
38.0871
38.0925
38.0982
38.1038
38.1101
38.1158
38.1217
38.1281
38.1337
38.1398
38.1461
38.1517
38.157
38.162
38.1672
38.1736
38.1793
38.1852
38.1913
38.1972
38.2029
38.2098
38.2154
38.221
38.2263
38.2323
38.2389
38.2444
38.2505
38.2568
38.2627
38.2682
38.2731
38.2786
38.2839
38.2894
38.2952
38.3011
38.3075
38.3132
38.32
38.3249
38.3304
38.3357
38.3415
38.3468
38.3527
38.3584
38.3637
38.3692
38.3746
38.3805
38.386
38.3921
38.3972
38.4026
38.4085
38.4144
38.4206
38.4267
38.4324
38.4381
38.444
38.4491
38.4547
38.46
38.4646
38.4699
38.4763
38.4817
38.4874
38.4927
38.4988
38.5043
38.5092
38.5151
38.5207
38.5266
38.5326
38.5387
38.5441
38.5498
38.5557
38.5611
38.5659
38.571
38.5762
38.5812
38.586
38.5914
38.5967
38.603
38.6083
38.6142
38.6196
38.6251
38.6308
38.6369
38.643
38.6482
38.6533
38.659
38.6647
38.6704
38.6754
38.6805
38.6865
38.6921
38.6978
38.7029
38.709
38.7139
38.7195
38.7247
38.7303
38.7365
38.742
38.747
38.7528
38.7572
38.7625
38.7674
38.7734
38.7785
38.7842
38.7903
38.796
38.8014
38.807
38.8125
38.8181
38.8239
38.8295
38.8348
38.8406
38.8464
38.8517
38.8568
38.8628
38.8685
38.8735
38.8783
38.8836
38.8889
38.894
38.8992
38.9039
38.9094
38.9154
38.9205
38.9255
38.9313
38.9364
38.9417
38.9469
38.9522
38.958
38.9631
38.9687
38.9742
38.9792
38.9848
38.9905
38.9959
39.001
39.0065
39.0122
39.0183
39.0237
39.0296
39.0346
39.0405
39.0459
39.0512
39.0566
39.0621
39.0673
39.0728
39.0778
39.0827
39.0881
39.0933
39.0983
39.104
39.1091
39.1141
39.1192
39.124
39.1292
39.1344
39.1394
39.1444
39.149
39.1548
39.1597
39.1648
39.1701
39.1752
39.1803
39.1854
39.1912
39.1961
39.2022
39.2068
39.2115
39.2163
39.2209
39.2263
39.2315
39.2367
39.2421
39.2477
39.2523
39.2577
39.2635
39.2691
39.2738
39.2788
39.2842
39.2894
39.2945
39.2991
39.3038
39.3091
39.3138
39.3188
39.3244
39.3299
39.3345
39.3396
39.3441
39.3483
39.3533
39.3584
39.3637
39.3687
39.3742
39.3792
39.3841
39.3896
39.3947
39.3998
39.4047
39.4101
39.415
39.4205
39.4254
39.43
39.4348
39.4403
39.4454
39.4505
39.4558
39.4603
39.4655
39.4707
39.476
39.4812
39.4863
39.4913
39.4964
39.5014
39.5071
39.513
39.5182
39.5228
39.5282
39.5332
39.5379
39.5427
39.548
39.5525
39.5576
39.5622
39.5669
39.5716
39.5763
39.5811
39.5853
39.5907
39.5955
39.6008
39.606
39.6114
39.6169
39.622
39.6271
39.6319
39.6362
39.6408
39.646
39.6512
39.6553
39.6605
39.6652
39.6707
39.6756
39.681
39.6858
39.6908
39.6954
39.6999
39.705
39.7104
39.7151
39.7202
39.7244
39.7294
39.7343
39.7396
39.7442
39.749
39.7542
39.7594
39.7644
39.7694
39.7747
39.7795
39.784
39.7894
39.7939
39.7992
39.8041
39.8086
39.8134
39.8182
39.8233
39.8278
39.8327
39.8375
39.8424
39.8468
39.8519
39.8567
39.8618
39.8664
39.871
39.8755
39.8807
39.8856
39.8901
39.895
39.8997
39.9043
39.9096
39.9143
39.9187
39.9233
39.9278
39.9322
39.9372
39.9421
39.947
39.9517
39.9565
39.9619
39.9663
39.971
39.9762
39.9809
39.9862
39.9908
39.9958
40.0012
40.0062
40.0104
40.0151
40.0198
40.0248
40.0299
40.0354
40.0403
40.0452
40.05
40.0544
40.0591
40.0642
40.0693
40.0741
40.0795
40.0839
40.0893
40.094
40.0985
40.1029
40.1084
40.1127
40.1174
40.1217
40.1264
40.1307
40.1354
40.1405
40.1466
40.1514
40.1564
40.1609
40.1659
40.1715
40.176
40.1812
40.1852
40.1901
40.1953
40.1997
40.2044
40.2089
40.2136
40.2179
40.2225
40.2272
40.2318
40.2366
40.2419
40.2471
40.2516
40.2561
40.2605
40.2655
40.2702
40.2747
40.2788
40.2831
40.2877
40.2923
40.2969
40.3011
40.3061
40.3113
40.3156
40.3203
40.3245
40.329
40.3334
40.3379
40.3417
40.3468
40.3513
40.3553
40.3599
40.3642
40.3696
40.3742
40.3789
40.3839
40.3885
40.3931
40.398
40.4027
40.4066
40.4117
40.4161
40.4204
40.4247
40.4294
40.4342
40.4384
40.4432
40.448
40.4534
40.4583
40.4632
40.4675
40.472
40.4765
40.4812
40.4854
40.4899
40.4941
40.4989
40.5044
40.5091
40.5139
40.5186
40.523
40.5278
40.532
40.5364
40.5412
40.5453
40.5503
40.555
40.5594
40.5643
40.5688
40.573
40.5776
40.5815
40.5857
40.5907
40.5947
40.5996
40.6045
40.6094
40.6142
40.6198
40.6246
40.6291
40.6337
40.6387
40.6435
40.648
40.6525
40.6571
40.662
40.6665
40.6706
40.675
40.6794
40.684
40.6884
40.6931
40.6974
40.7013
40.7056
40.7099
40.7147
40.719
40.7234
40.729
40.7332
40.7375
40.7421
40.7467
40.751
40.7556
40.7608
40.7653
40.77
40.7747
40.7787
40.783
40.788
40.7922
40.7963
40.8006
40.8051
40.8097
40.814
40.8186
40.8236
40.8277
40.8325
40.837
40.8419
40.8465
40.8509
40.8553
40.8594
40.8642
40.8687
40.8738
40.8782
40.883
40.8877
40.892
40.8963
40.9007
40.9049
40.9096
40.914
40.9185
40.9225
40.9271
40.9315
40.936
40.9408
40.9453
40.9505
40.9553
40.9598
40.9644
40.969
40.9733
40.9776
40.982
40.9865
40.9906
40.995
40.999
41.0035
41.0079
41.0126
41.0172
41.0216
41.026
41.0305
41.0351
41.0401
41.0447
41.0489
41.053
41.0573
41.062
41.0667
41.0708
41.0751
41.0796
41.0835
41.0875
41.0919
41.0958
41.1004
41.105
41.1092
41.1138
41.1178
41.1219
41.1261
41.1304
41.1347
41.1388
41.1423
41.1468
41.1511
41.155
41.1597
41.164
41.1678
41.1727
41.1772
41.182
41.1867
41.1908
41.195
41.1991
41.2039
41.2084
41.2123
41.2171
41.2214
41.2255
41.23
41.2343
41.239
41.2432
41.248
41.2525
41.257
41.2618
41.2665
41.2706
41.2751
41.2794
41.2839
41.2883
41.2927
41.2971
41.3017
41.3056
41.3106
41.3149
41.319
41.3232
41.327
41.3313
41.3355
41.3399
41.3437
41.3484
41.3529
41.3571
41.3619
41.3662
41.3709
41.3753
41.3798
41.3842
41.3887
41.3933
41.3975
41.4024
41.4067
41.4114
41.4162
41.4205
41.425
41.4294
41.4336
41.4379
41.4424
41.447
41.451
41.4549
41.4592
41.4639
41.4682
41.4726
41.477
41.4815
41.4861
41.4911
41.4961
41.5003
41.5042
41.5083
41.5123
41.5164
41.5213
41.5261
41.5305
41.5349
41.5394
41.5436
41.5477
41.552
41.5563
41.5603
41.5644
41.5686
41.5724
41.577
41.5812
41.585
41.5894
41.5938
41.5979
41.6024
41.6071
41.611
41.6148
41.6188
41.6232
41.6275
41.6322
41.6366
41.641
41.6454
41.6496
41.6537
41.6581
41.6626
41.6661
41.6702
41.6748
41.6788
41.6824
41.687
41.6912
41.6958
41.7001
41.7039
41.7079
41.7119
41.7162
41.7204
41.7246
41.729
41.733
41.7369
41.7414
41.7456
41.7496
41.7538
41.7581
41.7625
41.7668
41.7709
41.7752
41.7795
41.7834
41.7877
41.7926
41.797
41.8013
41.8055
41.8098
41.8141
41.8186
41.823
41.8274
41.8316
41.836
41.8404
41.8446
41.8489
41.853
41.8575
41.8617
41.8658
41.8702
41.8741
41.8781
41.8818
41.8864
41.8909
41.8951
41.8992
41.9033
41.9076
41.9122
41.9165
41.9206
41.9246
41.9293
41.9333
41.9373
41.9413
41.9453
41.9494
41.9537
41.9577
41.9618
41.9654
41.9693
41.9736
41.9774
41.9823
41.9865
41.9909
41.9955
41.9995
42.0039
42.008
42.012
42.0162
42.0204
42.0241
42.0284
42.0327
42.0369
42.0411
42.0452
42.0497
42.0539
42.0583
42.0626
42.0663
42.0711
42.0755
42.0795
42.0835
42.0877
42.0917
42.0961
42.1002
42.1045
42.1085
42.1128
42.117
42.1211
42.1253
42.1294
42.1336
42.1379
42.1424
42.1465
42.1508
42.1549
42.1588
42.1637
42.1678
42.1719
42.1765
42.1807
42.1844
42.1883
42.193
42.1974
42.2013
42.2055
42.2099
42.2141
42.2182
42.2222
42.2268
42.2312
42.2352
42.2392
42.244
42.2483
42.2527
42.2573
42.2618
42.2655
42.2691
42.2732
42.2782
42.2825
42.2869
42.2912
42.2958
42.3001
42.3045
42.3085
42.313
42.3171
42.3213
42.3257
42.33
42.3341
42.3381
42.3428
42.3472
42.3509
42.355
42.3594
42.3637
42.3674
42.3716
42.3757
42.3798
42.3836
42.3871
42.3912
42.3952
42.3991
42.4033
42.4077
42.4117
42.4156
42.4194
42.4235
42.4274
42.4316
42.4359
42.4399
42.4441
42.4486
42.4525
42.4568
42.4605
42.4644
42.4684
42.4724
42.4766
42.4802
42.484
42.4883
42.4928
42.4968
42.5006
42.5046
42.5083
42.5126
42.5165
42.5208
42.5247
42.5291
42.5329
42.5371
42.5413
42.5453
42.549
42.5525
42.5563
42.5607
42.5653
42.5696
42.5741
42.5782
42.5829
42.5869
42.5913
42.5955
42.5997
42.6032
42.6069
42.6108
42.6145
42.6184
42.622
42.6263
42.6307
42.6344
42.6383
42.6421
42.6466
42.6509
42.6544
42.658
42.6622
42.6664
42.6705
42.674
42.6782
42.6825
42.6868
42.6904
42.6947
42.698
42.7021
42.706
42.7101
42.7137
42.7182
42.7221
42.7265
42.7302
42.7338
42.7377
42.7415
42.7449
42.7494
42.7534
42.7572
42.7613
42.7654
42.7697
42.7738
42.7778
42.7815
42.7858
42.7899
42.7941
42.7981
42.8024
42.8066
42.811
42.8149
42.8188
42.8231
42.8268
42.8306
42.8346
42.8392
42.8437
42.8477
42.8516
42.8559
42.8599
42.864
42.8683
42.8727
42.8771
42.8809
42.8853
42.8893
42.8937
42.8979
42.902
42.9062
42.9108
42.9145
42.9188
42.9229
42.9271
42.931
42.9353
42.9395
42.9437
42.9478
42.9521
42.9561
42.9602
42.9641
42.9678
42.9718
42.9757
42.98
42.9838
42.9876
42.9914
42.9954
42.9991
43.0027
43.0069
43.0113
43.0148
43.0191
43.0231
43.0268
43.0311
43.0352
43.0389
43.0427
43.0468
43.0508
43.0553
43.0592
43.0629
43.0669
43.0706
43.0748
43.0782
43.0819
43.0857
43.0897
43.0937
43.098
43.1019
43.1057
43.1102
43.1143
43.1185
43.1225
43.1263
43.1302
43.1346
43.1383
43.1421
43.1462
43.1502
43.1547
43.1589
43.1632
43.1675
43.1716
43.1753
43.1791
43.1828
43.1862
43.1904
43.1943
43.1981
43.2018
43.2062
43.2106
43.2144
43.2182
43.2217
43.2255
43.2294
43.2334
43.2371
43.2408
43.2449
43.2493
43.2532
43.2569
43.2612
43.2653
43.2697
43.274
43.2774
43.2815
43.2857
43.2896
43.2936
43.2971
43.3008
43.3051
43.3091
43.313
43.3171
43.3207
43.3248
43.3289
43.3336
43.3374
43.3416
43.3455
43.3496
43.3541
43.3577
43.3619
43.3657
43.3695
43.3735
43.3771
43.3811
43.3851
43.3895
43.3934
43.3974
43.4015
43.4056
43.409
43.4132
43.4174
43.4218
43.4263
43.4305
43.434
43.4382
43.4421
43.4458
43.4498
43.4536
43.4572
43.4611
43.4651
43.4693
43.4733
43.4767
43.4808
43.485
43.4889
43.4932
43.4972
43.5014
43.5053
43.509
43.5132
43.517
43.5211
43.5249
43.5285
43.5326
43.5364
43.5407
43.5447
43.5488
43.5529
43.557
43.5606
43.5643
43.5681
43.5724
43.5766
43.5805
43.5844
43.5884
43.5924
43.5959
43.6004
43.6043
43.6086
43.6129
43.6173
43.6207
43.6251
43.6291
43.6334
43.6373
43.641
43.645
43.649
43.6534
43.6572
43.6609
43.6648
43.6687
43.6726
43.6762
43.68
43.6837
43.6876
43.692
43.6962
43.7003
43.7045
43.7084
43.7123
43.7163
43.7201
43.7243
43.7282
43.7324
43.7362
43.7402
43.7443
43.7481
43.7516
43.7552
43.7592
43.7634
43.7675
43.7711
43.7748
43.7788
43.7828
43.7865
43.7905
43.7948
43.7987
43.8031
43.8071
43.8112
43.815
43.8188
43.823
43.8273
43.8314
43.8355
43.8394
43.8436
43.8472
43.8511
43.8551
43.8591
43.8631
43.8665
43.8702
43.8745
43.8782
43.8823
43.8861
43.89
43.8944
43.8981
43.9021
43.9063
43.9099
43.9137
43.9172
43.9215
43.9259
43.9298
43.9337
43.9378
43.9417
43.9457
43.9498
43.9539
43.9572
43.9609
43.9644
43.9682
43.9723
43.9763
43.9809
43.9847
43.9881
43.9921
43.9955
43.9993
44.0029
44.007
44.0111
44.0152
44.0193
44.0234
44.0274
44.0319
44.0363
44.04
44.044
44.0473
44.0512
44.0547
44.0591
44.0627
44.0668
44.0707
44.0744
44.0783
44.0823
44.0865
44.0905
44.0944
44.0978
44.1012
44.1049
44.1089
44.1123
44.1161
44.1203
44.1238
44.128
44.1321
44.1359
44.1398
44.1434
44.1469
44.1508
44.155
44.1586
44.1625
44.1667
44.1706
44.1738
44.1774
44.1814
44.1859
44.1897
44.1936
44.1977
44.2018
44.2056
44.2093
44.2131
44.2174
44.2211
44.2249
44.2291
44.2337
44.2375
44.2411
44.245
44.2489
44.2526
44.2564
44.26
44.2639
44.2678
44.2718
44.2755
44.2793
44.2837
44.2877
44.2919
44.2961
44.2998
44.3034
44.3072
44.3114
44.315
44.3189
44.3231
44.3275
44.3311
44.3353
44.3395
44.3432
44.3467
44.3505
44.3543
44.3583
44.3625
44.3662
44.3699
44.3735
44.3775
44.3812
44.3851
44.3894
44.3937
44.3975
44.4018
44.4061
44.4096
44.4135
44.4176
44.4215
44.4258
44.4296
44.4336
44.4374
44.4413
44.4446
44.4486
44.4524
44.4566
44.4605
44.4645
44.4686
44.4726
44.477
44.4813
44.4851
44.4892
44.4929
44.4965
44.5007
44.5049
44.5086
44.5127
44.5163
44.5201
44.5237
44.5277
44.5313
44.5352
44.5392
44.5424
44.5466
44.5505
44.5543
44.5582
44.5621
44.5656
44.5695
44.573
44.577
44.5808
44.5849
44.5888
44.5923
44.5962
44.6002
44.6042
44.6084
44.6125
44.6164
44.6206
44.6248
44.6291
44.6331
44.6367
44.6404
44.6438
44.6473
44.6512
44.6553
44.6594
44.6634
44.6679
44.6722
44.6764
44.6802
44.6842
44.688
44.6926
44.6964
44.6997
44.7037
44.7078
44.7117
44.7157
44.7196
44.7239
44.7275
44.7316
44.7359
44.7399
44.7434
44.7472
44.7512
44.7553
44.7593
44.7636
44.7676
44.7716
44.7758
44.78
44.7834
44.7874
44.7911
44.7948
44.7988
44.8022
44.8067
44.8106
44.8145
44.8187
44.8225
44.8265
44.8304
44.8339
44.8382
44.8418
44.845
44.8493
44.853
44.8567
44.8606
44.8646
44.8684
44.8724
44.8765
44.8804
44.8843
44.8883
44.892
44.8959
44.9001
44.9041
44.9081
44.9121
44.9156
44.9195
44.9237
44.9277
44.9313
44.9348
44.9387
44.9431
44.9473
44.9509
44.9548
44.9584
44.9622
44.9662
44.9701
44.9746
44.9783
44.9821
44.9859
44.9897
44.9934
44.9976
45.0015
45.0055
45.0093
45.0138
45.0179
45.0215
45.0255
45.0289
45.0329
45.0365
45.0408
45.0451
45.0489
45.0527
45.0566
45.0604
45.0644
45.0685
45.0723
45.0763
45.0803
45.0842
45.0878
45.092
45.0955
45.0992
45.1028
45.1068
45.1106
45.1145
45.1185
45.122
45.1259
45.1295
45.1341
45.1385
45.1426
45.1466
45.1505
45.1549
45.1591
45.1628
45.1669
45.1709
45.1745
45.178
45.1824
45.1861
45.1895
45.193
45.1963
45.1999
45.2037
45.2076
45.2116
45.2153
45.2196
45.2232
45.2269
45.2314
45.2357
45.2401
45.2439
45.248
45.2517
45.2558
45.2597
45.2635
45.2673
45.2712
45.275
45.279
45.2827
45.2866
45.2904
45.2938
45.2977
45.3015
45.3054
45.3096
45.3132
45.3169
45.3211
45.3252
45.3286
45.3324
45.3364
45.3402
45.344
45.3474
45.3513
45.3549
45.3589
45.3626
45.367
45.3707
45.3748
45.379
45.3822
45.3856
45.3894
45.3932
45.3974
45.4014
45.4052
45.409
45.413
45.4171
45.4211
45.4257
45.4296
45.4335
45.4376
45.4415
45.4455
45.4497
45.4538
45.4579
45.4618
45.4655
45.4694
45.4733
45.4775
45.4811
45.4847
45.4885
45.4925
45.4964
45.5007
45.5049
45.5089
45.5125
45.5162
45.5203
45.5243
45.5283
45.5324
45.5365
45.5405
45.5442
45.5477
45.5514
45.5551
45.5595
45.563
45.567
45.5706
45.5743
45.5781
45.5819
45.5858
45.5892
45.5927
45.597
45.6012
45.605
45.6091
45.6133
45.617
45.6208
45.625
45.6289
45.6331
45.6371
45.6415
45.6454
45.649
45.6531
45.6571
45.6611
45.6647
45.6685
45.6723
45.6765
45.6804
45.6844
45.6887
45.6928
45.6967
45.7005
45.7044
45.709
45.7133
45.7173
45.7212
45.7255
45.7293
45.7334
45.7373
45.7413
45.7453
45.7493
45.7532
45.7569
45.7606
45.7645
45.7687
45.7725
45.7764
45.78
45.7842
45.7878
45.7923
45.7959
45.7995
45.8041
45.8081
45.8122
45.8159
45.8197
45.8234
45.8272
45.8317
45.8354
45.8392
45.8427
45.8466
45.8507
45.8549
45.8588
45.863
45.8662
45.87
45.8742
45.8781
45.8824
45.8865
45.8901
45.8943
45.8983
45.902
45.906
45.9099
45.9143
45.9181
45.9222
45.9258
45.9299
45.9336
45.9379
45.9419
45.9454
45.949
45.953
45.9572
45.9615
45.9658
45.9699
45.9734
45.9767
45.9809
45.9843
45.9885
45.9923
45.9964
46.0004
46.0047
46.0083
46.0122
46.0161
46.0198
46.0237
46.0274
46.0315
46.0358
46.0399
46.044
46.0476
46.0519
46.0557
46.0595
46.0637
46.0678
46.0718
46.0756
46.0798
46.0838
46.0876
46.0916
46.0955
46.0994
46.1031
46.1069
46.1113
46.1152
46.1198
46.1233
46.1271
46.131
46.1349
46.1386
46.1427
46.1466
46.1506
46.1546
46.1584
46.162
46.1658
46.1699
46.1746
46.1785
46.1825
46.1863
46.1905
46.1944
46.1985
46.2023
46.206
46.2091
46.213
46.2164
46.2201
46.2245
46.2285
46.2322
46.237
46.241
46.2451
46.2491
46.2525
46.2564
46.2602
46.2643
46.2679
46.2719
46.2756
46.2796
46.2839
46.2877
46.292
46.2955
46.2995
46.3035
46.3073
46.3111
46.3149
46.3188
46.3225
46.3271
46.3313
46.3355
46.3395
46.343
46.3471
46.3507
46.3545
46.3578
46.3618
46.3657
46.3697
46.3732
46.377
46.3812
46.3849
46.3896
46.3935
46.3974
46.4017
46.4057
46.4102
46.4141
46.4181
46.4222
46.4268
46.4308
46.4344
46.4385
46.4421
46.4462
46.45
46.4537
46.458
46.4624
46.4663
46.4703
46.4749
46.4787
46.4832
46.4875
46.491
46.4951
46.4989
46.5028
46.5066
46.5104
46.5143
46.5179
46.5219
46.5263
46.53
46.5341
46.5382
46.5422
46.5463
46.5501
46.5541
46.5577
46.5619
46.5659
46.5701
46.5741
46.5784
46.5823
46.5862
46.5896
46.5935
46.5974
46.6013
46.6053
46.6095
46.6139
46.6177
46.6214
46.6258
46.6297
46.6339
46.6379
46.6419
46.6466
46.6503
46.6543
46.6587
46.6626
46.6665
46.6712
46.6748
46.6791
46.6825
46.6862
46.69
46.694
46.6978
46.7018
46.7059
46.7101
46.7134
46.718
46.7218
46.7256
46.7292
46.7334
46.7376
46.742
46.7461
46.7499
46.7537
46.7575
46.7616
46.7655
46.7699
46.774
46.7781
46.7817
46.7856
46.7899
46.7938
46.7974
46.8015
46.8063
46.8101
46.814
46.8178
46.8219
46.8263
46.8306
46.8345
46.8387
46.8428
46.847
46.851
46.8553
46.8588
46.8635
46.8677
46.8719
46.8755
46.8791
46.8829
46.8869
46.8912
46.8952
46.8995
46.9036
46.9082
46.9127
46.9169
46.9216
46.9257
46.9299
46.934
46.9378
46.9417
46.9459
46.9497
46.9536
46.9576
46.9615
46.9653
46.9696
46.9736
46.9777
46.9818
46.9859
46.9905
46.9944
46.9983
47.0025
47.0066
47.0107
47.0146
47.0184
47.0228
47.0269
47.0313
47.0352
47.0395
47.0434
47.0479
47.0514
47.0551
47.0594
47.0633
47.0676
47.0715
47.0757
47.0795
47.084
47.0877
47.0914
47.095
47.0989
47.1028
47.1077
47.1122
47.1163
47.1205
47.1245
47.1288
47.1324
47.1364
47.1405
47.1447
47.1488
47.1524
47.1565
47.1607
47.165
47.1688
47.1727
47.177
47.181
47.1853
47.1902
47.1944
47.1986
47.2029
47.2067
47.2117
47.2157
47.2196
47.2235
47.2278
47.232
47.2359
47.2402
47.2444
47.2482
47.2522
47.2561
47.2597
47.2645
47.2688
47.2732
47.2774
47.2813
47.2852
47.2894
47.2935
47.2972
47.3013
47.3052
47.3093
47.3135
47.3177
47.3219
47.326
47.33
47.3338
47.3382
47.3418
47.3466
47.3503
47.3544
47.3586
47.3627
47.3665
47.3704
47.3753
47.3788
47.3826
47.3865
47.3906
47.3947
47.3993
47.4032
47.4075
47.4112
47.4147
47.4187
47.4232
47.4273
47.4312
47.4353
47.4391
47.4431
47.4473
47.4516
47.4557
47.46
47.4641
47.4685
47.4726
47.4767
47.4812
47.4858
47.4901
47.4947
47.499
47.5031
47.507
47.5113
47.5151
47.5195
47.5238
47.5282
47.5326
47.5369
47.541
47.5454
47.5491
47.5535
47.5577
47.5618
47.5656
47.5693
47.5734
47.5779
47.5819
47.5859
47.5897
47.5939
47.5978
47.6016
47.6057
47.6098
47.614
47.6179
47.6221
47.6268
47.6312
47.6355
47.6398
47.6445
47.6486
47.6525
47.6566
47.6609
47.6653
47.6693
47.6732
47.6775
47.6819
47.6862
47.6905
47.6945
47.6986
47.7034
47.7076
47.7112
47.7152
47.7189
47.7232
47.7273
47.7316
47.7362
47.74
47.7441
47.748
47.7521
47.7562
47.7607
47.765
47.7693
47.7738
47.778
47.7821
47.7862
47.7905
47.7943
47.7987
47.8027
47.8067
47.8109
47.8157
47.8203
47.8239
47.8282
47.832
47.8364
47.8411
47.8455
47.8499
47.8542
47.8587
47.8633
47.867
47.8714
47.8753
47.8795
47.8841
47.8882
47.8923
47.8961
47.8999
47.9041
47.9085
47.9131
47.9177
47.9218
47.9262
47.9303
47.9351
47.9396
47.9437
47.9477
47.9515
47.9554
47.9599
47.964
47.968
47.9721
47.9762
47.9804
47.9845
47.9891
47.9935
47.9979
48.0021
48.0065
48.0105
48.0147
48.0187
48.0233
48.0277
48.0319
48.0359
48.0404
48.0452
48.0494
48.0538
48.058
48.062
48.0657
48.0699
48.0745
48.0784
48.0828
48.0872
48.0911
48.0957
48.0998
48.1045
48.1093
48.1137
48.1175
48.122
48.1264
48.1304
48.135
48.1388
48.1431
48.1476
48.1521
48.1562
48.1612
48.1659
48.1704
48.1748
48.1795
48.1845
48.1889
48.1928
48.1965
48.2008
48.2049
48.2094
48.2139
48.2184
48.2227
48.2269
48.2312
48.2354
48.24
48.2445
48.2488
48.2535
48.2577
48.2619
48.2662
48.2702
48.2744
48.2791
48.2835
48.2871
48.2916
48.2955
48.3001
48.3044
48.3091
48.3141
48.3185
48.323
48.3271
48.3315
48.3363
48.3406
48.3449
48.3497
48.3544
48.3587
48.3632
48.3673
48.3722
48.3764
48.3808
48.3853
48.3897
48.3944
48.3989
48.4031
48.408
48.4127
48.4171
48.4216
48.4263
48.4304
48.4349
48.4389
48.4431
48.4471
48.4513
48.4556
48.4597
48.4638
48.4685
48.4729
48.4772
48.4813
48.4855
48.4893
48.4938
48.4983
48.503
48.5072
48.5112
48.5159
48.52
48.5238
48.5281
48.533
48.5381
48.5428
48.5474
48.552
48.556
48.5604
48.5647
48.5688
48.5735
48.5785
48.5829
48.5872
48.5916
48.5962
48.6006
48.6052
48.6101
48.6146
48.6194
48.6239
48.6285
48.6335
48.6383
48.6426
48.6468
48.6513
48.656
48.6607
48.6649
48.6692
48.6742
48.6786
48.6827
48.6876
48.692
48.6961
48.7006
48.7052
48.7098
48.7136
48.7178
48.7225
48.7267
48.7316
48.736
48.7404
48.7451
48.7498
48.7548
48.7595
48.7638
48.7681
48.7723
48.7765
48.7812
48.7857
48.79
48.7945
48.7996
48.8041
48.8087
48.8139
48.8188
48.8239
48.8285
48.8329
48.8376
48.8422
48.8467
48.8515
48.8563
48.8606
48.8647
48.8694
48.8739
48.8787
48.883
48.8875
48.8918
48.896
48.9001
48.9051
48.9104
48.9148
48.9195
48.9238
48.9286
48.9333
48.9377
48.9426
48.9464
48.9512
48.9554
48.9598
48.9648
48.9691
48.9747
48.979
48.9835
48.988
48.9927
48.9972
49.0018
49.0063
49.0111
49.0151
49.0195
49.024
49.0283
49.0333
49.0373
49.0422
49.0463
49.0513
49.0556
49.0603
49.0649
49.0701
49.074
49.0785
49.0829
49.0874
49.0928
49.0978
49.1021
49.1069
49.1117
49.1163
49.1209
49.1254
49.1306
49.1348
49.1398
49.1442
49.1492
49.1541
49.1584
49.1626
49.1674
49.1719
49.1764
49.1814
49.1862
49.1912
49.1955
49.1996
49.2042
49.209
49.2142
49.2192
49.224
49.2291
49.2335
49.2378
49.2424
49.2478
49.2526
49.2565
49.2611
49.2657
49.2708
49.2755
49.2799
49.2845
49.2888
49.2939
49.2992
49.3048
49.3099
49.3145
49.319
49.3241
49.3288
49.3338
49.3385
49.3432
49.3476
49.3524
49.3569
49.3623
49.3668
49.3718
49.377
49.3813
49.3853
49.3903
49.395
49.4003
49.4053
49.4096
49.4143
49.4187
49.4234
49.428
49.433
49.4379
49.4424
49.4473
49.4519
49.4566
49.4618
49.4669
49.4713
49.4763
49.4815
49.4866
49.4908
49.4955
49.5011
49.5052
49.5098
49.5147
49.5196
49.5249
49.5298
49.5351
49.5394
49.5446
49.5501
49.5551
49.5598
49.5651
49.5701
49.5754
49.5802
49.5848
49.5895
49.5946
49.5994
49.6044
49.6092
49.6143
49.6193
49.6239
49.6291
49.634
49.6382
49.6435
49.6495
49.6547
49.659
49.6642
49.6688
49.6739
49.6789
49.6832
49.6876
49.6924
49.6967
49.702
49.7072
49.7113
49.7166
49.7213
49.7272
49.7319
49.7372
49.7419
49.7469
49.7523
49.7567
49.7619
49.7671
49.7723
49.7774
49.7825
49.7875
49.7924
49.7971
49.8022
49.8069
49.8118
49.8166
49.8213
49.8265
49.8321
49.8369
49.8421
49.8469
49.8519
49.8569
49.8623
49.8675
49.8722
49.8772
49.8819
49.8862
49.8917
49.897
49.9013
49.9061
49.9109
49.9154
49.9205
49.926
49.9311
49.9363
49.9414
49.9462
49.9511
49.9559
49.9609
49.9658
49.9705
49.9756
49.9808
49.9859
49.9913
49.9966
50.0022
50.0074
50.0125
50.0174
50.0222
50.0276
50.0325
50.0377
50.0431
50.0486
50.0542
50.0593
50.0648
50.0705
50.0752
50.0805
50.0854
50.0904
50.0958
50.1012
50.1062
50.1114
50.1164
50.1207
50.1254
50.1312
50.1365
50.1415
50.1462
50.1514
50.1571
50.1622
50.1669
50.173
50.1786
50.1836
50.1889
50.1945
50.2
50.2051
50.21
50.2155
50.2211
50.2263
50.2311
50.2363
50.2417
50.2468
50.2525
50.2572
50.2622
50.268
50.2729
50.2779
50.2829
50.288
50.2933
50.2989
50.3042
50.3093
50.3147
50.32
50.3255
50.3312
50.3364
50.3424
50.3476
50.3536
50.3591
50.3643
50.3694
50.3745
50.3799
50.3851
50.3904
50.3964
50.4023
50.4075
50.4127
50.4187
50.4245
50.4304
50.4367
50.4423
50.4478
50.4537
50.4595
50.4649
50.4699
50.4758
50.4814
50.4864
50.4914
50.4975
50.5024
50.5074
50.5126
50.5179
50.5232
50.5285
50.5338
50.539
50.5439
50.5496
50.5548
50.5603
50.5656
50.5711
50.5771
50.5821
50.5872
50.593
50.5983
50.6033
50.6088
50.6145
50.6202
50.6252
50.6307
50.6365
50.6421
50.6472
50.6522
50.6578
50.6631
50.6693
50.6754
50.6805
50.6856
50.6905
50.6961
50.7013
50.7067
50.7117
50.7171
50.7228
50.7285
50.7339
50.7394
50.7442
50.7494
50.7552
50.7601
50.7657
50.7714
50.7768
50.783
50.7878
50.7933
50.7989
50.8046
50.8109
50.8161
50.8214
50.8276
50.8336
50.8391
50.8445
50.8499
50.8549
50.86
50.8654
50.8708
50.8767
50.8829
50.8875
50.8929
50.8989
50.9039
50.9092
50.9149
50.9204
50.9253
50.9312
50.9366
50.943
50.9496
50.9553
50.9611
50.9671
50.9729
50.9787
50.9843
50.9897
50.9956
51.0017
51.0075
51.0128
51.0182
51.0242
51.0296
51.035
51.0405
51.0462
51.0519
51.0577
51.0633
51.0687
51.0744
51.08
51.0848
51.0907
51.0966
51.1025
51.1079
51.1137
51.1199
51.1257
51.1315
51.1368
51.1437
51.1494
51.1557
51.1613
51.1667
51.1728
51.1784
51.1844
51.1907
51.1966
51.2019
51.2075
51.2135
51.219
51.2247
51.2306
51.237
51.2426
51.2488
51.2545
51.2603
51.2662
51.2728
51.2793
51.2855
51.2915
51.2971
51.3028
51.3082
51.3139
51.3205
51.3264
51.3324
51.3387
51.3444
51.35
51.3565
51.3621
51.3681
51.3744
51.3801
51.3867
51.3929
51.3983
51.4044
51.4107
51.4168
51.4224
51.4287
51.4351
51.4413
51.4472
51.4531
51.4599
51.4658
51.4725
51.4783
51.4847
51.4902
51.4955
51.5021
51.508
51.5142
51.5204
51.5257
51.5319
51.5376
51.5438
51.5494
51.5548
51.5611
51.5681
51.5749
51.5806
51.5863
51.5929
51.599
51.606
51.6127
51.6195
51.6262
51.6322
51.6379
51.6439
51.6503
51.6564
51.662
51.6681
51.6744
51.6808
51.6875
51.6937
51.7
51.7065
51.7126
51.7174
51.7238
51.7301
51.7364
51.7432
51.7495
51.7557
51.7611
51.7675
51.7738
51.78
51.7875
51.7935
51.7999
51.8064
51.8128
51.8193
51.8262
51.8327
51.8387
51.8451
51.8514
51.8578
51.8648
51.872
51.8778
51.8839
51.8911
51.8974
51.9031
51.9094
51.9161
51.9231
51.9295
51.9363
51.9433
51.9494
51.9561
51.9628
51.9693
51.9767
51.9826
51.9889
51.9958
52.0021
52.0087
52.0149
52.0207
52.0277
52.0346
52.0414
52.0474
52.0535
52.0602
52.0667
52.0744
52.081
52.0876
52.0939
52.1001
52.1068
52.1134
52.1204
52.1275
52.1332
52.1397
52.1473
52.154
52.1602
52.1674
52.1745
52.1818
52.1884
52.1951
52.2022
52.2093
52.2162
52.2228
52.2294
52.2363
52.2433
52.2499
52.2565
52.2634
52.2699
52.2768
52.2839
52.2909
52.2982
52.3049
52.3118
52.3183
52.3244
52.3311
52.3378
52.3445
52.3516
52.3586
52.3654
52.3721
52.3791
52.3866
52.393
52.4013
52.4079
52.4145
52.4217
52.4286
52.4361
52.4427
52.4503
52.4568
52.4634
52.4706
52.4775
52.4847
52.4916
52.4982
52.5055
52.5122
52.5188
52.5255
52.5327
52.5397
52.5471
52.5542
52.5616
52.569
52.5773
52.5848
52.5918
52.5986
52.6055
52.6129
52.6191
52.6261
52.6327
52.6404
52.6472
52.6545
52.6615
52.6681
52.6749
52.6821
52.6896
52.6962
52.7031
52.7097
52.7169
52.7248
52.7329
52.7415
52.7497
52.7561
52.7646
52.7724
52.7792
52.7861
52.793
52.8001
52.8065
52.8144
52.8211
52.828
52.8354
52.8423
52.8501
52.8578
52.8647
52.8725
52.8796
52.8874
52.8946
52.9029
52.9107
52.9181
52.9251
52.9321
52.9398
52.9475
52.9547
52.9633
52.9704
52.9776
52.9853
52.9926
53.0014
53.0092
53.0166
53.0241
53.0316
53.0394
53.0467
53.0542
53.0618
53.0695
53.0769
53.0837
53.0914
53.0984
53.1068
53.1145
53.1229
53.131
53.139
53.1472
53.1548
53.1627
53.1712
53.1789
53.1871
53.1956
53.2034
53.2111
53.2197
53.2284
53.2363
53.2451
53.2535
53.262
53.2692
53.2778
53.2861
53.2938
53.302
53.3106
53.3176
53.3255
53.3337
53.3416
53.3495
53.3587
53.3674
53.3753
53.3837
53.3924
53.4014
53.4092
53.4177
53.4255
53.4326
53.4409
53.4499
53.4584
53.4661
53.4743
53.4826
53.4907
53.4987
53.507
53.5152
53.5224
53.5311
53.5392
53.5486
53.5562
53.5644
53.573
53.5819
53.5909
53.6001
53.6081
53.6166
53.6244
53.6333
53.6429
53.6509
53.6603
53.6682
53.6773
53.685
53.6939
53.7021
53.7109
53.7192
53.728
53.7374
53.7455
53.7547
53.7641
53.7731
53.7822
53.7904
53.7996
53.8085
53.8166
53.8251
53.8336
53.8431
53.8519
53.8602
53.8688
53.8787
53.8865
53.8956
53.9052
53.9138
53.9219
53.9317
53.9408
53.9498
53.9591
53.968
53.9773
53.9864
53.9951
54.0042
54.0125
54.0218
54.0314
54.0407
54.0499
54.0583
54.0668
54.0764
54.0846
54.0941
54.1029
54.1118
54.1208
54.1297
54.1383
54.1475
54.1569
54.1667
54.1753
54.1851
54.1934
54.203
54.2128
54.2219
54.2308
54.2399
54.2485
54.2571
54.2666
54.277
54.2858
54.2947
54.3043
54.315
54.3238
54.3325
54.3412
54.3513
54.3611
54.3711
54.3818
54.3921
54.4018
54.412
54.4226
54.4318
54.442
54.4523
54.4604
54.4709
54.4795
54.4902
54.499
54.5094
54.5185
54.5292
54.5391
54.5484
54.5578
54.5683
54.5788
54.5895
54.5998
54.6113
54.6218
54.6314
54.6408
54.6509
54.6616
54.6718
54.6834
54.6942
54.7051
54.7162
54.727
54.7374
54.748
54.7591
54.7691
54.7808
54.791
54.8015
54.8126
54.822
54.8314
54.8426
54.853
54.8635
54.8744
54.8849
54.896
54.9065
54.9186
54.9306
54.9405
54.9516
54.9613
54.9712
54.9817
54.9932
55.0042
55.0143
55.0247
55.0352
55.0449
55.0596
55.069
55.081
55.0918
55.1033
55.1143
55.1247
55.1364
55.1472
55.1576
55.1689
55.1801
55.1909
55.2024
55.2135
55.2246
55.2353
55.2467
55.258
55.2685
55.2813
55.2924
55.3035
55.315
55.326
55.3374
55.3483
55.3594
55.3701
55.3812
55.3926
55.4053
55.4173
55.4289
55.4408
55.4528
55.4654
55.4764
55.4872
55.499
55.5102
55.5214
55.5331
55.5445
55.5562
55.5678
55.5802
55.5916
55.6025
55.6145
55.6259
55.6381
55.6507
55.6614
55.6736
55.6851
55.6968
55.709
55.7222
55.7354
55.7477
55.7604
55.7741
55.7863
55.7981
55.8111
55.8229
55.8365
55.8501
55.8643
55.877
55.8896
55.9021
55.9147
55.9269
55.9408
55.9545
55.9678
55.9812
55.9939
56.0066
56.0206
56.0352
56.0498
56.0635
56.076
56.0883
56.0999
56.1123
56.126
56.1398
56.1558
56.168
56.1812
56.1954
56.2078
56.2203
56.2339
56.2497
56.2631
56.2773
56.2907
56.3051
56.3189
56.3333
56.3465
56.3614
56.3778
56.3894
56.4042
56.4188
56.4332
56.4466
56.4609
56.4754
56.4916
56.5063
56.5217
56.5366
56.5512
56.5649
56.5802
56.596
56.6116
56.6269
56.6415
56.6562
56.6718
56.6895
56.7061
56.7198
56.7363
56.7524
56.7658
56.7825
56.7982
56.8132
56.8286
56.8449
56.8598
56.8753
56.8909
56.9062
56.9213
56.9362
56.9534
56.9688
56.9852
57.0018
57.0183
57.0349
57.0508
57.0655
57.0812
57.0972
57.1141
57.1287
57.1458
57.1622
57.1781
57.194
57.2105
57.2271
57.2453
57.2619
57.2782
57.2939
57.3105
57.329
57.3451
57.3619
57.3787
57.3975
57.4142
57.4309
57.4479
57.4668
57.482
57.4994
57.5159
57.5318
57.5485
57.5674
57.5836
57.6005
57.6192
57.6368
57.6537
57.6712
57.6892
57.7058
57.725
57.7443
57.7616
57.7793
57.7969
57.8152
57.8338
57.8529
57.8703
57.8898
57.9073
57.9266
57.9441
57.9617
57.9792
57.999
58.0165
58.0352
58.055
58.0734
58.0928
58.114
58.133
58.1537
58.1737
58.1932
58.2128
58.2333
58.2515
58.2696
58.2877
58.306
58.3249
58.3447
58.3646
58.383
58.4051
58.4226
58.4394
58.4621
58.4798
58.4995
58.5212
58.5407
58.5591
58.5781
58.5994
58.6199
58.6416
58.663
58.684
58.7035
58.7261
58.7479
58.7682
58.7894
58.8134
58.836
58.8581
58.8775
58.8998
58.9191
58.943
58.9627
58.9842
59.0079
59.0279
59.0494
59.0721
59.0951
59.1203
59.1422
59.1646
59.188
59.2115
59.2354
59.2584
59.2797
59.3028
59.3245
59.3452
59.3686
59.3905
59.4116
59.4375
59.46
59.4833
59.5057
59.5272
59.5516
59.5776
59.5959
59.6182
59.6422
59.6644
59.6876
59.7118
59.7347
59.7608
59.7863
59.8105
59.8315
59.8582
59.8838
59.9097
59.9333
59.9567
59.9802
60.0043
60.0284
60.0507
60.076
60.1
60.1279
60.1557
60.1767
60.2015
60.228
60.2543
60.2804
60.3065
60.3324
60.3579
60.3815
60.4096
60.4333
60.4608
60.4889
60.517
60.5457
60.573
60.6032
60.6344
60.6592
60.6873
60.7144
60.744
60.7725
60.8011
60.8283
60.8521
60.8816
60.9104
60.9386
60.9685
60.9997
61.0281
61.0576
61.0853
61.1173
61.1469
61.1731
61.203
61.2317
61.262
61.2939
61.3299
61.3632
61.3939
61.4242
61.4538
61.4875
61.5165
61.5478
61.5778
61.6047
61.6387
61.6714
61.7046
61.7411
61.7758
61.8113
61.8449
61.8778
61.9109
61.9449
61.9799
62.0131
62.0441
62.0766
62.1082
62.1449
62.1831
62.2272
62.2598
62.2934
62.3345
62.3687
62.4062
62.4431
62.4782
62.5173
62.5532
62.5897
62.627
62.6659
62.7078
62.7481
62.7879
62.8244
62.8664
62.9082
62.9519
62.9927
63.0312
63.0798
63.1207
63.1639
63.2074
63.2548
63.2989
63.3455
63.3986
63.4451
63.4915
63.5381
63.5885
63.636
63.6788
63.728
63.7807
63.8294
63.8782
63.9283
63.9831
64.0407
64.1049
64.1663
64.2259
64.2877
64.3399
64.3992
64.4587
64.5227
64.5855
64.6627
64.728
64.7932
64.8607
64.9361
65.0177
65.0879
65.1563
65.2398
65.3277
65.4109
65.4967
65.5964
65.6891
65.7945
65.8979
66.0052
66.1151
66.2439
66.376
66.524
66.6784
66.8381
67.0121
67.1924
67.4038
67.6626
67.9961
68.3215
68.695
69.1004
69.5647
70.2051
70.8824
71.6758
72.5616
73.7181
75.4473
83.9406
