1
2
2.5
2.83333
3.58333
3.98333
4.15
4.43571
4.81071
5.47738
7.44129
8.82387
10.5074
13.6573
17.0317
19.2474
21.1164
22.3196
23.3563
24.1911
25.0351
25.7484
26.5022
27.1818
27.8608
28.4969
29.0148
29.6067
30.0477
30.5214
30.9128
31.3041
31.6547
32.0239
32.3455
32.697
33.0075
33.2911
33.5897
33.9037
34.2319
34.5662
34.8796
35.2071
35.528
35.8365
36.1454
36.4542
36.7835
37.1096
37.4552
37.811
38.1206
38.4423
38.791
39.0863
39.3832
39.7282
40.0289
40.3665
40.6523
40.9608
41.303
41.579
41.8442
42.1553
42.4075
42.6744
42.9286
43.1797
43.4275
43.6562
43.883
44.1026
44.3061
44.4979
44.6805
44.8715
45.0714
45.2986
45.4943
45.6791
45.8736
46.0656
46.258
46.4411
46.6179
46.8042
46.963
47.1265
47.3059
47.4669
47.6462
47.8027
47.984
48.1716
48.3241
48.4868
48.6469
48.8284
48.9719
49.1242
49.2635
49.4204
49.5762
49.7306
49.8734
50.0335
50.1818
50.3353
50.4854
50.6393
50.7791
50.9168
51.056
51.1884
51.3303
51.4728
51.6135
51.7534
51.8977
52.0258
52.1658
52.2849
52.4167
52.5447
52.6542
52.7871
52.8937
53.0118
53.1306
53.2445
53.3666
53.4696
53.5829
53.6877
53.8011
53.922
54.028
54.1321
54.2397
54.3533
54.455
54.5624
54.6688
54.7679
54.8679
54.9742
55.0783
55.1811
55.2835
55.377
55.4885
55.5955
55.6938
55.7943
55.8953
55.9932
56.0895
56.1886
56.276
56.3728
56.4726
56.5693
56.6705
56.781
56.8858
56.9877
57.0792
57.1737
57.2615
57.3486
57.4362
57.5179
57.6142
57.7007
57.7878
57.8792
57.9703
58.0496
58.1381
58.2171
58.3054
58.3974
58.4835
58.5697
58.6656
58.7404
58.8244
58.9054
58.9962
59.0804
59.1762
59.2541
59.3336
59.4184
59.5012
59.5849
59.6652
59.7469
59.8235
59.8927
59.9721
60.0554
60.1347
60.2073
60.2759
60.3542
60.4315
60.5003
60.5738
60.6576
60.7281
60.7957
60.8699
60.952
61.0278
61.0985
61.1755
61.2465
61.3221
61.4002
61.4657
61.5424
61.6094
61.6725
61.7443
61.8223
61.8811
61.9459
62.0148
62.0878
62.1519
62.2187
62.2936
62.3651
62.4348
62.499
62.5675
62.6287
62.6892
62.7508
62.8151
62.8752
62.944
63.0135
63.0869
63.1621
63.224
63.2882
63.3601
63.422
63.4839
63.5531
63.6209
63.6858
63.7474
63.8089
63.8746
63.9361
64.0035
64.0669
64.141
64.205
64.263
64.3308
64.3944
64.4516
64.524
64.5893
64.6521
64.7191
64.7817
64.8439
64.905
64.9705
65.0438
65.109
65.1739
65.2356
65.2996
65.368
65.4274
65.4894
65.5527
65.6155
65.6742
65.738
65.7968
65.8628
65.9271
65.9828
66.0417
66.1098
66.1703
66.2354
66.2999
66.3669
66.4283
66.4905
66.5517
66.6178
66.6885
66.7476
66.8007
66.8586
66.9183
66.9823
67.0454
67.1016
67.161
67.2212
67.2927
67.3577
67.4232
67.4834
67.5486
67.6099
67.6726
67.735
67.7961
67.8619
67.9277
67.9863
68.0466
68.1077
68.1633
68.2205
68.2804
68.3433
68.4074
68.4677
68.5286
68.5916
68.6488
68.7083
68.7728
68.8323
68.8915
68.9496
69.0112
69.0716
69.1282
69.1881
69.2376
69.2993
69.3541
69.4094
69.4723
69.5304
69.582
69.6393
69.6839
69.7416
69.8018
69.8584
69.9136
69.9696
70.0186
70.0793
70.1349
70.1977
70.2634
70.3214
70.3793
70.4412
70.4944
70.5493
70.608
70.6613
70.7125
70.7656
70.8201
70.8825
70.9354
70.9921
71.0392
71.0898
71.1404
71.1959
71.2463
71.3044
71.3572
71.4172
71.474
71.5274
71.5849
71.6373
71.6909
71.7439
71.7976
71.8491
71.9036
71.9556
72.0076
72.0572
72.1039
72.1513
72.206
72.2568
72.3088
72.3581
72.4091
72.4582
72.512
72.5591
72.6099
72.6557
72.7064
72.7495
72.8
72.8453
72.9023
72.9535
73.0052
73.0508
73.1024
73.151
73.2018
73.2538
73.3007
73.3439
73.3937
73.4382
73.4873
73.5386
73.5884
73.6332
73.6826
73.7325
73.7814
73.8293
73.8745
73.9243
73.9753
74.0179
74.0644
74.1114
74.1628
74.2101
74.2654
74.3169
74.3625
74.4166
74.4602
74.5133
74.5642
74.611
74.663
74.7083
74.7605
74.8135
74.8704
74.9194
74.9703
75.0174
75.0702
75.1191
75.1683
75.2177
75.2688
75.3211
75.3737
75.4209
75.4692
75.5185
75.5702
75.6207
75.6683
75.718
75.7687
75.8143
75.8656
75.9187
75.9684
76.0165
76.0665
76.1129
76.169
76.2213
76.2704
76.315
76.3627
76.4145
76.4634
76.5121
76.5623
76.6125
76.6619
76.7104
76.7616
76.8087
76.8573
76.9085
76.9616
77.0144
77.0639
77.1144
77.165
77.2195
77.2726
77.3186
77.37
77.4151
77.4656
77.5159
77.5625
77.6143
77.6684
77.7215
77.7705
77.8218
77.8769
77.9328
77.982
78.0364
78.0827
78.1269
78.1735
78.2226
78.2713
78.3229
78.371
78.4205
78.4689
78.5175
78.5645
78.6181
78.6683
78.715
78.7605
78.8102
78.859
78.9078
78.9572
79.0067
79.0557
79.0978
79.1467
79.1993
79.251
79.2973
79.3497
79.3957
79.4428
79.4952
79.5367
79.5842
79.6297
79.6722
79.7201
79.7636
79.8092
79.8586
79.9026
79.9539
79.999
80.0471
80.0915
80.1344
80.1864
80.2398
80.2868
80.3334
80.3781
80.4252
80.4733
80.5237
80.5685
80.6172
80.6619
80.7082
80.7531
80.7987
80.8459
80.8879
80.9365
80.9792
81.0259
81.07
81.116
81.1605
81.2058
81.252
81.3026
81.346
81.3934
81.4392
81.48
81.5263
81.5777
81.6217
81.667
81.7136
81.7559
81.8036
81.8488
81.8897
81.9309
81.9826
82.0299
82.0736
82.1194
82.166
82.2068
82.2567
82.2991
82.3396
82.386
82.4278
82.4746
82.5204
82.5629
82.6042
82.6553
82.6977
82.7422
82.787
82.8296
82.8693
82.9136
82.9582
83.0005
83.0452
83.0858
83.1301
83.1747
83.2191
83.2637
83.3069
83.3508
83.3963
83.4395
83.4869
83.5375
83.5813
83.6238
83.6685
83.7127
83.7578
83.8022
83.8519
83.8985
83.9365
83.9801
84.0276
84.0735
84.1164
84.1605
84.2079
84.2533
84.2895
84.3319
84.3651
84.4101
84.4496
84.4955
84.5394
84.5852
84.6304
84.6744
84.7181
84.7607
84.8084
84.8499
84.8965
84.9372
84.9795
85.0248
85.0719
85.1197
85.1595
85.2024
85.2492
85.2893
85.3335
85.3807
85.423
85.4663
85.5112
85.5546
85.5985
85.6398
85.6809
85.7255
85.7656
85.8086
85.8504
85.8975
85.9416
85.9843
86.0231
86.0672
86.1098
86.1492
86.1934
86.2302
86.2688
86.3079
86.3489
86.3829
86.4262
86.4689
86.503
86.5418
86.5831
86.6214
86.6618
86.7024
86.742
86.7831
86.825
86.8657
86.9043
86.9519
86.9884
87.0244
87.0632
87.1009
87.1406
87.183
87.2232
87.2688
87.3068
87.3452
87.3826
87.4171
87.4602
87.4986
87.5384
87.579
87.6131
87.6495
87.6896
87.7289
87.7674
87.8069
87.8416
87.8798
87.9206
87.9623
88.003
88.0411
88.0778
88.1145
88.1514
88.1909
88.228
88.2665
88.2997
88.3394
88.3816
88.4179
88.4516
88.4888
88.5243
88.5594
88.5978
88.6408
88.6781
88.7114
88.749
88.7876
88.8273
88.8607
88.8984
88.9356
88.9692
89.0045
89.0414
89.0839
89.1216
89.1569
89.1894
89.2294
89.2675
89.3033
89.3422
89.379
89.418
89.4568
89.4959
89.5276
89.5644
89.5983
89.6363
89.6735
89.7067
89.7442
89.7803
89.8197
89.8604
89.8967
89.939
89.9741
90.0094
90.0469
90.0834
90.119
90.1535
90.1915
90.2276
90.2668
90.3046
90.3398
90.3765
90.4142
90.4505
90.4862
90.5191
90.5515
90.5886
90.6232
90.6589
90.6942
90.7309
90.7671
90.804
90.8397
90.8756
90.9122
90.9501
90.985
91.0226
91.0572
91.0905
91.1257
91.1604
91.1934
91.2277
91.2598
91.2941
91.3312
91.3645
91.3963
91.4315
91.4673
91.5048
91.5387
91.5691
91.605
91.6415
91.6757
91.7111
91.7462
91.7793
91.8113
91.8453
91.8806
91.9161
91.9488
91.9813
92.0113
92.0457
92.0779
92.1081
92.14
92.1771
92.2103
92.247
92.2817
92.3123
92.3462
92.3753
92.4081
92.4388
92.4731
92.5028
92.5351
92.5655
92.5965
92.6302
92.6596
92.6917
92.7215
92.7637
92.795
92.8291
92.8609
92.8901
92.9263
92.9556
92.9873
93.0198
93.0475
93.0787
93.1095
93.1373
93.1677
93.1982
93.2311
93.2576
93.288
93.3193
93.3489
93.3761
93.4075
93.4371
93.4704
93.5004
93.5303
93.563
93.5971
93.6264
93.6571
93.6869
93.7159
93.7476
93.7802
93.8088
93.8374
93.8668
93.8969
93.9241
93.954
93.9813
94.0115
94.0411
94.0695
94.0998
94.1297
94.159
94.1884
94.2195
94.2487
94.278
94.3085
94.3366
94.363
94.3902
94.4174
94.4457
94.4754
94.5051
94.5339
94.5607
94.588
94.6144
94.6425
94.6692
94.7022
94.7298
94.7593
94.7857
94.8126
94.8394
94.8695
94.8974
94.9216
94.948
94.9755
95.0047
95.0327
95.0627
95.0916
95.1205
95.1474
95.175
95.2005
95.2242
95.25
95.2796
95.3095
95.336
95.3621
95.3898
95.4189
95.4406
95.468
95.497
95.5224
95.5488
95.5751
95.6029
95.6318
95.6568
95.6837
95.7088
95.7357
95.7603
95.785
95.8107
95.8419
95.8679
95.8935
95.9202
95.9458
95.9716
96.0003
96.0249
96.0512
96.0796
96.1071
96.1322
96.1577
96.1823
96.2077
96.2368
96.2624
96.2875
96.3145
96.3382
96.3668
96.3945
96.4231
96.4476
96.4734
96.4971
96.5185
96.5422
96.5693
96.5957
96.6182
96.6479
96.6748
96.7009
96.7279
96.7534
96.7786
96.8053
96.8311
96.8576
96.885
96.9084
96.9339
96.9563
96.9794
97.0021
97.0283
97.0529
97.0787
97.1036
97.1291
97.1541
97.1778
97.204
97.2306
97.2589
97.2826
97.3065
97.3309
97.3546
97.3804
97.4059
97.4301
97.4529
97.4769
97.5013
97.5247
97.5479
97.5706
97.5945
97.6202
97.6448
97.6701
97.6946
97.7181
97.7399
97.7654
97.7895
97.8156
97.8394
97.8629
97.8893
97.9139
97.9378
97.9625
97.9906
98.0141
98.0363
98.0599
98.0839
98.109
98.1336
98.1538
98.1753
98.1993
98.2223
98.2483
98.2718
98.2947
98.3172
98.3405
98.3667
98.392
98.4177
98.4441
98.4669
98.4884
98.5124
98.5389
98.5615
98.5834
98.6085
98.632
98.6574
98.6825
98.7053
98.7272
98.7525
98.7755
98.7981
98.8207
98.8425
98.8641
98.8897
98.9098
98.9343
98.9578
98.9782
99.0029
99.0274
99.0505
99.074
99.0977
99.1221
99.1453
99.1677
99.1921
99.2156
99.2378
99.2616
99.2859
99.3089
99.3328
99.3558
99.3821
99.4042
99.4266
99.4504
99.4769
99.4981
99.5207
99.5434
99.5664
99.589
99.6108
99.6345
99.6538
99.6766
99.6961
99.7208
99.7445
99.7691
99.7915
99.8173
99.8389
99.8633
99.8861
99.9098
99.935
99.9593
99.9856
100.01
100.031
100.054
100.075
100.096
100.118
100.141
100.164
100.186
100.211
100.233
100.255
100.278
100.3
100.325
100.348
100.368
100.39
100.413
100.435
100.458
100.481
100.503
100.525
100.55
100.573
100.595
100.617
100.641
100.662
100.681
100.702
100.724
100.748
100.771
100.793
100.816
100.837
100.858
100.881
100.902
100.923
100.945
100.967
100.99
101.01
101.032
101.054
101.075
101.097
101.119
101.143
101.164
101.188
101.211
101.231
101.253
101.278
101.298
101.32
101.34
101.361
101.382
101.4
101.423
101.444
101.465
101.488
101.513
101.533
101.555
101.575
101.596
101.617
101.639
101.66
101.682
101.704
101.725
101.746
101.768
101.79
101.812
101.835
101.856
101.878
101.9
101.923
101.942
101.964
101.982
102.004
102.025
102.048
102.07
102.09
102.111
102.132
102.151
102.174
102.195
102.218
102.238
102.259
102.28
102.304
102.324
102.345
102.368
102.389
102.41
102.43
102.452
102.475
102.495
102.516
102.537
102.559
102.581
102.601
102.622
102.643
102.663
102.683
102.705
102.725
102.747
102.768
102.788
102.808
102.829
102.85
102.871
102.889
102.912
102.933
102.953
102.975
102.994
103.018
103.04
103.062
103.084
103.105
103.126
103.147
103.168
103.189
103.209
103.231
103.251
103.274
103.296
103.317
103.336
103.358
103.379
103.4
103.421
103.443
103.465
103.487
103.507
103.529
103.551
103.574
103.593
103.613
103.633
103.652
103.674
103.693
103.714
103.736
103.755
103.772
103.793
103.814
103.836
103.855
103.876
103.898
103.92
103.94
103.962
103.982
104.004
104.025
104.043
104.063
104.082
104.104
104.125
104.146
104.167
104.187
104.208
104.229
104.246
104.267
104.288
104.308
104.329
104.352
104.374
104.394
104.412
104.431
104.453
104.472
104.493
104.513
104.534
104.556
104.576
104.598
104.618
104.638
104.659
104.681
104.7
104.722
104.741
104.76
104.78
104.802
104.821
104.84
104.859
104.88
104.902
104.923
104.942
104.964
104.984
105.005
105.028
105.047
105.069
105.091
105.113
105.136
105.159
105.181
105.2
105.22
105.239
105.26
105.28
105.301
105.323
105.344
105.366
105.386
105.408
105.431
105.451
105.471
105.49
105.513
105.532
105.552
105.573
105.591
105.611
105.631
105.654
105.673
105.696
105.716
105.736
105.758
105.777
105.796
105.816
105.836
105.856
105.875
105.894
105.916
105.936
105.957
105.977
105.997
106.019
106.038
106.057
106.076
106.095
106.115
106.137
106.157
106.179
106.198
106.22
106.241
106.26
106.281
106.3
106.322
106.343
106.365
106.387
106.406
106.431
106.453
106.475
106.494
106.515
106.536
106.555
106.577
106.596
106.615
106.638
106.66
106.68
106.701
106.72
106.74
106.759
106.78
106.801
106.82
106.841
106.86
106.881
106.899
106.92
106.941
106.963
106.984
107.006
107.027
107.048
107.068
107.087
107.107
107.129
107.15
107.171
107.192
107.211
107.23
107.251
107.273
107.292
107.312
107.332
107.352
107.371
107.393
107.414
107.436
107.457
107.479
107.502
107.522
107.545
107.563
107.582
107.601
107.623
107.642
107.664
107.683
107.705
107.725
107.744
107.764
107.785
107.805
107.828
107.847
107.866
107.886
107.908
107.928
107.95
107.969
107.991
108.013
108.036
108.057
108.08
108.102
108.122
108.14
108.161
108.181
108.202
108.222
108.245
108.266
108.284
108.307
108.329
108.349
108.371
108.392
108.413
108.436
108.457
108.479
108.497
108.517
108.538
108.558
108.578
108.599
108.62
108.641
108.662
108.682
108.703
108.724
108.744
108.765
108.787
108.806
108.827
108.847
108.868
108.889
108.907
108.928
108.949
108.969
108.99
109.012
109.03
109.051
109.071
109.094
109.113
109.134
109.154
109.173
109.192
109.211
109.232
109.253
109.273
109.294
109.317
109.337
109.357
109.378
109.397
109.416
109.437
109.457
109.479
109.499
109.519
109.539
109.56
109.58
109.598
109.619
109.639
109.658
109.679
109.698
109.717
109.738
109.758
109.777
109.798
109.818
109.841
109.863
109.885
109.905
109.926
109.948
109.969
109.989
110.013
110.033
110.054
110.076
110.096
110.114
110.135
110.154
110.172
110.192
110.214
110.236
110.258
110.278
110.298
110.319
110.339
110.361
110.382
110.403
110.423
110.443
110.467
110.491
110.511
110.532
110.554
110.575
110.596
110.616
110.637
110.658
110.677
110.698
110.716
110.737
110.757
110.78
110.8
110.821
110.843
110.862
110.883
110.901
110.925
110.946
110.968
110.988
111.006
111.028
111.051
111.072
111.092
111.114
111.136
111.155
111.176
111.198
111.219
111.24
111.259
111.278
111.298
111.319
111.339
111.36
111.378
111.4
111.42
111.442
111.461
111.482
111.504
111.526
111.544
111.565
111.588
111.606
111.627
111.645
111.664
111.686
111.708
111.729
111.75
111.77
111.79
111.811
111.832
111.849
111.87
111.889
111.91
111.932
111.952
111.971
111.993
112.015
112.033
112.052
112.073
112.094
112.116
112.135
112.157
112.179
112.198
112.218
112.238
112.26
112.279
112.302
112.321
112.341
112.364
112.385
112.404
112.427
112.447
112.468
112.488
112.51
112.529
112.549
112.57
112.592
112.614
112.634
112.657
112.677
112.697
112.72
112.743
112.765
112.786
112.81
112.83
112.85
112.872
112.894
112.914
112.933
112.954
112.975
112.997
113.019
113.041
113.06
113.08
113.099
113.12
113.143
113.163
113.183
113.204
113.222
113.242
113.262
113.284
113.301
113.323
113.343
113.364
113.383
113.404
113.427
113.447
113.467
113.488
113.508
113.529
113.548
113.568
113.587
113.609
113.629
113.65
113.671
113.691
113.711
113.732
113.751
113.77
113.79
113.81
113.83
113.853
113.874
113.896
113.915
113.936
113.957
113.978
113.997
114.019
114.041
114.062
114.082
114.101
114.123
114.139
114.159
114.18
114.198
114.218
114.239
114.259
114.282
114.303
114.324
114.345
114.366
114.388
114.407
114.43
114.451
114.472
114.492
114.514
114.538
114.558
114.58
114.6
114.62
114.642
114.661
114.683
114.703
114.724
114.743
114.766
114.789
114.809
114.833
114.852
114.872
114.892
114.912
114.931
114.953
114.974
114.992
115.012
115.032
115.053
115.072
115.09
115.11
115.131
115.153
115.171
115.191
115.211
115.232
115.252
115.271
115.289
115.311
115.331
115.353
115.374
115.394
115.414
115.433
115.455
115.476
115.499
115.52
115.541
115.565
115.585
115.606
115.626
115.647
115.667
115.688
115.709
115.733
115.751
115.769
115.791
115.812
115.832
115.853
115.874
115.897
115.917
115.939
115.963
115.983
116.002
116.02
116.04
116.062
116.085
116.104
116.125
116.144
116.164
116.185
116.206
116.225
116.246
116.268
116.288
116.309
116.328
116.347
116.367
116.387
116.406
116.427
116.446
116.465
116.485
116.508
116.53
116.551
116.568
116.588
116.606
116.626
116.645
116.665
116.686
116.707
116.727
116.747
116.767
116.787
116.808
116.827
116.844
116.863
116.882
116.902
116.923
116.942
116.961
116.98
117.001
117.02
117.04
117.06
117.08
117.1
117.119
117.137
117.159
117.178
117.197
117.218
117.238
117.259
117.278
117.296
117.315
117.335
117.355
117.377
117.398
117.417
117.437
117.457
117.477
117.497
117.515
117.536
117.558
117.579
117.598
117.618
117.638
117.657
117.678
117.695
117.714
117.736
117.756
117.779
117.796
117.817
117.837
117.857
117.877
117.895
117.916
117.936
117.956
117.975
117.995
118.014
118.036
118.055
118.074
118.094
118.113
118.134
118.157
118.176
118.193
118.212
118.231
118.252
118.271
118.29
118.309
118.329
118.348
118.369
118.391
118.411
118.43
118.448
118.468
118.49
118.51
118.53
118.55
118.569
118.589
118.609
118.627
118.647
118.666
118.685
118.707
118.725
118.747
118.766
118.784
118.802
118.823
118.842
118.86
118.878
118.895
118.915
118.935
118.953
118.972
118.992
119.012
119.035
119.053
119.073
119.091
119.111
119.129
119.149
119.169
119.187
119.206
119.225
119.243
119.262
119.28
119.3
119.321
119.341
119.359
119.379
119.397
119.417
119.437
119.456
119.475
119.494
119.513
119.529
119.547
119.567
119.587
119.606
119.626
119.645
119.663
119.681
119.701
119.719
119.739
119.762
119.783
119.801
119.818
119.837
119.856
119.877
119.897
119.917
119.937
119.955
119.975
119.992
120.011
120.029
120.049
120.067
120.089
120.108
120.129
120.149
120.167
120.186
120.207
120.229
120.249
120.268
120.288
120.308
120.329
120.348
120.367
120.386
120.407
120.426
120.443
120.463
120.483
120.503
120.522
120.541
120.561
120.579
120.596
120.617
120.637
120.656
120.675
120.693
120.712
120.732
120.751
120.77
120.79
120.812
120.831
120.85
120.871
120.89
120.908
120.926
120.947
120.964
120.982
120.999
121.02
121.037
121.057
121.077
121.098
121.115
121.136
121.157
121.175
121.194
121.213
121.232
121.25
121.27
121.291
121.31
121.329
121.348
121.368
121.386
121.407
121.427
121.446
121.465
121.484
121.503
121.524
121.543
121.562
121.581
121.602
121.622
121.641
121.659
121.678
121.695
121.715
121.736
121.754
121.773
121.793
121.815
121.833
121.854
121.872
121.893
121.915
121.934
121.953
121.973
121.993
122.012
122.031
122.051
122.07
122.09
122.108
122.127
122.147
122.167
122.188
122.205
122.224
122.243
122.262
122.281
122.302
122.318
122.338
122.358
122.377
122.396
122.416
122.433
122.453
122.474
122.494
122.512
122.533
122.552
122.57
122.588
122.608
122.628
122.648
122.669
122.687
122.708
122.727
122.749
122.768
122.788
122.807
122.825
122.847
122.866
122.885
122.904
122.924
122.942
122.96
122.978
123.001
123.023
123.042
123.063
123.082
123.102
123.12
123.139
123.159
123.179
123.199
123.218
123.235
123.255
123.274
123.292
123.313
123.333
123.353
123.374
123.394
123.414
123.434
123.453
123.471
123.487
123.508
123.529
123.548
123.57
123.591
123.611
123.629
123.647
123.667
123.685
123.705
123.725
123.742
123.761
123.783
123.8
123.821
123.842
123.862
123.88
123.897
123.917
123.937
123.958
123.977
123.997
124.016
124.037
124.055
124.075
124.094
124.114
124.135
124.153
124.172
124.191
124.209
124.228
124.25
124.272
124.29
124.311
124.33
124.349
124.368
124.386
124.405
124.424
124.443
124.462
124.481
124.5
124.518
124.536
124.557
124.577
124.597
124.615
124.634
124.652
124.672
124.694
124.713
124.734
124.755
124.775
124.794
124.812
124.831
124.85
124.871
124.89
124.911
124.93
124.95
124.969
124.989
125.009
125.028
125.049
125.068
125.087
125.104
125.124
125.141
125.159
125.178
125.197
125.217
125.238
125.256
125.278
125.299
125.319
125.338
125.358
125.376
125.395
125.414
125.433
125.453
125.474
125.494
125.515
125.535
125.553
125.572
125.592
125.608
125.626
125.646
125.663
125.683
125.703
125.722
125.741
125.761
125.781
125.8
125.82
125.841
125.861
125.88
125.897
125.917
125.936
125.955
125.975
125.993
126.012
126.032
126.05
126.069
126.088
126.107
126.127
126.147
126.168
126.188
126.206
126.225
126.247
126.265
126.285
126.306
126.324
126.344
126.363
126.382
126.4
126.421
126.44
126.458
126.476
126.497
126.514
126.533
126.552
126.57
126.588
126.608
126.628
126.648
126.666
126.686
126.707
126.727
126.744
126.76
126.778
126.798
126.816
126.835
126.855
126.873
126.894
126.913
126.931
126.95
126.969
126.989
127.009
127.029
127.049
127.071
127.089
127.107
127.126
127.147
127.165
127.184
127.204
127.221
127.239
127.26
127.278
127.297
127.315
127.333
127.353
127.371
127.389
127.409
127.427
127.445
127.462
127.481
127.5
127.519
127.538
127.557
127.576
127.596
127.613
127.63
127.646
127.665
127.687
127.704
127.724
127.744
127.763
127.783
127.803
127.822
127.842
127.86
127.878
127.897
127.916
127.932
127.95
127.968
127.989
128.009
128.027
128.045
128.064
128.083
128.102
128.12
128.141
128.16
128.18
128.197
128.213
128.233
128.251
128.271
128.288
128.308
128.326
128.346
128.363
128.382
128.399
128.42
128.436
128.454
128.473
128.492
128.511
128.527
128.545
128.565
128.583
128.602
128.62
128.639
128.656
128.676
128.695
128.713
128.73
128.75
128.768
128.787
128.804
128.823
128.839
128.859
128.878
128.894
128.912
128.931
128.951
128.969
128.987
129.005
129.023
129.041
129.059
129.076
129.094
129.113
129.131
129.15
129.169
129.189
129.209
129.227
129.244
129.264
129.281
129.297
129.316
129.333
129.349
129.367
129.386
129.404
129.423
129.442
129.46
129.478
129.496
129.514
129.532
129.55
129.567
129.584
129.604
129.622
129.639
129.658
129.676
129.694
129.713
129.731
129.749
129.768
129.785
129.803
129.822
129.84
129.858
129.876
129.895
129.914
129.931
129.951
129.968
129.986
130.005
130.022
130.04
130.057
130.075
130.093
130.112
130.131
130.15
130.168
130.185
130.204
130.22
130.239
130.258
130.275
130.294
130.312
130.33
130.348
130.368
130.386
130.404
130.422
130.44
130.458
130.475
130.494
130.513
130.531
130.551
130.57
130.59
130.608
130.628
130.647
130.665
130.683
130.7
130.717
130.734
130.753
130.769
130.785
130.804
130.82
130.838
130.856
130.875
130.894
130.913
130.932
130.948
130.966
130.984
131.002
131.02
131.041
131.059
131.077
131.095
131.115
131.132
131.15
131.167
131.187
131.207
131.226
131.244
131.264
131.285
131.304
131.323
131.342
131.361
131.38
131.399
131.416
131.434
131.455
131.472
131.49
131.507
131.526
131.543
131.561
131.579
131.597
131.615
131.633
131.65
131.667
131.686
131.707
131.727
131.746
131.764
131.783
131.802
131.822
131.841
131.859
131.878
131.899
131.916
131.934
131.95
131.97
131.989
132.007
132.024
132.044
132.062
132.079
132.098
132.116
132.135
132.154
132.171
132.189
132.205
132.223
132.244
132.264
132.283
132.301
132.321
132.339
132.36
132.38
132.398
132.416
132.436
132.454
132.472
132.492
132.51
132.528
132.545
132.563
132.584
132.604
132.622
132.642
132.663
132.684
132.702
132.722
132.741
132.76
132.778
132.798
132.818
132.838
132.855
132.875
132.895
132.915
132.934
132.952
132.971
132.991
133.011
133.029
133.048
133.065
133.083
133.103
133.123
133.145
133.164
133.184
133.203
133.222
133.24
133.259
133.277
133.295
133.311
133.33
133.349
133.366
133.382
133.402
133.42
133.438
133.459
133.48
133.501
133.519
133.537
133.556
133.576
133.594
133.614
133.633
133.651
133.672
133.692
133.713
133.732
133.752
133.773
133.793
133.814
133.833
133.854
133.875
133.896
133.915
133.935
133.954
133.972
133.99
134.011
134.029
134.048
134.066
134.085
134.103
134.122
134.142
134.161
134.181
134.201
134.22
134.238
134.257
134.275
134.297
134.316
134.334
134.354
134.378
134.397
134.419
134.439
134.458
134.478
134.498
134.519
134.538
134.556
134.577
134.597
134.615
134.635
134.656
134.676
134.698
134.718
134.737
134.757
134.778
134.796
134.815
134.836
134.856
134.876
134.894
134.913
134.931
134.951
134.969
134.987
135.007
135.026
135.045
135.066
135.088
135.11
135.13
135.151
135.171
135.192
135.211
135.232
135.253
135.272
135.29
135.309
135.328
135.35
135.373
135.396
135.417
135.439
135.458
135.477
135.498
135.518
135.535
135.556
135.576
135.597
135.618
135.637
135.66
135.68
135.699
135.719
135.738
135.757
135.778
135.8
135.821
135.84
135.862
135.883
135.903
135.923
135.944
135.965
135.986
136.007
136.027
136.046
136.068
136.086
136.105
136.126
136.147
136.166
136.185
136.205
136.225
136.246
136.267
136.287
136.308
136.332
136.353
136.373
136.393
136.414
136.434
136.453
136.474
136.495
136.517
136.538
136.558
136.578
136.6
136.621
136.644
136.665
136.686
136.706
136.726
136.745
136.764
136.786
136.806
136.826
136.846
136.869
136.89
136.909
136.928
136.95
136.97
136.991
137.012
137.032
137.055
137.076
137.096
137.116
137.138
137.158
137.182
137.2
137.221
137.245
137.268
137.289
137.309
137.33
137.351
137.372
137.394
137.414
137.434
137.456
137.474
137.497
137.518
137.537
137.557
137.576
137.594
137.614
137.634
137.657
137.681
137.702
137.727
137.748
137.77
137.793
137.814
137.835
137.857
137.879
137.901
137.924
137.945
137.965
137.987
138.009
138.029
138.05
138.071
138.093
138.113
138.135
138.159
138.179
138.2
138.22
138.24
138.262
138.284
138.304
138.324
138.347
138.366
138.39
138.413
138.435
138.456
138.478
138.501
138.524
138.545
138.565
138.586
138.606
138.627
138.649
138.672
138.694
138.717
138.739
138.763
138.782
138.806
138.826
138.845
138.868
138.89
138.909
138.929
138.95
138.971
138.993
139.016
139.036
139.057
139.08
139.1
139.12
139.142
139.164
139.186
139.204
139.225
139.249
139.268
139.29
139.312
139.334
139.356
139.377
139.399
139.419
139.441
139.462
139.483
139.505
139.527
139.548
139.571
139.594
139.618
139.64
139.658
139.679
139.7
139.721
139.741
139.762
139.783
139.806
139.827
139.85
139.871
139.892
139.912
139.933
139.954
139.973
139.994
140.016
140.037
140.058
140.079
140.099
140.123
140.144
140.165
140.186
140.206
140.23
140.251
140.271
140.29
140.311
140.331
140.352
140.373
140.396
140.42
140.44
140.462
140.481
140.504
140.526
140.545
140.565
140.584
140.606
140.628
140.65
140.671
140.691
140.714
140.733
140.755
140.775
140.796
140.817
140.838
140.862
140.883
140.904
140.925
140.948
140.968
140.989
141.011
141.033
141.053
141.074
141.092
141.115
141.137
141.159
141.183
141.204
141.225
141.248
141.267
141.289
141.309
141.332
141.353
141.374
141.395
141.417
141.439
141.458
141.48
141.502
141.523
141.547
141.568
141.588
141.612
141.633
141.655
141.675
141.696
141.716
141.738
141.757
141.778
141.802
141.822
141.84
141.863
141.883
141.903
141.924
141.945
141.966
141.987
142.008
142.029
142.049
142.072
142.092
142.114
142.134
142.155
142.177
142.199
142.221
142.242
142.263
142.283
142.303
142.325
142.346
142.368
142.389
142.411
142.431
142.453
142.476
142.497
142.518
142.539
142.558
142.58
142.599
142.619
142.639
142.662
142.684
142.706
142.729
142.748
142.769
142.789
142.81
142.834
142.856
142.876
142.899
142.919
142.939
142.959
142.979
142.998
143.019
143.04
143.062
143.084
143.104
143.126
143.146
143.166
143.186
143.208
143.231
143.253
143.273
143.294
143.313
143.333
143.353
143.372
143.393
143.413
143.435
143.456
143.476
143.496
143.516
143.536
143.559
143.579
143.602
143.623
143.643
143.667
143.688
143.707
143.727
143.747
143.768
143.789
143.81
143.829
143.851
143.872
143.894
143.914
143.934
143.955
143.976
143.993
144.014
144.037
144.059
144.079
144.1
144.124
144.148
144.169
144.188
144.21
144.234
144.253
144.274
144.293
144.313
144.334
144.353
144.376
144.396
144.416
144.437
144.458
144.478
144.497
144.516
144.538
144.558
144.578
144.599
144.618
144.636
144.655
144.675
144.698
144.72
144.739
144.761
144.782
144.803
144.821
144.842
144.862
144.885
144.906
144.925
144.945
144.967
144.987
145.005
145.025
145.043
145.064
145.083
145.103
145.122
145.14
145.158
145.178
145.198
145.22
145.237
145.255
145.276
145.295
145.315
145.335
145.357
145.377
145.396
145.418
145.437
145.456
145.477
145.497
145.518
145.538
145.556
145.576
145.596
145.617
145.638
145.657
145.675
145.696
145.714
145.734
145.758
145.777
145.798
145.818
145.837
145.856
145.876
145.897
145.916
145.933
145.951
145.971
145.989
146.009
146.029
146.049
146.067
146.087
146.107
146.128
146.144
146.164
146.185
146.205
146.225
146.244
146.261
146.279
146.297
146.316
146.336
146.354
146.373
146.39
146.408
146.428
146.446
146.465
146.484
146.503
146.521
146.543
146.561
146.579
146.598
146.616
146.635
146.651
146.668
146.686
146.703
146.72
146.738
146.755
146.772
146.79
146.811
146.828
146.847
146.864
146.882
146.9
146.917
146.937
146.956
146.973
146.993
147.013
147.032
147.051
147.07
147.088
147.106
147.123
147.142
147.158
147.175
147.192
147.211
147.229
147.248
147.268
147.285
147.301
147.318
147.336
147.355
147.373
147.391
147.409
147.428
147.446
147.463
147.482
147.499
147.517
147.535
147.554
147.571
147.59
147.608
147.626
147.643
147.661
147.678
147.696
147.714
147.731
147.748
147.765
147.781
147.798
147.816
147.834
147.853
147.872
147.888
147.905
147.921
147.939
147.957
147.971
147.988
148.005
148.021
148.037
148.053
148.071
148.087
148.104
148.121
148.138
148.153
148.17
148.188
148.207
148.224
148.241
148.257
148.274
148.293
148.308
148.324
148.34
148.359
148.376
148.397
148.414
148.429
148.445
148.461
148.478
148.495
148.511
148.527
148.543
148.56
148.576
148.593
148.609
148.626
148.644
148.662
148.677
148.693
148.711
148.728
148.743
148.761
148.779
148.795
148.813
148.831
148.847
148.862
148.879
148.894
148.91
148.926
148.943
148.96
148.975
148.992
149.008
149.026
149.043
149.058
149.072
149.09
149.105
149.122
149.139
149.157
149.173
149.189
149.206
149.221
149.237
149.251
149.268
149.283
149.298
149.315
149.33
149.346
149.362
149.378
149.395
149.411
149.426
149.441
149.455
149.47
149.485
149.501
149.515
149.532
149.548
149.563
149.577
149.592
149.606
149.622
149.638
149.654
149.67
149.687
149.701
149.718
149.733
149.748
149.764
149.781
149.796
149.811
149.826
149.841
149.856
149.871
149.886
149.902
149.917
149.932
149.946
149.963
149.978
149.994
150.01
150.024
150.04
150.053
150.07
150.085
150.101
150.117
150.132
150.146
150.162
150.178
150.192
150.209
150.224
150.24
150.253
150.268
150.284
150.298
150.313
150.328
150.342
150.358
150.374
150.388
150.403
150.418
150.434
150.448
150.464
150.478
150.492
150.507
150.523
150.537
150.55
150.565
150.58
150.595
150.608
150.623
150.638
150.652
150.666
150.68
150.694
150.708
150.723
150.738
150.755
150.77
150.787
150.802
150.816
150.831
150.845
150.859
150.872
150.887
150.904
150.919
150.934
150.95
150.964
150.979
150.994
151.009
151.023
151.038
151.052
151.067
151.083
151.096
151.113
151.126
151.141
151.155
151.169
151.183
151.196
151.211
151.225
151.239
151.254
151.268
151.285
151.299
151.313
151.328
151.342
151.355
151.369
151.382
151.395
151.41
151.425
151.439
151.452
151.465
151.479
151.493
151.507
151.522
151.535
151.55
151.565
151.579
151.593
151.605
151.619
151.634
151.647
151.66
151.675
151.689
151.701
151.715
151.728
151.742
151.756
151.77
151.785
151.798
151.812
151.825
151.839
151.853
151.867
151.88
151.893
151.907
151.921
151.935
151.949
151.963
151.974
151.987
152
152.012
152.026
152.038
152.052
152.065
152.077
152.09
152.104
152.117
152.13
152.144
152.157
152.169
152.183
152.197
152.21
152.223
152.236
152.251
152.264
152.277
152.289
152.304
152.315
152.329
152.342
152.356
152.369
152.381
152.395
152.407
152.419
152.434
152.448
152.46
152.473
152.486
152.499
152.513
152.525
152.539
152.552
152.565
152.578
152.591
152.603
152.616
152.629
152.642
152.655
152.669
152.681
152.693
152.707
152.72
152.733
152.747
152.76
152.773
152.786
152.801
152.814
152.827
152.839
152.852
152.865
152.877
152.889
152.902
152.916
152.93
152.942
152.954
152.967
152.98
152.992
153.005
153.019
153.03
153.043
153.057
153.069
153.082
153.096
153.108
153.121
153.134
153.147
153.159
153.173
153.186
153.199
153.214
153.227
153.24
153.253
153.264
153.276
153.288
153.301
153.313
153.325
153.337
153.349
153.362
153.375
153.388
153.4
153.414
153.426
153.438
153.452
153.466
153.478
153.491
153.504
153.516
153.529
153.541
153.553
153.565
153.577
153.589
153.6
153.612
153.625
153.637
153.651
153.664
153.676
153.687
153.698
153.709
153.72
153.732
153.743
153.755
153.766
153.778
153.792
153.803
153.815
153.827
153.839
153.852
153.863
153.873
153.885
153.897
153.91
153.921
153.934
153.945
153.958
153.97
153.983
153.994
154.005
154.018
154.03
154.042
154.053
154.065
154.077
154.088
154.101
154.114
154.126
154.138
154.149
154.162
154.173
154.185
154.196
154.208
154.22
154.231
154.243
154.255
154.267
154.277
154.288
154.3
154.312
154.325
154.338
154.351
154.363
154.374
154.386
154.398
154.41
154.422
154.434
154.444
154.456
154.468
154.48
154.49
