1
2
3.5
3.83333
4.08333
4.48333
4.65
4.65
5.025
6.025
8.44975
10.2242
11.9501
15.277
18.848
21.2597
22.8796
23.9711
25.0419
25.901
26.7679
27.6245
28.4463
29.142
29.8233
30.5067
31.1306
31.7085
32.2239
32.7429
33.2578
33.7075
34.1574
34.6127
35.0147
35.4293
35.8363
36.21
36.5686
36.8626
37.1743
37.5045
37.796
38.0766
38.3823
38.6961
38.9673
39.2088
39.4616
39.7079
39.9409
40.1978
40.4113
40.6445
40.8618
41.0591
41.2622
41.4755
41.6788
41.8877
42.0895
42.3006
42.4972
42.6832
42.8905
43.0599
43.2421
43.4196
43.6021
43.7787
43.9559
44.1262
44.2973
44.4693
44.6216
44.7863
44.9554
45.1407
45.3029
45.4566
45.6148
45.7743
45.9086
46.0743
46.2315
46.4011
46.5608
46.7161
46.8805
47.0347
47.1945
47.3344
47.5127
47.681
47.845
47.9987
48.1504
48.302
48.4518
48.5871
48.7386
48.8713
49.0064
49.1614
49.2941
49.434
49.5801
49.7136
49.8464
49.9913
50.1257
50.2651
50.3907
50.5174
50.6448
50.7658
50.8989
51.0328
51.1649
51.2966
51.4384
51.5688
51.6863
51.8029
51.9335
52.0474
52.1702
52.2978
52.424
52.5563
52.6684
52.7839
52.8857
53.0088
53.1229
53.2425
53.3617
53.4768
53.6009
53.7091
53.8322
53.9521
54.0615
54.1627
54.2736
54.3845
54.5059
54.61
54.7207
54.8313
54.9374
55.0503
55.1676
55.2767
55.3853
55.4942
55.6156
55.7235
55.8283
55.9347
56.0386
56.1453
56.2594
56.3521
56.4587
56.5711
56.6704
56.7692
56.8671
56.9656
57.0627
57.1593
57.2677
57.3786
57.479
57.5814
57.6896
57.7906
57.9014
58.006
58.1295
58.2433
58.3508
58.4664
58.5686
58.6717
58.7814
58.8891
58.9882
59.1095
59.2219
59.3266
59.4397
59.5553
59.6627
59.7656
59.8815
59.9886
60.0937
60.1998
60.3041
60.4076
60.5135
60.6156
60.723
60.8281
60.9382
61.0521
61.1616
61.2667
61.3848
61.493
61.6081
61.707
61.8268
61.9294
62.038
62.1482
62.2516
62.3563
62.4698
62.575
62.6767
62.7792
62.8911
63.0013
63.1073
63.2169
63.3214
63.4343
63.548
63.6565
63.7672
63.8679
63.9808
64.0816
64.1879
64.2958
64.4073
64.5083
64.6225
64.7261
64.8318
64.9359
65.0305
65.1317
65.2366
65.3514
65.4582
65.5545
65.6478
65.7489
65.8562
65.9647
66.0725
66.1653
66.2653
66.369
66.4544
66.5511
66.6474
66.7418
66.8394
66.9311
67.0362
67.1231
67.2083
67.3007
67.3874
67.4752
67.5691
67.6553
67.7557
67.847
67.9393
68.0243
68.1138
68.2035
68.2887
68.3695
68.4505
68.5385
68.6146
68.707
68.7863
68.8706
68.9503
69.0296
69.1173
69.1951
69.2852
69.3562
69.4412
69.5195
69.6013
69.6769
69.7604
69.844
69.9205
69.9907
70.0642
70.1354
70.2068
70.2761
70.3451
70.4286
70.5024
70.5739
70.6509
70.7305
70.8062
70.878
70.942
71.0134
71.0842
71.1552
71.2215
71.2913
71.3617
71.4414
71.5127
71.5821
71.6509
71.7155
71.7793
71.848
71.9112
71.988
72.0498
72.1125
72.1815
72.2497
72.3198
72.3844
72.4496
72.5109
72.5773
72.6397
72.7052
72.7691
72.8274
72.8856
72.9442
73.0069
73.0694
73.1326
73.1899
73.2452
73.3105
73.3701
73.4358
73.4969
73.5552
73.6141
73.6724
73.7323
73.7905
73.8428
73.8987
73.9546
74.0151
74.0708
74.1283
74.1799
74.2384
74.2949
74.3523
74.4082
74.4651
74.5212
74.575
74.625
74.6802
74.7376
74.792
74.8478
74.9003
74.9542
75.0075
75.0574
75.1107
75.1669
75.2234
75.2777
75.3277
75.3753
75.4267
75.4835
75.5381
75.5951
75.6521
75.7046
75.7569
75.8079
75.8654
75.918
75.9732
76.023
76.0739
76.1274
76.1772
76.2356
76.2876
76.3402
76.3968
76.447
76.4968
76.5436
76.5965
76.6418
76.6979
76.751
76.7973
76.8459
76.8955
76.9453
76.9953
77.0452
77.0999
77.1499
77.2053
77.259
77.3113
77.3673
77.4162
77.47
77.5232
77.5719
77.6237
77.6706
77.7225
77.7773
77.8354
77.8893
77.9386
77.9898
78.039
78.0957
78.1449
78.1972
78.2489
78.3045
78.3501
78.4017
78.4529
78.5129
78.5613
78.6124
78.6636
78.7176
78.7705
78.8247
78.8731
78.9264
78.9738
79.0301
79.0809
79.1349
79.183
79.2349
79.2843
79.335
79.3875
79.4378
79.4921
79.5473
79.6001
79.6521
79.6982
79.7516
79.8002
79.8591
79.915
79.9709
80.0231
80.0754
80.1309
80.1856
80.2432
80.2987
80.3561
80.4064
80.4583
80.5183
80.5697
80.6209
80.6694
80.7263
80.7821
80.8296
80.8783
80.9333
80.9837
81.0327
81.0829
81.1335
81.1883
81.2396
81.2918
81.3502
81.4022
81.4562
81.5099
81.5614
81.6111
81.6636
81.715
81.7667
81.8167
81.8696
81.9182
81.9648
82.0152
82.0672
82.1162
82.1667
82.2213
82.2695
82.3169
82.3675
82.4157
82.4665
82.5181
82.566
82.6143
82.6655
82.7137
82.7605
82.8084
82.8565
82.9045
82.9478
82.9967
83.0494
83.0964
83.1449
83.1898
83.237
83.2867
83.3348
83.3816
83.4249
83.4725
83.5166
83.5591
83.6064
83.6478
83.6938
83.7419
83.7875
83.8287
83.872
83.9199
83.9692
84.0128
84.0596
84.1047
84.1462
84.1901
84.2323
84.2715
84.3159
84.3586
84.4002
84.4443
84.4848
84.5283
84.5669
84.6147
84.6557
84.7025
84.7423
84.7919
84.8319
84.8727
84.9129
84.9513
84.9923
85.0332
85.0718
85.1093
85.1501
85.1947
85.2362
85.2796
85.3213
85.3633
85.4045
85.4443
85.4821
85.5218
85.5617
85.6029
85.6427
85.6818
85.7181
85.7557
85.7924
85.8378
85.879
85.9215
85.9568
85.9921
86.0281
86.0683
86.11
86.1499
86.1908
86.2282
86.2637
86.304
86.3421
86.3787
86.4196
86.4572
86.496
86.537
86.5736
86.6144
86.6488
86.6835
86.7198
86.7589
86.7913
86.8262
86.8639
86.9015
86.9398
86.9753
87.0138
87.0493
87.0832
87.1203
87.1569
87.1938
87.2279
87.2667
87.3014
87.3389
87.3786
87.4128
87.4491
87.4848
87.52
87.5569
87.5969
87.6299
87.6699
87.7073
87.7431
87.7798
87.8203
87.8543
87.8942
87.9321
87.9655
88.0019
88.0362
88.0752
88.1114
88.1463
88.1834
88.2181
88.2533
88.2857
88.3235
88.3591
88.3977
88.437
88.4778
88.5153
88.5493
88.5804
88.614
88.6535
88.6866
88.7203
88.7562
88.7926
88.8297
88.8643
88.8985
88.9372
88.9723
89.0054
89.0437
89.0792
89.1148
89.1555
89.1938
89.2273
89.2622
89.2953
89.3321
89.3654
89.4036
89.4401
89.4793
89.514
89.5447
89.5784
89.6144
89.6474
89.6838
89.7168
89.754
89.7932
89.831
89.8654
89.8983
89.9348
89.9683
89.9991
90.0306
90.0673
90.1002
90.1334
90.1684
90.2014
90.2367
90.2735
90.3078
90.3418
90.3755
90.411
90.4439
90.4789
90.5124
90.5495
90.5858
90.6189
90.6576
90.6902
90.7258
90.7579
90.7931
90.83
90.8603
90.8921
90.9246
90.9587
90.9891
91.0247
91.0603
91.0952
91.1264
91.1604
91.1896
91.2219
91.251
91.2826
91.3167
91.348
91.3826
91.4153
91.4475
91.4772
91.5119
91.5449
91.5758
91.6096
91.6481
91.6869
91.7203
91.7554
91.7864
91.8187
91.8482
91.8803
91.9136
91.9463
91.9778
92.0097
92.0413
92.0796
92.1157
92.1485
92.1814
92.2122
92.2451
92.2784
92.3111
92.3411
92.3726
92.4053
92.4343
92.4666
92.5
92.5353
92.5679
92.595
92.6257
92.657
92.6894
92.7225
92.7497
92.7802
92.8111
92.8413
92.872
92.9067
92.9426
92.9724
93.0066
93.0415
93.0723
93.1041
93.1347
93.1651
93.1938
93.2271
93.257
93.2899
93.3184
93.3498
93.3819
93.4116
93.4443
93.4751
93.5064
93.5371
93.5677
93.5975
93.6299
93.6582
93.6904
93.7221
93.7539
93.7844
93.8144
93.8451
93.8777
93.9086
93.9373
93.9682
93.9969
94.0283
94.0579
94.0904
94.1223
94.1506
94.1819
94.2096
94.2397
94.2708
94.3008
94.3311
94.3639
94.3957
94.4279
94.4558
94.4882
94.5181
94.5471
94.5785
94.6094
94.6381
94.667
94.6979
94.7297
94.7611
94.788
94.8173
94.8506
94.8837
94.915
94.9452
94.9721
95.0015
95.036
95.065
95.0964
95.1271
95.1573
95.1873
95.2136
95.2469
95.2767
95.3056
95.3367
95.3676
95.3985
95.4271
95.4573
95.4875
95.5196
95.5492
95.5777
95.6059
95.6348
95.6654
95.6963
95.7273
95.7571
95.7871
95.8145
95.8446
95.8715
95.9017
95.9304
95.9607
95.9924
96.0225
96.0531
96.081
96.1091
96.1373
96.1682
96.1965
96.227
96.2591
96.288
96.3195
96.3496
96.3787
96.4056
96.4355
96.4656
96.494
96.5214
96.5508
96.5811
96.6111
96.6381
96.6704
96.7018
96.7311
96.7608
96.7871
96.8168
96.8446
96.8717
96.9029
96.9337
96.9648
96.9944
97.0268
97.0543
97.0793
97.1104
97.1388
97.1687
97.1969
97.2325
97.2592
97.2882
97.3187
97.3473
97.376
97.4031
97.4312
97.4612
97.4898
97.5212
97.5515
97.5865
97.6166
97.6479
97.674
97.7054
97.7343
97.7621
97.79
97.8203
97.8476
97.8794
97.9109
97.9427
97.9704
97.9996
98.0264
98.0552
98.0833
98.1132
98.1416
98.1685
98.1952
98.2258
98.2553
98.2867
98.3159
98.345
98.375
98.4037
98.4382
98.467
98.4981
98.5257
98.5555
98.5865
98.6138
98.642
98.6707
98.7015
98.7299
98.7594
98.7903
98.8245
98.8566
98.8885
98.9165
98.9475
98.9782
99.006
99.035
99.0654
99.0948
99.1256
99.153
99.1819
99.2106
99.2407
99.2678
99.2963
99.3273
99.3592
99.389
99.4202
99.4495
99.4812
99.5135
99.5458
99.575
99.6061
99.6373
99.668
99.6971
99.7286
99.7572
99.7882
99.8211
99.8526
99.8837
99.9158
99.9474
99.9778
100.006
100.035
100.071
100.101
100.133
100.164
100.196
100.227
100.259
100.292
100.323
100.355
100.384
100.418
100.444
100.481
100.515
100.547
100.578
100.608
100.641
100.674
100.705
100.74
100.771
100.802
100.835
100.87
100.901
100.934
100.968
100.999
101.03
101.061
101.098
101.131
101.162
101.196
101.228
101.259
101.292
101.323
101.353
101.385
101.417
101.448
101.479
101.514
101.548
101.58
101.614
101.649
101.68
101.71
101.742
101.774
101.805
101.838
101.868
101.905
101.935
101.972
102.006
102.04
102.077
102.111
102.142
102.175
102.207
102.239
102.273
102.308
102.338
102.378
102.411
102.446
102.477
102.508
102.54
102.573
102.609
102.642
102.673
102.711
102.744
102.781
102.813
102.845
102.877
102.911
102.951
102.986
103.021
103.057
103.088
103.118
103.154
103.188
103.219
103.256
103.294
103.327
103.363
103.399
103.43
103.465
103.499
103.536
103.57
103.605
103.64
103.675
103.711
103.74
103.772
103.807
103.845
103.879
103.915
103.951
103.984
104.018
104.054
104.09
104.126
104.163
104.198
104.234
104.268
104.301
104.332
104.368
104.402
104.437
104.471
104.505
104.542
104.579
104.614
104.651
104.684
104.721
104.757
104.795
104.831
104.87
104.904
104.942
104.98
105.017
105.052
105.088
105.124
105.164
105.201
105.238
105.275
105.313
105.346
105.379
105.417
105.453
105.491
105.525
105.561
105.595
105.631
105.664
105.697
105.734
105.771
105.808
105.843
105.881
105.922
105.957
105.991
106.021
106.056
106.093
106.129
106.163
106.198
106.235
106.269
106.305
106.34
106.374
106.406
106.443
106.478
106.516
106.551
106.589
106.631
106.668
106.709
106.749
106.788
106.828
106.864
106.904
106.94
106.98
107.016
107.056
107.09
107.125
107.164
107.201
107.241
107.278
107.318
107.353
107.385
107.423
107.458
107.492
107.532
107.57
107.604
107.637
107.675
107.712
107.749
107.786
107.822
107.862
107.899
107.933
107.969
108.006
108.046
108.079
108.117
108.155
108.192
108.228
108.265
108.3
108.336
108.371
108.412
108.447
108.483
108.519
108.56
108.594
108.631
108.667
108.706
108.747
108.781
108.817
108.854
108.893
108.93
108.966
109.003
109.04
109.079
109.117
109.154
109.194
109.235
109.274
109.312
109.35
109.388
109.422
109.459
109.494
109.529
109.569
109.607
109.643
109.68
109.719
109.757
109.79
109.826
109.863
109.902
109.939
109.977
110.011
110.049
110.088
110.125
110.16
110.197
110.236
110.27
110.309
110.345
110.382
110.418
110.454
110.491
110.527
110.564
110.595
110.631
110.671
110.708
110.745
110.784
110.818
110.855
110.891
110.924
110.961
110.999
111.037
111.073
111.106
111.144
111.177
111.218
111.253
111.287
111.323
111.361
111.399
111.438
111.473
111.51
111.548
111.585
111.619
111.65
111.689
111.724
111.757
111.792
111.825
111.861
111.895
111.929
111.964
112
112.034
112.066
112.101
112.134
112.166
112.206
112.239
112.272
112.308
112.347
112.38
112.412
112.446
112.484
112.518
112.551
112.583
112.618
112.651
112.683
112.716
112.751
112.785
112.821
112.856
112.892
112.925
112.959
112.993
113.025
113.056
113.088
113.117
113.152
113.187
113.22
113.252
113.284
113.322
113.358
113.392
113.426
113.458
113.491
113.526
113.559
113.592
113.624
113.656
113.688
113.72
113.754
113.788
113.825
113.86
113.891
113.926
113.956
113.991
114.022
114.057
114.089
114.123
114.154
114.181
114.214
114.245
114.277
114.305
114.335
114.366
114.397
114.425
114.454
114.48
114.516
114.549
114.581
114.61
114.642
114.674
114.703
114.735
114.767
114.798
114.827
114.857
114.886
114.919
114.953
114.988
115.019
115.049
115.077
115.106
115.133
115.163
115.192
115.223
115.251
115.279
115.308
115.339
115.368
115.399
115.429
115.46
115.49
115.517
115.547
115.575
115.607
115.638
115.671
115.698
115.725
115.755
115.781
115.809
115.838
115.865
115.895
115.925
115.953
115.979
116.006
116.034
116.062
116.09
116.118
116.145
116.177
116.206
116.234
116.261
116.29
116.316
116.344
116.372
116.401
116.426
116.452
116.477
116.506
116.533
116.561
116.588
116.617
116.645
116.67
116.697
116.723
116.75
116.774
116.799
116.827
116.852
116.879
116.903
116.931
116.956
116.98
117.006
117.03
117.054
117.081
117.109
117.136
117.162
117.185
117.21
117.235
117.26
117.285
117.31
117.333
117.358
117.384
117.408
117.432
117.455
117.477
117.501
117.525
117.55
117.575
117.602
117.627
117.654
117.679
117.701
117.728
117.753
117.777
117.798
117.825
117.85
117.878
117.9
117.923
117.947
117.97
117.994
118.015
118.04
118.066
118.09
118.113
118.139
118.16
118.184
118.208
118.231
118.256
118.28
118.303
118.325
118.347
118.368
118.39
118.416
118.439
118.463
118.486
118.507
118.529
118.553
118.576
118.6
118.62
118.642
118.663
118.688
118.711
118.733
118.754
118.778
118.802
118.821
118.843
118.865
118.886
118.907
118.929
118.952
118.974
118.995
119.016
119.04
119.062
119.086
119.108
119.13
119.151
119.171
119.193
119.215
119.236
119.26
119.283
119.306
119.328
119.348
119.372
119.395
119.416
119.436
119.456
119.479
119.499
119.522
119.541
119.562
119.583
119.605
119.626
119.649
119.672
119.694
119.717
119.738
119.758
119.78
119.8
119.821
119.841
119.861
119.884
119.905
119.925
119.946
119.966
119.987
120.009
120.031
120.052
120.071
120.091
120.112
120.132
120.153
120.176
120.199
120.219
120.238
120.261
120.283
120.304
120.324
120.344
120.364
120.383
120.402
120.421
120.443
120.463
120.482
120.502
120.521
120.541
120.56
120.579
120.598
120.618
120.64
120.66
120.68
120.7
120.718
120.739
120.759
120.779
120.796
120.814
120.838
120.858
120.878
120.899
120.918
120.938
120.955
120.973
120.991
121.014
121.032
121.053
121.072
121.093
121.111
121.131
121.152
121.171
121.191
121.209
121.226
121.246
121.266
121.287
121.305
121.323
121.34
121.36
121.38
121.399
121.419
121.44
121.46
121.478
121.497
121.516
121.536
121.555
121.574
121.595
121.615
121.635
121.654
121.676
121.696
121.712
121.729
121.748
121.766
121.786
121.803
121.821
121.841
121.858
121.874
121.893
121.911
121.931
121.95
121.968
121.985
122.005
122.023
122.043
122.059
122.078
122.097
122.115
122.135
122.152
122.17
122.19
122.208
122.225
122.243
122.261
122.279
122.297
122.314
122.332
122.352
122.371
122.392
122.409
122.427
122.445
122.465
122.484
122.502
122.519
122.539
122.556
122.574
122.594
122.613
122.632
122.65
122.666
122.685
122.704
122.721
122.739
122.757
122.775
122.793
122.81
122.83
122.846
122.864
122.882
122.899
122.919
122.937
122.954
122.973
122.99
123.009
123.028
123.046
123.064
123.083
123.102
123.119
123.138
123.155
123.172
123.189
123.205
123.222
123.241
123.258
123.278
123.297
123.316
123.333
123.351
123.369
123.386
123.403
123.42
123.439
123.456
123.477
123.495
123.513
123.53
123.547
123.563
123.58
123.6
123.618
123.636
123.655
123.674
123.693
123.712
123.732
123.75
123.77
123.786
123.804
123.821
123.839
123.856
123.876
123.893
123.91
123.927
123.943
123.962
123.98
123.998
124.015
124.033
124.051
124.068
124.088
124.105
124.122
124.138
124.156
124.174
124.192
124.208
124.226
124.242
124.26
124.276
124.293
124.311
124.328
124.345
124.364
124.382
124.4
124.418
124.435
124.451
124.469
124.487
124.504
124.522
124.54
124.558
124.575
124.593
124.609
124.625
124.643
124.661
124.679
124.696
124.714
124.732
124.749
124.764
124.781
124.798
124.813
124.831
124.85
124.867
124.885
124.9
124.918
124.933
124.948
124.966
124.983
125
125.018
125.036
125.052
125.068
125.086
125.102
125.117
125.135
125.154
125.174
125.189
125.207
125.223
125.24
125.257
125.275
125.293
125.311
125.328
125.344
125.36
125.378
125.396
125.415
125.432
125.448
125.466
125.482
125.496
125.513
125.532
125.549
125.565
125.583
125.6
125.616
125.632
125.65
125.668
125.684
125.7
125.716
125.733
125.75
125.768
125.784
125.803
125.821
125.836
125.855
125.871
125.888
125.904
125.919
125.937
125.953
125.969
125.986
126.002
126.019
126.038
126.055
126.073
126.093
126.109
126.126
126.144
126.161
126.177
126.193
126.21
126.228
126.244
126.26
126.276
126.294
126.309
126.324
126.343
126.361
126.38
126.398
126.413
126.429
126.446
126.464
126.48
126.497
126.515
126.534
126.55
126.566
126.582
126.6
126.617
126.632
126.649
126.668
126.685
126.701
126.717
126.735
126.753
126.771
126.788
126.804
126.821
126.837
126.855
126.87
126.887
126.9
126.918
126.935
126.951
126.967
126.985
127
127.017
127.033
127.051
127.067
127.084
127.1
127.115
127.131
127.148
127.165
127.181
127.199
127.215
127.231
127.248
127.263
127.278
127.297
127.313
127.329
127.345
127.361
127.379
127.397
127.412
127.431
127.448
127.465
127.48
127.497
127.513
127.531
127.547
127.564
127.578
127.594
127.612
127.629
127.644
127.662
127.68
127.696
127.715
127.732
127.748
127.764
127.781
127.798
127.814
127.831
127.848
127.863
127.879
127.897
127.913
127.93
127.946
127.96
127.977
127.995
128.011
128.027
128.043
128.059
128.075
128.093
128.108
128.125
128.14
128.156
128.175
128.191
128.208
128.225
128.242
128.259
128.275
128.291
128.307
128.324
128.341
128.358
128.376
128.389
128.405
128.423
128.44
128.458
128.474
128.491
128.508
128.524
128.54
128.556
128.572
128.59
128.607
128.623
128.638
128.655
128.672
128.689
128.706
128.724
128.739
128.755
128.772
128.789
128.804
128.821
128.836
128.851
128.867
128.885
128.9
128.916
128.931
128.947
128.964
128.98
128.995
129.01
129.026
129.045
129.063
129.079
129.096
129.113
129.131
129.147
129.163
129.18
129.198
129.214
129.23
129.246
129.262
129.275
129.291
129.308
129.326
129.342
129.357
129.374
129.389
129.406
129.423
129.438
129.455
129.471
129.488
129.505
129.521
129.538
129.553
129.569
129.587
129.601
129.617
129.632
129.651
129.667
129.684
129.699
129.716
129.733
129.749
129.765
129.782
129.797
129.812
129.827
129.842
129.858
129.874
129.89
129.905
129.923
129.94
129.957
129.972
129.988
130.005
130.021
130.039
130.054
130.07
130.083
130.099
130.113
130.129
130.145
130.16
130.177
130.193
130.209
130.225
130.24
130.258
130.275
130.29
130.305
130.322
130.337
130.354
130.371
130.386
130.403
130.416
130.433
130.451
130.466
130.484
130.499
130.514
130.529
130.544
130.558
130.574
130.589
130.603
130.619
130.635
130.651
130.666
130.681
130.696
130.713
130.729
130.744
130.76
130.778
130.796
130.812
130.825
130.841
130.858
130.874
130.89
130.905
130.921
130.938
130.953
130.97
130.984
130.999
131.014
131.029
131.045
131.06
131.076
131.089
131.106
131.121
131.137
131.154
131.172
131.188
131.204
131.22
131.238
131.254
131.27
131.286
131.302
131.319
131.334
131.35
131.365
131.378
131.394
131.41
131.425
131.441
131.456
131.471
131.488
131.504
131.521
131.538
131.553
131.569
131.585
131.603
131.62
131.635
131.649
131.666
131.683
131.698
131.715
131.731
131.747
131.764
131.78
131.796
131.811
131.824
131.839
131.855
131.87
131.886
131.903
131.92
131.934
131.948
131.964
131.979
131.996
132.011
132.027
132.043
132.058
132.074
132.09
132.107
132.122
132.139
132.155
132.17
132.186
132.2
132.215
132.23
132.247
132.263
132.277
132.293
132.309
132.324
132.34
132.354
132.37
132.386
132.401
132.417
132.433
132.447
132.464
132.48
132.495
132.51
132.526
132.542
132.559
132.574
132.59
132.607
132.621
132.638
132.652
132.668
132.684
132.701
132.717
132.733
132.748
132.763
132.778
132.792
132.807
132.82
132.837
132.851
132.866
132.883
132.898
132.917
132.932
132.949
132.965
132.981
132.996
133.011
133.026
133.042
133.056
133.071
133.087
133.103
133.117
133.133
133.148
133.164
133.18
133.195
133.212
133.228
133.243
133.259
133.275
133.29
133.306
133.322
133.337
133.352
133.368
133.384
133.4
133.415
133.43
133.442
133.459
133.477
133.492
133.508
133.523
133.538
133.554
133.57
133.586
133.602
133.617
133.633
133.649
133.665
133.68
133.695
133.712
133.729
133.743
133.758
133.775
133.791
133.807
133.823
133.839
133.856
133.871
133.887
133.901
133.917
133.933
133.949
133.965
133.981
133.997
134.013
134.029
134.044
134.06
134.074
134.091
134.106
134.123
134.138
134.154
134.169
134.185
134.199
134.214
134.231
134.247
134.263
134.278
134.294
134.31
134.324
134.339
134.355
134.369
134.385
134.401
134.417
134.431
134.448
134.463
134.478
134.494
134.509
134.527
134.542
134.558
134.573
134.589
134.603
134.62
134.635
134.649
134.666
134.681
134.697
134.712
134.726
134.743
134.76
134.777
134.791
134.807
134.821
134.836
134.851
134.865
134.882
134.897
134.913
134.928
134.944
134.96
134.975
134.99
135.005
135.019
135.035
135.051
135.066
135.083
135.098
135.113
135.127
135.143
135.16
135.176
135.193
135.208
135.224
135.239
135.255
135.271
135.286
135.302
135.319
135.336
135.352
135.367
135.382
135.398
135.412
135.429
135.447
135.462
135.477
135.493
135.509
135.523
135.538
135.553
135.569
135.586
135.601
135.615
135.631
135.647
135.664
135.679
135.693
135.708
135.722
135.739
135.753
135.77
135.786
135.801
135.816
135.832
135.846
135.863
135.878
135.892
135.907
135.923
135.94
135.955
135.971
135.986
136.002
136.017
136.033
136.048
136.064
136.08
136.095
136.11
136.123
136.14
136.155
136.169
136.183
136.197
136.214
136.23
136.247
136.262
136.277
136.292
136.308
136.323
136.338
136.353
136.368
136.384
136.4
136.415
136.43
136.448
136.464
136.48
136.496
136.51
136.526
136.541
136.557
136.572
136.586
136.604
136.621
136.638
136.654
136.67
136.686
136.701
136.717
136.734
136.751
136.766
136.78
136.797
136.813
136.83
136.846
136.862
136.878
136.894
136.909
136.923
136.94
136.956
136.972
136.987
137.002
137.015
137.029
137.045
137.061
137.076
137.094
137.109
137.124
137.141
137.157
137.171
137.187
137.204
137.219
137.234
137.248
137.263
137.279
137.295
137.311
137.327
137.343
137.359
137.376
137.392
137.408
137.423
137.439
137.454
137.47
137.487
137.505
137.521
137.536
137.551
137.57
137.586
137.601
137.617
137.634
137.648
137.663
137.68
137.696
137.711
137.726
137.742
137.758
137.774
137.789
137.805
137.823
137.839
137.856
137.87
137.886
137.902
137.918
137.936
137.951
137.967
137.982
137.999
138.015
138.033
138.048
138.062
138.077
138.092
138.106
138.123
138.14
138.157
138.173
138.187
138.202
138.219
138.235
138.25
138.267
138.282
138.299
138.316
138.332
138.347
138.364
138.378
138.394
138.411
138.428
138.443
138.462
138.479
138.497
138.512
138.527
138.543
138.558
138.573
138.589
138.604
138.621
138.637
138.654
138.671
138.687
138.704
138.721
138.737
138.754
138.77
138.788
138.804
138.82
138.837
138.853
138.868
138.883
138.899
138.915
138.933
138.948
138.965
138.982
138.999
139.015
139.031
139.046
139.061
139.08
139.096
139.113
139.128
139.144
139.16
139.176
139.192
139.209
139.226
139.243
139.26
139.277
139.294
139.311
139.326
139.344
139.362
139.381
139.399
139.417
139.435
139.451
139.467
139.484
139.5
139.516
139.533
139.549
139.564
139.58
139.597
139.613
139.628
139.644
139.66
139.677
139.695
139.712
139.728
139.745
139.762
139.781
139.797
139.815
139.83
139.847
139.864
139.879
139.895
139.914
139.929
139.946
139.963
139.98
139.997
140.013
140.031
140.046
140.063
140.08
140.096
140.114
140.133
140.151
140.166
140.183
140.2
140.218
140.239
140.255
140.272
140.288
140.305
140.322
140.34
140.357
140.372
140.388
140.405
140.422
140.437
140.455
140.472
140.489
140.507
140.525
140.544
140.561
140.576
140.594
140.609
140.628
140.646
140.66
140.678
140.695
140.713
140.729
140.746
140.765
140.781
140.798
140.816
140.834
140.852
140.869
140.886
140.904
140.922
140.939
140.955
140.973
140.989
141.006
141.022
141.039
141.058
141.074
141.091
141.11
141.13
141.147
141.167
141.184
141.202
141.219
141.236
141.253
141.272
141.288
141.308
141.326
141.342
141.359
141.376
141.393
141.411
141.427
141.445
141.462
141.479
141.496
141.513
141.53
141.548
141.568
141.585
141.604
141.622
141.64
141.658
141.676
141.695
141.712
141.729
141.745
141.764
141.781
141.798
141.814
141.831
141.848
141.866
141.884
141.904
141.922
141.941
141.958
141.977
141.994
142.012
142.028
142.046
142.063
142.082
142.101
142.118
142.137
142.152
142.172
142.19
142.207
142.224
142.242
142.26
142.277
142.292
142.309
142.326
142.343
142.36
142.379
142.396
142.413
142.43
142.447
142.463
142.481
142.497
142.515
142.533
142.551
142.569
142.586
142.605
142.622
142.64
142.657
142.673
142.69
142.709
142.728
142.744
142.762
142.779
142.798
142.816
142.833
142.851
142.869
142.885
142.903
142.92
142.942
142.958
142.975
142.991
143.009
143.026
143.044
143.064
143.081
143.099
143.116
143.136
143.152
143.171
143.188
143.206
143.223
143.24
143.257
143.276
143.294
143.311
143.329
143.346
143.364
143.38
143.399
143.416
143.434
143.45
143.467
143.485
143.502
143.521
143.54
143.559
143.574
143.592
143.609
143.626
143.643
143.66
143.678
143.696
143.715
143.733
143.751
143.772
143.789
143.806
143.825
143.842
143.861
143.88
143.897
143.915
143.934
143.95
143.967
143.985
144.002
144.021
144.038
144.055
144.072
144.089
144.108
144.124
144.14
144.158
144.174
144.193
144.211
144.227
144.245
144.263
144.282
144.299
144.315
144.334
144.352
144.37
144.387
144.407
144.425
144.443
144.458
144.474
144.492
144.509
144.526
144.541
144.557
144.576
144.594
144.612
144.629
144.646
144.663
144.68
144.696
144.716
144.732
144.749
144.766
144.783
144.799
144.818
144.834
144.852
144.87
144.888
144.904
144.92
144.937
144.956
144.975
144.991
145.009
145.026
145.044
145.062
145.078
145.097
145.113
145.129
145.146
145.165
145.182
145.198
145.217
145.234
145.251
145.268
145.284
145.3
145.317
145.334
145.352
145.37
145.388
145.404
145.419
145.436
145.452
145.469
145.486
145.501
145.517
145.534
145.552
145.569
145.585
145.603
145.621
145.637
145.656
145.673
145.69
145.708
145.725
145.741
145.758
145.774
145.79
145.808
145.824
145.842
145.859
145.875
145.894
145.911
145.928
145.944
145.961
145.978
145.995
146.013
146.03
146.046
146.064
146.082
146.101
146.118
146.134
146.151
146.168
146.185
146.202
146.217
146.234
146.25
146.267
146.283
146.299
146.313
146.331
146.348
146.366
146.381
146.397
146.414
146.43
146.446
146.462
146.478
146.494
146.513
146.528
146.545
146.56
146.577
146.593
146.609
146.624
146.643
146.661
146.678
146.695
146.712
146.73
146.746
146.761
146.778
146.795
146.811
146.828
146.845
146.86
146.878
146.892
146.907
146.923
146.938
146.956
146.972
146.988
147.005
147.022
147.038
147.054
147.07
147.087
147.101
147.117
147.133
147.149
147.164
147.182
147.197
147.213
147.23
147.246
147.261
147.278
147.293
147.31
147.327
147.343
147.359
147.375
147.392
147.407
147.422
147.44
147.457
147.473
147.489
147.504
147.52
147.535
147.551
147.567
147.582
147.599
147.614
147.631
147.648
147.663
147.679
147.697
147.713
147.729
147.746
147.763
147.778
147.794
147.81
147.825
147.841
147.857
147.875
147.89
147.906
147.921
147.937
147.954
147.969
147.985
148.003
148.018
148.034
148.05
148.067
148.081
148.098
148.114
148.129
148.145
148.162
148.176
148.19
148.206
148.221
148.239
148.256
148.272
148.288
148.302
148.317
148.332
148.347
148.362
148.376
148.392
148.409
148.423
148.44
148.454
148.47
148.488
148.504
148.519
148.534
148.549
148.565
148.581
148.597
148.613
148.628
148.643
148.66
148.677
148.694
148.71
148.727
148.742
148.758
148.774
148.79
148.805
148.82
148.836
148.852
148.87
148.886
148.9
148.916
148.93
148.946
148.963
148.976
148.99
149.005
149.02
149.034
149.05
149.065
149.082
149.098
149.114
149.13
149.147
149.162
149.178
149.193
149.208
149.224
149.238
149.253
149.268
149.282
149.297
149.311
149.327
149.342
149.357
149.374
149.388
149.402
149.418
149.433
149.448
149.462
149.479
149.495
149.511
149.527
149.541
149.556
149.571
149.586
149.602
149.618
149.633
149.648
149.665
149.68
149.696
149.71
149.725
149.742
149.758
149.772
149.787
149.803
149.819
149.834
149.848
149.864
149.879
149.895
149.909
149.926
149.941
149.957
149.972
149.988
150.006
150.021
150.037
150.051
150.067
150.082
150.096
150.111
150.126
150.14
150.156
150.171
150.187
150.203
150.217
150.232
150.247
150.262
150.279
150.293
150.307
150.322
150.339
150.356
150.37
150.384
150.398
150.412
150.427
150.441
150.457
150.471
150.484
150.497
150.512
150.525
150.541
150.555
150.569
150.582
150.597
150.612
150.627
150.641
150.656
150.67
150.684
150.699
150.712
150.726
150.74
150.754
150.77
150.785
150.799
150.814
150.828
150.843
150.857
150.872
150.887
150.901
150.916
150.93
150.946
150.96
150.974
150.988
151.002
151.017
151.032
151.046
151.06
151.075
151.089
151.104
151.12
151.135
151.151
151.167
151.182
151.196
151.211
151.226
151.238
151.253
151.266
151.282
151.296
151.311
151.325
151.341
151.355
151.368
151.382
151.396
151.411
151.424
151.438
151.453
151.47
151.485
151.5
151.515
151.529
151.543
151.559
151.574
151.588
151.602
151.616
151.63
151.645
151.66
151.674
151.688
151.702
151.715
151.729
151.744
151.758
151.772
151.784
151.797
151.812
151.827
151.841
151.856
151.87
151.883
151.897
151.912
151.926
151.939
151.952
151.965
151.979
151.993
152.006
152.022
152.036
152.05
152.064
152.078
152.091
152.105
152.119
152.133
152.147
152.162
152.176
152.19
152.204
152.219
152.233
152.245
152.259
152.271
152.285
152.3
152.315
152.329
152.343
152.356
152.37
152.384
152.399
152.411
152.425
152.439
152.452
152.465
152.478
152.493
152.507
152.521
152.538
152.552
152.566
152.579
152.592
152.606
152.621
152.636
152.65
152.664
152.678
152.693
152.708
152.722
152.737
152.75
152.765
152.778
152.792
152.806
152.822
152.836
152.849
152.863
152.878
152.892
152.906
152.92
152.934
152.949
152.964
152.978
152.99
153.003
153.017
153.031
153.043
153.057
153.071
153.085
153.098
153.111
153.124
153.136
153.15
153.165
153.178
153.192
153.204
153.218
153.231
153.242
153.256
153.27
153.285
153.299
153.312
153.325
153.337
153.351
153.363
153.377
153.39
153.404
153.418
153.432
153.445
153.456
153.469
153.484
153.496
153.51
153.525
153.538
153.55
153.563
153.577
153.59
153.603
153.615
153.629
153.642
153.656
153.67
153.684
153.698
153.711
153.725
153.739
153.752
153.764
153.777
153.791
153.805
153.817
153.831
153.843
153.856
153.869
153.882
153.896
153.909
153.923
153.936
153.948
153.962
153.976
153.989
154.003
154.016
154.031
154.044
154.057
154.069
154.082
154.094
154.108
154.12
154.133
154.147
154.16
154.174
154.186
154.198
154.213
154.225
154.238
154.25
154.263
154.276
154.291
154.304
154.318
154.33
154.343
154.356
154.368
154.381
154.395
154.406
154.419
154.431
154.444
154.458
154.471
154.483
154.496
154.509
154.523
154.535
154.548
154.563
154.577
154.59
154.603
154.615
154.628
154.641
154.654
154.666
154.68
154.693
154.705
154.718
154.732
154.745
154.76
154.774
154.787
154.8
154.812
154.825
154.838
154.851
154.863
154.877
154.888
154.902
154.915
154.928
154.94
154.953
154.966
154.979
154.991
155.003
155.017
155.028
155.042
155.055
155.067
155.079
155.092
155.105
155.116
155.129
155.142
155.155
155.17
155.184
155.197
155.211
155.224
155.238
155.25
155.262
155.274
155.288
155.301
155.314
155.326
155.337
155.35
155.364
155.376
155.388
155.4
155.412
155.425
155.438
155.45
155.462
155.475
155.488
155.5
155.512
155.524
155.538
155.552
155.564
155.577
155.588
155.601
155.613
155.626
155.639
155.651
155.663
155.675
155.689
155.703
155.715
155.727
155.739
155.752
155.764
155.777
155.788
155.801
155.814
155.827
155.84
155.853
155.864
155.876
155.888
155.9
155.914
155.926
155.94
155.953
155.965
155.978
155.991
156.004
156.016
156.028
156.04
156.053
156.066
156.08
156.092
156.104
156.117
156.129
156.142
156.156
156.169
156.181
156.193
156.205
156.216
156.228
156.239
156.25
156.262
156.275
156.286
156.299
156.311
156.323
156.337
156.35
156.363
156.375
156.387
156.399
156.41
156.422
156.434
156.446
156.458
156.471
156.483
156.495
156.507
156.519
156.532
156.544
156.556
156.568
156.579
156.592
156.604
156.616
156.628
156.641
156.654
156.666
156.679
156.692
156.704
156.717
156.729
156.739
156.752
156.763
156.776
156.788
156.801
156.813
156.826
156.838
156.85
156.862
156.875
156.888
156.9
156.913
156.924
156.936
156.949
156.961
156.973
156.985
156.997
157.01
157.022
157.036
157.048
157.059
157.07
157.084
157.096
157.107
157.119
157.132
157.144
157.157
157.17
157.183
157.195
157.208
157.219
157.233
157.245
157.257
