2
2.5
2.83333
3.08333
3.28333
3.78333
3.95
4.05119
4.34286
6.23295
7.72487
9.1521
10.5575
11.0058
12.1108
13.0679
13.7399
14.3338
14.872
15.3146
15.6831
16.0376
16.3429
16.6025
16.889
17.1229
17.3631
17.5561
17.7679
17.9597
18.1422
18.3134
18.475
18.6457
18.8186
18.9833
19.1351
19.2785
19.4131
19.5348
19.6389
19.7818
19.9172
20.0219
20.1359
20.2383
20.3557
20.4509
20.5629
20.6766
20.7765
20.8861
20.9738
21.0768
21.1633
21.2613
21.3569
21.4441
21.5355
21.6244
21.7084
21.786
21.8623
21.9356
22.0089
22.0806
22.16
22.2384
22.3178
22.3927
22.462
22.5289
22.6067
22.6736
22.7415
22.8067
22.8808
22.947
23.003
23.0666
23.131
23.1959
23.2628
23.3305
23.3877
23.4425
23.5041
23.5608
23.6153
23.6736
23.7402
23.8039
23.8652
23.9202
23.971
24.0257
24.0768
24.1293
24.1749
24.2197
24.2709
24.321
24.3684
24.4091
24.4631
24.5155
24.5655
24.6107
24.6554
24.7068
24.751
24.7935
24.8371
24.8864
24.9355
24.982
25.0202
25.0618
25.1067
25.1482
25.1852
25.2258
25.2674
25.3099
25.3589
25.4009
25.4384
25.4768
25.5239
25.5683
25.6061
25.6484
25.6869
25.7324
25.781
25.8178
25.8536
25.8928
25.9349
25.9748
26.0186
26.0547
26.0889
26.1273
26.1611
26.199
26.2372
26.273
26.3086
26.3438
26.3775
26.4124
26.4498
26.4834
26.519
26.5533
26.583
26.6148
26.6484
26.687
26.7215
26.7549
26.7891
26.8225
26.8543
26.8862
26.9166
26.9505
26.9838
27.0171
27.0485
27.0838
27.116
27.1476
27.1749
27.2054
27.2329
27.2629
27.2945
27.3247
27.3564
27.3849
27.4164
27.4492
27.4766
27.5091
27.5383
27.5668
27.5979
27.6282
27.6558
27.6827
27.7122
27.7378
27.7642
27.7915
27.8177
27.8424
27.8694
27.8946
27.9191
27.9483
27.9747
28.0049
28.0306
28.0582
28.0845
28.1116
28.1415
28.1677
28.1928
28.2204
28.2496
28.276
28.3011
28.322
28.3465
28.3727
28.401
28.4286
28.4557
28.4836
28.5085
28.5324
28.5606
28.5875
28.6151
28.6416
28.6657
28.6909
28.7172
28.7392
28.7633
28.7862
28.8094
28.8322
28.8562
28.88
28.906
28.9301
28.9509
28.9772
29.0006
29.0246
29.0472
29.07
29.0922
29.115
29.1378
29.1576
29.1805
29.2043
29.2268
29.2491
29.2705
29.2958
29.3174
29.3391
29.3611
29.3835
29.4065
29.43
29.4531
29.4766
29.5008
29.5237
29.5451
29.5698
29.5931
29.6129
29.6361
29.6564
29.6805
29.7014
29.7228
29.7448
29.7647
29.7881
29.8093
29.8299
29.8521
29.8753
29.8972
29.9191
29.938
29.9581
29.9771
29.9956
30.0157
30.0383
30.0602
30.0821
30.1025
30.1207
30.1405
30.1597
30.1812
30.1984
30.2176
30.2359
30.2561
30.2768
30.297
30.3166
30.3391
30.3582
30.3783
30.3984
30.4172
30.435
30.4538
30.4725
30.494
30.5128
30.5314
30.553
30.5712
30.5915
30.6091
30.6274
30.6465
30.6639
30.6841
30.7028
30.7205
30.7398
30.7593
30.7759
30.7944
30.8128
30.8302
30.8521
30.8706
30.8867
30.9057
30.9219
30.9421
30.9584
30.9791
30.9975
31.0161
31.0327
31.0491
31.0672
31.0865
31.1046
31.121
31.1393
31.1557
31.1715
31.1884
31.2071
31.2242
31.2411
31.2577
31.2747
31.2893
31.3063
31.323
31.3383
31.3556
31.3724
31.3898
31.4086
31.4262
31.4447
31.4612
31.4764
31.4935
31.512
31.5291
31.5459
31.5627
31.5795
31.5962
31.611
31.629
31.6454
31.6629
31.6783
31.696
31.7124
31.7285
31.7441
31.7605
31.7766
31.7926
31.8098
31.8254
31.8407
31.8575
31.8754
31.8904
31.9045
31.9205
31.9359
31.9528
31.9699
31.9866
32.0026
32.0179
32.0337
32.0503
32.0678
32.0835
32.101
32.1168
32.1335
32.1463
32.1614
32.1748
32.1918
32.2064
32.2225
32.2369
32.2517
32.2674
32.2806
32.2954
32.3083
32.3245
32.3385
32.3532
32.3673
32.3847
32.4002
32.4151
32.4318
32.4477
32.4638
32.4789
32.4934
32.507
32.5219
32.5352
32.5487
32.5644
32.5804
32.5964
32.6122
32.6271
32.6409
32.6548
32.6687
32.6832
32.697
32.7127
32.7273
32.74
32.7544
32.7688
32.7845
32.7993
32.8147
32.8295
32.8422
32.8575
32.8703
32.8821
32.8959
32.9094
32.9241
32.9388
32.9507
32.9646
32.9791
32.9914
33.0069
33.0192
33.0341
33.0475
33.0607
33.0745
33.088
33.1021
33.1173
33.1285
33.1418
33.1549
33.1682
33.1826
33.1953
33.2094
33.2221
33.237
33.2504
33.2649
33.2787
33.2924
33.306
33.3193
33.3306
33.3433
33.3573
33.3711
33.3831
33.3972
33.411
33.4244
33.4378
33.4512
33.4653
33.478
33.4921
33.5054
33.5189
33.5334
33.5473
33.5596
33.5729
33.5868
33.5995
33.6135
33.6264
33.6387
33.6518
33.6639
33.6759
33.6878
33.7011
33.7141
33.7275
33.7406
33.7521
33.7651
33.7768
33.7904
33.8046
33.8186
33.8317
33.8442
33.8569
33.8689
33.8814
33.8939
33.9068
33.9208
33.9341
33.9457
33.9591
33.9708
33.9841
33.9957
34.0092
34.0224
34.035
34.0469
34.0601
34.072
34.0841
34.0985
34.1117
34.1242
34.1364
34.1477
34.1599
34.171
34.1848
34.1964
34.2092
34.2206
34.2322
34.2435
34.2548
34.2683
34.2813
34.2933
34.3033
34.3145
34.326
34.3389
34.351
34.363
34.3747
34.3861
34.3975
34.4096
34.4208
34.4321
34.4448
34.4552
34.467
34.4781
34.4899
34.5035
34.5148
34.5258
34.5367
34.5476
34.5583
34.5703
34.5812
34.5929
34.6033
34.6154
34.6263
34.6374
34.6488
34.661
34.6726
34.6839
34.6962
34.7066
34.7173
34.73
34.7404
34.752
34.762
34.7735
34.785
34.7962
34.8071
34.8181
34.8292
34.8399
34.8519
34.8634
34.8744
34.8849
34.8967
34.9068
34.9178
34.9313
34.9423
34.9536
34.9643
34.9752
34.9867
34.9988
35.0095
35.0223
35.0338
35.0457
35.057
35.067
35.078
35.0891
35.0994
35.1094
35.1208
35.1315
35.1428
35.1539
35.1646
35.1737
35.1845
35.1961
35.2076
35.2173
35.2269
35.238
35.248
35.2583
35.2693
35.2794
35.2903
35.3004
35.3123
35.3237
35.3336
35.3439
35.354
35.3638
35.3741
35.3838
35.3951
35.4055
35.4164
35.4274
35.4385
35.4501
35.4598
35.4712
35.4812
35.491
35.5016
35.512
35.5223
35.533
35.5427
35.5524
35.5619
35.5719
35.5815
35.5918
35.6016
35.6116
35.6224
35.6329
35.6416
35.6528
35.6625
35.6723
35.6812
35.6916
35.702
35.7114
35.7201
35.7293
35.74
35.7498
35.7597
35.7699
35.7801
35.7903
35.8013
35.8103
35.82
35.8309
35.8406
35.8507
35.8608
35.8719
35.8822
35.8924
35.903
35.9134
35.9221
35.9317
35.9425
35.9533
35.964
35.9733
35.9843
35.9946
36.0046
36.0152
36.026
36.0352
36.0453
36.0545
36.0651
36.075
36.0852
36.0947
36.1045
36.1138
36.1235
36.1333
36.1434
36.1528
36.1615
36.1703
36.1794
36.1889
36.198
36.2078
36.2173
36.2265
36.2363
36.2464
36.2574
36.2674
36.2766
36.2863
36.2959
36.3047
36.3146
36.3235
36.3331
36.343
36.3522
36.362
36.372
36.3813
36.3909
36.4005
36.4086
36.4187
36.4289
36.4384
36.448
36.4577
36.4672
36.4767
36.4851
36.494
36.5041
36.5148
36.525
36.5341
36.5423
36.5527
36.5625
36.5709
36.5824
36.5914
36.6012
36.6105
36.6202
36.6301
36.6394
36.6483
36.6585
36.6676
36.6764
36.6856
36.6958
36.7048
36.7145
36.7231
36.7319
36.7412
36.7506
36.7607
36.77
36.7802
36.7899
36.7993
36.8094
36.8193
36.8284
36.8371
36.8477
36.8582
36.8665
36.8763
36.8852
36.8945
36.9048
36.9137
36.9234
36.9326
36.9409
36.9504
36.9594
36.9686
36.9778
36.9862
36.9954
37.0039
37.0126
37.0212
37.0304
37.0408
37.0495
37.0594
37.0677
37.0774
37.0875
37.0965
37.1058
37.1151
37.1238
37.1337
37.1422
37.1515
37.1605
37.1688
37.177
37.1855
37.196
37.2051
37.2141
37.2241
37.2333
37.2428
37.2527
37.2613
37.2695
37.2792
37.2885
37.2982
37.3069
37.316
37.3257
37.3336
37.3435
37.353
37.3614
37.3709
37.3808
37.3899
37.3991
37.4064
37.4165
37.4248
37.4338
37.4429
37.4532
37.4618
37.4711
37.4794
37.4879
37.4974
37.5068
37.5161
37.5252
37.5339
37.5428
37.5517
37.5611
37.5701
37.5787
37.587
37.5949
37.604
37.6117
37.6201
37.6289
37.6377
37.6472
37.6554
37.6643
37.6727
37.6818
37.6909
37.6997
37.7078
37.7168
37.7259
37.7343
37.7435
37.7517
37.7602
37.768
37.7772
37.7858
37.795
37.8048
37.813
37.8214
37.8294
37.8374
37.846
37.854
37.863
37.8718
37.8811
37.8901
37.8991
37.9085
37.9171
37.9245
37.9333
37.9411
37.9516
37.9604
37.9689
37.9771
37.9854
37.994
38.0038
38.0126
38.021
38.0298
38.0383
38.0468
38.0563
38.0651
38.0736
38.0828
38.0924
38.1014
38.1114
38.1197
38.1277
38.1369
38.1448
38.1529
38.1613
38.17
38.1776
38.1872
38.1945
38.2038
38.2117
38.2211
38.2295
38.2372
38.2447
38.2535
38.2617
38.2711
38.2804
38.2883
38.2957
38.3049
38.3132
38.3224
38.3314
38.3396
38.348
38.3562
38.3646
38.3723
38.3801
38.3894
38.398
38.4059
38.4147
38.4233
38.4308
38.4388
38.4468
38.4545
38.464
38.4711
38.4799
38.4876
38.4957
38.5032
38.511
38.5179
38.5259
38.534
38.5426
38.5506
38.5589
38.5677
38.5766
38.5852
38.5938
38.6018
38.6093
38.6174
38.6243
38.6317
38.6385
38.6462
38.6537
38.6628
38.6709
38.6791
38.6895
38.6969
38.7047
38.7128
38.7214
38.73
38.7373
38.7451
38.7527
38.7607
38.7688
38.7776
38.7855
38.7942
38.8032
38.8114
38.8189
38.8274
38.8355
38.843
38.8503
38.8581
38.8657
38.8731
38.8803
38.8881
38.896
38.9046
38.9122
38.9205
38.9274
38.9348
38.9429
38.9503
38.959
38.9663
38.9747
38.9824
38.9911
38.9987
39.006
39.0142
39.022
39.0305
39.0388
39.0463
39.0536
39.0604
39.0678
39.0752
39.083
39.0915
39.099
39.1071
39.1163
39.1235
39.1318
39.1386
39.1465
39.155
39.1628
39.1706
39.1778
39.1856
39.1935
39.2015
39.2085
39.216
39.2228
39.2303
39.2375
39.2455
39.254
39.2617
39.2695
39.2772
39.2855
39.293
39.3014
39.3086
39.3159
39.3237
39.3307
39.3382
39.3458
39.3534
39.3613
39.3695
39.3768
39.3844
39.3919
39.3987
39.4061
39.4144
39.4219
39.4298
39.4375
39.4447
39.4531
39.4614
39.4682
39.4756
39.4833
39.4915
39.498
39.5054
39.513
39.5202
39.5282
39.5359
39.5442
39.5519
39.5589
39.5671
39.5761
39.5834
39.5909
39.5976
39.6059
39.6132
39.6206
39.6279
39.6338
39.6412
39.6492
39.6571
39.6645
39.6727
39.6793
39.6869
39.6952
39.7032
39.7107
39.7186
39.7262
39.734
39.7414
39.7486
39.7567
39.764
39.7715
39.7787
39.7862
39.7936
39.8015
39.8089
39.8165
39.8241
39.831
39.8373
39.8439
39.8514
39.8584
39.8664
39.8741
39.8805
39.8874
39.8952
39.9027
39.9102
39.9169
39.9243
39.9317
39.9388
39.9459
39.9533
39.9605
39.9676
39.975
39.9815
39.9888
39.9961
40.0041
40.0111
40.0171
40.0242
40.0305
40.0379
40.0449
40.0525
40.0592
40.0665
40.0734
40.0803
40.088
40.095
40.1013
40.1085
40.116
40.1226
40.1302
40.1379
40.1448
40.1523
40.1592
40.1661
40.1731
40.1806
40.1871
40.194
40.1999
40.2074
40.2148
40.2219
40.229
40.2358
40.2431
40.2503
40.2564
40.2634
40.2709
40.2779
40.2843
40.2911
40.2979
40.3045
40.3111
40.3178
40.3244
40.3311
40.3381
40.346
40.3533
40.3604
40.3678
40.3754
40.3823
40.3893
40.3959
40.403
40.4111
40.4189
40.426
40.4327
40.4401
40.4472
40.4536
40.4611
40.468
40.4758
40.483
40.4905
40.4976
40.5049
40.5117
40.5187
40.5258
40.5324
40.5394
40.5461
40.5545
40.5615
40.5685
40.5749
40.582
40.5885
40.5946
40.6006
40.6081
40.6146
40.6222
40.6297
40.6379
40.6448
40.6513
40.6577
40.6639
40.6704
40.6771
40.6837
40.6905
40.6977
40.7039
40.7114
40.7183
40.7253
40.7327
40.7395
40.7468
40.7537
40.7607
40.7675
40.7746
40.7812
40.7875
40.7948
40.8015
40.8084
40.8157
40.8219
40.8293
40.8366
40.8438
40.8501
40.8573
40.8642
40.8709
40.8785
40.8859
40.8926
40.8994
40.9058
40.9121
40.919
40.9261
40.9335
40.94
40.9468
40.9537
40.9606
40.9668
40.9741
40.9807
40.9876
40.9946
41.0012
41.0088
41.0159
41.0234
41.0303
41.0367
41.0439
41.0506
41.0576
41.065
41.0714
41.0782
41.085
41.0906
41.0973
41.1042
41.1106
41.1175
41.1244
41.1321
41.1388
41.1445
41.1514
41.1584
41.1648
41.1712
41.1774
41.1833
41.1901
41.1971
41.2043
41.2108
41.2182
41.2238
41.2302
41.2375
41.2441
41.2505
41.257
41.2628
41.2693
41.2759
41.2826
41.2889
41.2947
41.3014
41.3074
41.3143
41.3205
41.3273
41.3339
41.3405
41.3464
41.354
41.3609
41.3678
41.3748
41.3813
41.388
41.3948
41.4012
41.4078
41.4147
41.4201
41.4262
41.4327
41.4391
41.4461
41.4527
41.4591
41.4659
41.4722
41.4792
41.485
41.4923
41.499
41.5055
41.5121
41.5184
41.5249
41.5314
41.5372
41.5438
41.5499
41.5569
41.5636
41.5699
41.5757
41.5815
41.5878
41.5948
41.6011
41.6084
41.6152
41.6214
41.6277
41.6339
41.6406
41.647
41.6538
41.66
41.6667
41.6732
41.6793
41.6863
41.6924
41.6987
41.7043
41.7103
41.7168
41.7237
41.7296
41.7358
41.742
41.7493
41.7555
41.7615
41.7678
41.7742
41.7813
41.787
41.793
41.7994
41.8056
41.8125
41.8193
41.8253
41.8321
41.8385
41.8459
41.8522
41.8585
41.8643
41.8709
41.878
41.8844
41.8905
41.8971
41.9034
41.9096
41.9157
41.9226
41.9283
41.934
41.9405
41.9465
41.9526
41.959
41.9655
41.9714
41.9777
41.9835
41.9899
41.9959
42.0027
42.009
42.015
42.0225
42.0292
42.0353
42.0417
42.0473
42.0533
42.0595
42.0653
42.0717
42.0777
42.0841
42.09
42.097
42.1035
42.1101
42.1168
42.123
42.1299
42.136
42.1426
42.1484
42.1552
42.1617
42.1688
42.1752
42.1813
42.1872
42.1936
42.2012
42.2075
42.2133
42.2198
42.2254
42.2315
42.2373
42.2438
42.2499
42.2565
42.2633
42.2693
42.2755
42.2816
42.287
42.2937
42.2996
42.3063
42.3129
42.3195
42.3245
42.3311
42.3372
42.3436
42.3499
42.356
42.3626
42.3688
42.3745
42.3802
42.3865
42.393
42.3991
42.4046
42.4103
42.4157
42.422
42.4275
42.4339
42.44
42.4456
42.4518
42.4573
42.463
42.4684
42.4737
42.4797
42.4857
42.4911
42.4968
42.5027
42.5082
42.5142
42.5205
42.5259
42.532
42.5372
42.5434
42.5488
42.555
42.5604
42.5661
42.5725
42.5781
42.5831
42.5894
42.5956
42.6008
42.6074
42.6133
42.6201
42.6263
42.6326
42.6389
42.6454
42.6514
42.6586
42.6646
42.671
42.6769
42.6831
42.6888
42.6946
42.7004
42.707
42.7129
42.7194
42.7246
42.7307
42.7362
42.7425
42.7491
42.7559
42.7616
42.7673
42.7727
42.7779
42.7833
42.7893
42.7952
42.8017
42.8074
42.8131
42.8188
42.8248
42.8307
42.8366
42.8421
42.8484
42.8545
42.8605
42.8667
42.8726
42.8788
42.8848
42.8906
42.8963
42.9019
42.9078
42.9133
42.9188
42.9247
42.9306
42.9362
42.9418
42.9479
42.9537
42.9593
42.9658
42.9717
42.9782
42.9846
42.9907
42.9959
43.0016
43.0069
43.0131
43.0191
43.0251
43.0309
43.0371
43.0434
43.0496
43.0549
43.0611
43.0669
43.073
43.0782
43.0842
43.0898
43.0959
43.1011
43.1071
43.1127
43.1189
43.1239
43.13
43.1359
43.1417
43.1476
43.1529
43.159
43.1644
43.1704
43.1766
43.1817
43.1874
43.1931
43.1997
43.2053
43.2109
43.2167
43.2221
43.2278
43.2327
43.2387
43.2441
43.2495
43.256
43.2613
43.2676
43.2738
43.2794
43.285
43.2899
43.2963
43.302
43.3077
43.3132
43.3194
43.3251
43.3304
43.3361
43.3417
43.3475
43.3534
43.359
43.3649
43.3701
43.3757
43.3817
43.387
43.3929
43.3983
43.4039
43.4096
43.4157
43.4215
43.4279
43.4335
43.4392
43.4444
43.4501
43.4557
43.4606
43.4666
43.4727
43.4784
43.4837
43.4898
43.4954
43.5012
43.5067
43.5118
43.5183
43.5245
43.5301
43.5356
43.5418
43.5473
43.5526
43.558
43.5631
43.5684
43.5743
43.58
43.5857
43.5916
43.5978
43.6029
43.6085
43.6138
43.6188
43.6243
43.6296
43.6344
43.6402
43.6457
43.651
43.6565
43.6611
43.6664
43.6723
43.6775
43.6832
43.6888
43.6941
43.6994
43.7046
43.7098
43.7154
43.7206
43.7262
43.7315
43.7372
43.7428
43.7493
43.7554
43.7614
43.767
43.7726
43.778
43.7847
43.7895
43.7954
43.8005
43.8055
43.8107
43.8158
43.8219
43.8277
43.8331
43.838
43.8426
43.8479
43.8539
43.8597
43.8649
43.8711
43.8766
43.8817
43.8873
43.8923
43.8979
43.9027
43.908
43.9138
43.9191
43.9245
43.9307
43.9364
43.942
43.9472
43.9521
43.9573
43.9624
43.9688
43.9744
43.9795
43.9851
43.9908
43.9963
44.0016
44.0071
44.0133
44.0184
44.024
44.0294
44.0344
44.0398
44.0455
44.0516
44.0566
44.0615
44.0668
44.0727
44.0778
44.083
44.0883
44.0943
44.0998
44.1056
44.1112
44.1161
44.1222
44.1273
44.1328
44.1387
44.1436
44.1491
44.1551
44.16
44.165
44.1701
44.1754
44.1814
44.1865
44.1921
44.1978
44.2036
44.209
44.2146
44.22
44.2254
44.2304
44.2355
44.2412
44.2465
44.2521
44.257
44.2621
44.2675
44.2727
44.2784
44.2834
44.2889
44.2955
44.3004
44.3054
44.31
44.3159
44.3212
44.3271
44.332
44.3375
44.3432
44.3488
44.3541
44.3594
44.3643
44.3692
44.3744
44.379
44.3844
44.3896
44.3942
44.3998
44.4054
44.4101
44.4146
44.4203
44.4256
44.4307
44.4357
44.442
44.4468
44.4519
44.4574
44.4628
44.4683
44.4733
44.478
44.4837
44.4889
44.4951
44.5004
44.5058
44.5114
44.5163
44.5212
44.5261
44.5313
44.5367
44.5417
44.5465
44.5517
44.5573
44.5623
44.5679
44.5729
44.5782
44.584
44.5891
44.5949
44.6003
44.6058
44.6106
44.6158
44.6214
44.6268
44.6316
44.6368
44.6419
44.647
44.6523
44.6577
44.6624
44.6672
44.6726
44.6781
44.6832
44.6881
44.6936
44.6989
44.7042
44.7095
44.7143
44.7194
44.7245
44.7293
44.7347
44.74
44.7452
44.7502
44.7555
44.7605
44.7655
44.7703
44.7756
44.7812
44.7862
44.7912
44.7966
44.8021
44.8075
44.8129
44.8178
44.8229
44.8287
44.8336
44.839
44.8442
44.8496
44.8553
44.8601
44.8656
44.8714
44.8765
44.8822
44.8873
44.8924
44.8979
44.9034
44.9083
44.9142
44.9198
44.9252
44.9309
44.9362
44.9422
44.9474
44.9514
44.9568
44.9612
44.9671
44.9724
44.9775
44.9822
44.987
44.9925
44.9972
45.0021
45.0073
45.012
45.0178
45.0223
45.0274
45.0322
45.0378
45.0435
45.0483
45.0532
45.0583
45.0634
45.0683
45.0728
45.078
45.0835
45.0884
45.0935
45.098
45.1036
45.1084
45.1138
45.1191
45.1241
45.1293
45.134
45.1395
45.1441
45.1491
45.1536
45.1582
45.1631
45.168
45.1731
45.1787
45.1835
45.1891
45.1935
45.1983
45.2032
45.2087
45.2142
45.2192
45.224
45.2294
45.2345
45.2401
45.2451
45.2501
45.255
45.26
45.2649
45.2698
45.2743
45.2793
45.2841
45.289
45.2934
45.2987
45.3034
45.3083
45.3135
45.3187
45.3235
45.3287
45.3339
45.3386
45.3435
45.3484
45.3536
45.3582
45.3636
45.3686
45.3741
45.3791
45.3843
45.389
45.3933
45.3981
45.4031
45.4083
45.413
45.4185
45.4235
45.4281
45.4333
45.4386
45.4436
45.4477
45.4527
45.4571
45.462
45.467
45.4722
45.477
45.4823
45.4872
45.492
45.4967
45.502
45.5065
45.5117
45.5167
45.5215
45.5259
45.5309
45.5361
45.5402
45.5453
45.5499
45.555
45.5596
45.5649
45.5694
45.5745
45.5796
45.5842
45.5893
45.5948
45.6005
45.6055
45.6105
45.615
45.6196
45.6246
45.6304
45.6354
45.6404
45.6454
45.6507
45.6557
45.6608
45.6662
45.6708
45.676
45.6813
45.6859
45.6909
45.6957
45.7014
45.7067
45.7119
45.7168
45.7223
45.7274
45.7323
45.7374
45.7424
45.7472
45.7523
45.7572
45.7618
45.7665
45.7718
45.7764
45.7816
45.7867
45.7923
45.7972
45.8022
45.807
45.8124
45.817
45.822
45.827
45.8319
45.8367
45.8421
45.847
45.8519
45.8567
45.8618
45.8673
45.872
45.8766
45.8821
45.8875
45.8929
45.8984
45.904
45.9091
45.9135
45.9185
45.9235
45.928
45.9326
45.9369
45.9417
45.9458
45.9506
45.9556
45.9609
45.9662
45.9713
45.9762
45.9813
45.9861
45.9905
45.9954
46.0005
46.006
46.0109
46.0161
46.0214
46.0259
46.031
46.0363
46.0408
46.0456
46.0506
46.0559
46.0605
46.0657
46.0708
46.0753
46.0801
46.0846
46.0895
46.0944
46.0992
46.1041
46.1089
46.1139
46.119
46.1236
46.1284
46.1339
46.1385
46.1437
46.1484
46.1536
46.1585
46.1635
46.1681
46.1731
46.1777
46.1828
46.1875
46.1923
46.1972
46.2022
46.2071
46.2118
46.2171
46.2224
46.2271
46.2321
46.2369
46.2417
46.2462
46.2511
46.2561
46.2611
46.2656
46.2705
46.2749
46.2799
46.285
46.29
46.2951
46.3009
46.3061
46.3103
46.3149
46.3191
46.3237
46.3285
46.3332
46.3389
46.3442
46.3494
46.3545
46.3586
46.3634
46.3686
46.373
46.3781
46.3831
46.3875
46.3921
46.3972
46.402
46.4065
46.4106
46.4151
46.4201
46.4256
46.4303
46.4349
46.4398
46.444
46.4491
46.4542
46.4592
46.4636
46.4683
46.473
46.4778
46.4824
46.4872
46.4923
46.4969
46.5017
46.5072
46.5122
46.5171
46.522
46.5268
46.5314
46.5368
46.5417
46.5468
46.5514
46.5564
46.5616
46.5672
46.5719
46.5769
46.5819
46.5863
46.5908
46.5955
46.6001
46.6052
46.6096
46.6149
46.6195
46.6243
46.6285
46.6326
46.6371
46.642
46.6469
46.6515
46.6563
46.6613
46.6656
46.6701
46.6746
46.6797
46.6845
46.689
46.694
46.6994
46.7041
46.7089
46.7146
46.7196
46.7246
46.7291
46.7342
46.7389
46.7429
46.7481
46.7537
46.7582
46.7632
46.7683
46.7731
46.7781
46.7824
46.7868
46.7916
46.7964
46.8011
46.8061
46.811
46.8152
46.8201
46.8248
46.829
46.8336
46.8383
46.8431
46.8472
46.8517
46.8566
46.8612
46.8665
46.8713
46.8757
46.8801
46.8852
46.8901
46.8942
46.8991
46.904
46.9086
46.9136
46.9185
46.9234
46.9283
46.9333
46.9381
46.9426
46.9475
46.9521
46.9565
46.9619
46.9674
46.9724
46.9775
46.9827
46.9872
46.992
46.9971
47.0024
47.0067
47.012
47.0169
47.0221
47.0268
47.0317
47.0364
47.0411
47.0458
47.0503
47.0556
47.0606
47.0655
47.0712
47.076
47.0807
47.0856
47.0901
47.0949
47.0995
47.1045
47.1091
47.1138
47.1191
47.1236
47.1286
47.1333
47.138
47.1422
47.1465
47.1519
47.1563
47.1613
47.1662
47.1712
47.1758
47.18
47.1843
47.1893
47.1945
47.1993
47.2043
47.2091
47.2134
47.2185
47.2233
47.228
47.2329
47.237
47.242
47.2468
47.2517
47.2568
47.2618
47.2674
47.2714
47.2764
47.2809
47.2856
47.2912
47.2966
47.3014
47.3062
47.3112
47.316
47.3204
47.3252
47.3302
47.3351
47.3398
47.3446
47.3493
47.3545
47.3591
47.3632
47.3678
47.3725
47.3772
47.3824
47.3871
47.3924
47.3975
47.4013
47.406
47.4105
47.4146
47.4193
47.4236
47.4282
47.4335
47.4386
47.4439
47.4488
47.4529
47.4579
47.4622
47.4671
47.4715
47.4769
47.4813
47.4863
47.4911
47.4958
47.5002
47.505
47.5098
47.5146
47.5186
47.523
47.5277
47.5329
47.5378
47.5424
47.5472
47.5518
47.5563
47.561
47.5659
47.5702
47.5756
47.5804
47.5847
47.5896
47.5949
47.5993
47.6039
47.6086
47.6134
47.6184
47.6227
47.6272
47.632
47.6371
47.6419
47.6469
47.6519
47.6568
47.6615
47.6661
47.6709
47.6762
47.6808
47.686
47.6906
47.6956
47.7
47.7044
47.7094
47.7141
47.7187
47.7235
47.7281
47.7333
47.7379
47.7422
47.7466
47.752
47.7567
47.7617
47.7667
47.7723
47.7776
47.7826
47.7876
47.7926
47.7972
47.802
47.8062
47.8111
47.8155
47.8207
47.8255
47.8298
47.8347
47.8392
47.844
47.8494
47.8543
47.8591
47.8639
47.8686
47.8725
47.8771
47.8822
47.887
47.892
47.8969
47.9016
47.9068
47.9114
47.9159
47.9205
47.9255
47.9299
47.9344
47.9391
47.9434
47.9481
47.9533
47.9578
47.9629
47.9675
47.9723
47.9762
47.9804
47.985
47.9899
47.9944
47.9988
48.0037
48.0087
48.0132
48.0179
48.0226
48.0276
48.032
48.0371
48.0417
48.0468
48.0518
48.0562
48.0613
48.0656
48.07
48.0743
48.0794
48.0845
48.0889
48.0938
48.098
48.1025
48.1071
48.1114
48.1162
48.1209
48.1257
48.1297
48.1343
48.1388
48.1439
48.1482
48.1529
48.1576
48.1629
48.1677
48.1726
48.1778
48.1821
48.1868
48.1915
48.1965
48.2011
48.2063
48.2111
48.2155
48.2203
48.2254
48.2304
48.2351
48.2401
48.2449
48.2497
48.2536
48.2579
48.2632
48.2678
48.2724
48.2771
48.2811
48.2857
48.2908
48.2952
48.2996
48.3039
48.3087
48.3133
48.3183
48.3223
48.327
48.332
48.3373
48.3423
48.3467
48.3519
48.3554
48.3602
48.3646
48.3697
48.3749
48.3793
48.384
48.3882
48.3929
48.3975
48.4016
48.4066
48.4108
48.4152
48.4201
48.4246
48.4296
48.4344
48.4392
48.4441
48.4485
48.4533
48.4575
48.4621
48.4669
48.4717
48.4759
48.48
48.4842
48.4887
48.494
48.4987
48.503
48.5079
48.5122
48.5172
48.5219
48.5265
48.5315
48.5356
48.5401
48.5449
48.55
48.5548
48.5592
48.5637
48.5691
48.5738
48.5774
48.5818
48.5868
48.5911
48.5962
48.6011
48.6062
48.6114
48.6165
48.6208
48.6254
48.6297
48.6348
48.6397
48.6445
48.6494
48.6541
48.6588
48.6634
48.6678
48.6718
48.6762
48.6814
48.6861
48.6908
48.6957
48.7003
48.7051
48.7101
48.715
48.7197
48.7241
48.7288
48.7333
48.7384
48.7428
48.7478
48.7526
48.7569
48.7609
48.766
48.7705
48.7752
48.7798
48.7835
48.7876
48.7929
48.7973
48.8016
48.8061
48.8107
48.8156
48.8204
48.8247
48.8293
48.8336
48.8391
48.8438
48.8486
48.853
48.8574
48.8625
48.8669
48.8717
48.8763
48.8806
48.8851
48.8899
48.8946
48.8988
48.9032
48.9076
48.9119
48.9163
48.921
48.9254
48.9301
48.9345
48.9389
48.9439
48.9489
48.9545
48.9593
48.9642
48.969
48.9735
48.9785
48.9831
48.9876
48.9923
48.997
49.002
49.0067
49.0111
49.016
49.021
49.0254
49.0302
49.0348
49.0396
49.044
49.0483
49.0532
49.0578
49.0624
49.0676
49.0722
49.0771
49.0816
49.0865
49.0915
49.0961
49.1011
49.1062
49.1111
49.1163
49.1213
49.1257
49.1305
49.1352
49.1398
49.1443
49.1493
49.1545
49.1585
49.1633
49.1682
49.1726
49.1776
49.1829
49.1876
49.1928
49.1969
49.2017
49.2065
49.2115
49.216
49.2205
49.2257
49.2302
49.235
49.2396
49.2436
49.248
49.253
49.2574
49.2618
49.2664
49.2712
49.2757
49.28
49.285
49.2903
49.2946
49.2993
49.3046
49.3093
49.314
49.3187
49.3231
49.3279
49.3322
49.3372
49.3422
49.3473
49.3513
49.3562
49.3612
49.3655
49.3704
49.3756
49.3808
49.3854
49.3904
49.3948
49.3995
49.4038
49.4078
49.4122
49.4164
49.4213
49.4257
49.43
49.435
49.4401
49.4447
49.4492
49.454
49.4587
49.4635
49.4684
49.4731
49.4778
49.4834
49.4885
49.4933
49.4976
49.5022
49.5066
49.5108
49.5161
49.5202
49.5246
49.5297
49.5345
49.5393
49.544
49.5486
49.5531
49.5581
49.5622
49.5674
49.5713
49.576
49.5813
49.586
49.5913
49.596
49.6014
49.6061
49.6113
49.6161
49.621
49.6257
49.631
49.636
49.6408
49.6454
49.6498
49.6548
49.6594
49.664
49.669
49.674
49.679
49.6846
49.6896
49.6937
49.6982
49.7026
49.7076
49.7124
49.7173
49.722
49.7271
49.7318
49.7364
49.7415
49.746
49.7509
49.7559
49.761
49.7659
49.7701
49.7748
49.7793
49.7837
49.7885
49.7934
49.7984
49.803
49.8074
49.8123
49.8163
49.8207
49.8256
49.8304
49.8349
49.8399
49.8441
49.8492
49.8541
49.8586
49.8632
49.8679
49.8728
49.8779
49.8828
49.8869
49.8918
49.8964
49.9008
49.9058
49.9108
49.9154
49.9197
49.9242
49.9289
49.9341
49.9387
49.9432
49.948
49.9528
49.9571
49.9618
49.967
49.9715
49.9768
49.9815
49.9862
49.9909
49.9957
50.0005
50.0052
50.0094
50.0142
50.0189
50.0244
50.0295
50.0342
50.0395
50.0439
50.0493
50.0537
50.0588
50.0631
50.0678
50.0722
50.077
50.0813
50.0864
50.0918
50.097
50.1019
50.1069
50.1116
50.1162
50.1205
50.125
50.1303
50.1354
50.1398
50.1447
50.1498
50.1545
50.1589
50.1634
50.1673
50.1721
50.1777
50.1821
50.1871
50.1924
50.1968
50.2022
50.207
50.2119
50.2165
50.2215
50.2267
50.2313
50.2361
50.2406
50.2461
50.2514
50.2562
50.2612
50.266
50.2707
50.2762
50.2806
50.2859
50.2909
50.2953
50.3
50.3052
50.3097
50.3143
50.3191
50.3237
50.3289
50.3335
50.3381
50.3429
50.3477
50.3527
50.357
50.3613
50.3663
50.3713
50.3763
50.3809
50.3867
50.3915
50.3967
50.4019
50.4066
50.4111
50.4162
50.4209
50.4253
50.4301
50.4345
50.4397
50.4451
50.4502
50.455
50.4601
50.4647
50.4695
50.4746
50.4789
50.484
50.4893
50.4934
50.4985
50.503
50.5088
50.5136
50.5185
50.523
50.5283
50.5328
50.5378
50.5422
50.5469
50.5518
50.5574
50.5617
50.5665
50.5717
50.5768
50.5818
50.5872
50.5918
50.596
50.6013
50.6062
50.6114
50.6165
50.6213
50.6263
50.6308
50.6352
50.6397
50.6451
50.6497
50.6542
50.6592
50.6647
50.6696
50.674
50.6792
50.6836
50.6888
50.6941
50.6984
50.7034
50.7069
50.7118
50.7168
50.722
50.7265
50.7313
50.7361
50.7405
50.7452
50.7498
50.7547
50.7597
50.7643
50.7691
50.7739
50.7792
50.7839
50.7888
50.7932
50.798
50.8034
50.8082
50.8129
50.8174
50.8223
50.8273
50.8322
50.8371
50.8422
50.8469
50.8515
50.8561
50.8612
50.8661
50.8709
50.8758
50.8809
50.8859
50.8908
50.8955
50.9006
50.9057
50.9105
50.9156
50.9206
50.9255
50.9298
50.935
50.9403
50.9447
50.95
50.9547
50.96
50.9651
50.97
50.9746
50.9791
50.9838
50.9888
50.9936
50.9988
51.004
51.009
51.0138
51.0189
51.0236
51.0284
51.0331
51.0377
51.042
51.047
51.0515
51.0565
51.0619
51.0669
51.0716
51.0762
51.0812
51.0858
51.0904
51.095
51.0997
51.1048
51.1103
51.1152
51.1209
51.126
51.1312
51.1359
51.1401
51.1452
51.1495
51.1549
51.1601
51.1649
51.1691
51.1737
51.1791
51.1842
51.1889
51.1938
51.1992
51.2044
51.2094
51.2143
51.2192
51.2243
51.2289
51.2339
51.2386
51.2432
51.2485
51.2535
51.2583
51.2636
51.2683
51.2727
51.2775
51.2827
51.2879
51.2934
51.2983
51.3038
51.309
51.3132
51.3191
51.3241
51.3292
51.3339
51.3385
51.3441
51.3493
51.3536
51.3586
51.3634
51.3691
51.3743
51.3797
51.3838
51.3893
51.3944
51.399
51.4042
51.4087
51.4137
51.4194
51.4246
51.4293
51.4349
51.4399
51.4445
51.4499
51.4552
51.4601
51.4653
51.4704
51.4754
51.4809
51.4858
51.4903
51.4951
51.4996
51.5046
51.5098
51.5143
51.5187
51.5231
51.5285
51.5334
51.5378
51.5424
51.5471
51.5517
51.5567
51.5612
51.5665
51.5718
51.5768
51.5815
51.5866
51.5915
51.5968
51.6021
51.6074
51.6122
51.6178
51.6226
51.6276
51.6325
51.638
51.6428
51.6476
51.6515
51.6563
51.6619
51.6671
51.672
51.6769
51.6819
51.6869
51.6917
51.6963
51.7011
51.7062
51.7111
51.716
51.7213
51.7264
51.7316
51.7365
51.7411
51.746
51.751
51.756
51.7607
51.7653
51.77
51.7753
51.78
51.785
51.79
51.7951
51.8002
51.8054
51.8108
51.8159
51.8209
51.826
51.8306
51.8356
51.8403
51.8454
51.8504
51.8558
51.8609
51.8662
51.871
51.8759
51.8811
51.8869
51.892
51.8969
51.9023
51.9084
51.9139
51.9193
51.9244
51.9294
51.9343
51.9395
51.9442
51.949
51.9536
51.9593
51.9643
51.9687
51.9739
51.9791
51.9842
51.9889
51.9939
51.9986
52.0035
52.0088
52.0143
52.0195
52.0246
52.0293
52.0346
52.0395
52.0446
52.0505
52.0555
52.0611
52.0667
52.0717
52.0765
52.0812
52.0861
52.0911
52.0959
52.1008
52.1057
52.11
52.1154
52.1208
52.1265
52.131
52.1365
52.142
52.1471
52.1523
52.1577
52.1627
52.1677
52.1727
52.1779
52.183
52.1877
52.1932
52.1981
52.2036
52.2093
52.2149
52.2202
52.2255
52.2313
52.2365
52.2421
52.2473
52.2521
52.2572
52.2627
52.2681
52.2726
52.278
52.2831
52.2885
52.2937
52.2988
52.3031
52.3075
52.3139
52.3195
52.3244
52.3293
52.3346
52.3394
52.3446
52.3501
52.3557
52.3611
52.3662
52.3711
52.3753
52.3807
52.3863
52.3908
52.3957
52.4009
52.4067
52.4117
52.4173
52.4232
52.4282
52.4335
52.4385
52.4436
52.4486
52.4539
52.4592
52.4644
52.4699
52.4744
52.4803
52.4855
52.4911
52.4968
52.5019
52.5069
52.5121
52.5175
52.5225
52.528
52.5337
52.5394
52.5448
52.5501
52.5551
52.5604
52.5653
52.5707
52.5761
52.5815
52.5869
52.5918
52.5978
52.6032
52.6091
52.6145
52.6199
52.6254
52.6308
52.6362
52.6415
52.6471
52.6524
52.6578
52.6632
52.6684
52.6739
52.68
52.6854
52.6903
52.696
52.7017
52.7073
52.7128
52.7183
52.7233
52.7283
52.7334
52.7383
52.7439
52.7499
52.7551
52.7604
52.7655
52.7709
52.7765
52.7818
52.7874
52.7931
52.7978
52.8037
52.8091
52.8152
52.8217
52.8273
52.8324
52.8373
52.8429
52.8476
52.8532
52.8592
52.8648
52.8699
52.8756
52.8817
52.887
52.8923
52.8974
52.9038
52.9086
52.9137
52.9191
52.9248
52.93
52.9357
52.9408
52.9458
52.9507
52.9558
52.9614
52.9665
52.9725
52.9782
52.9833
52.9894
52.9944
52.9999
53.0056
53.0105
53.0158
53.0207
53.0257
53.0313
53.037
53.0428
53.0481
53.0536
53.0592
53.0647
53.0698
53.0757
53.0811
53.0869
53.0925
53.098
53.1026
53.1084
53.1136
53.1192
53.1246
53.13
53.1355
53.1408
53.1463
53.1519
53.1572
53.1625
53.1687
53.1736
53.1796
53.1854
53.1913
53.1962
53.2017
53.2078
53.2136
53.2184
53.2241
53.2291
53.2348
53.2403
53.2464
53.2525
53.2581
53.2639
53.2698
53.2749
53.2802
53.286
53.2913
53.2968
53.3024
53.3078
53.3139
53.3199
53.3254
53.3307
53.336
53.342
53.3476
53.3528
53.3582
53.3641
53.3695
53.3752
53.3805
53.386
53.3913
53.3972
53.4029
53.4087
53.414
53.4194
53.4255
53.4308
53.4361
53.4412
53.4468
53.4525
53.4582
53.4638
53.4696
53.4756
53.481
53.4867
53.4921
53.4969
53.5028
53.5089
53.5155
53.5215
53.5277
53.5338
53.5396
53.5452
53.5509
53.5567
53.5617
53.5669
53.5718
53.5778
53.5841
53.5902
53.5955
53.6012
53.6064
53.6118
53.6176
53.6238
53.63
53.6356
53.6411
53.6471
53.6532
53.6583
53.6641
53.6697
53.6765
53.6829
53.6886
53.6943
53.7004
53.7061
53.7122
53.7184
53.7241
53.7302
53.7361
53.7414
53.7466
53.7523
53.7586
53.7639
53.7693
53.7752
53.7808
53.7868
53.7924
53.7987
53.8048
53.8108
53.816
53.8218
53.8283
53.8346
53.8398
53.8456
53.8512
53.8566
53.8624
53.8684
53.8741
53.8801
53.8856
53.8921
53.8978
53.9036
53.9091
53.9154
53.9213
53.9272
53.9332
53.9386
53.9447
53.9504
53.9561
53.9623
53.9684
53.974
53.9801
53.986
53.992
53.9981
54.0037
54.0094
54.015
54.0212
54.0272
54.0327
54.0383
54.0442
54.0498
54.0561
54.0616
54.0675
54.0746
54.08
54.0858
54.0917
54.0977
54.1037
54.1099
54.1157
54.1216
54.1278
54.1333
54.1384
54.144
54.1506
54.1564
54.1618
54.1675
54.1737
54.179
54.1853
54.1913
54.1968
54.2037
54.2101
54.2155
54.2213
54.2277
54.2342
54.2403
54.2462
54.2518
54.2581
54.2635
54.2691
54.2754
54.2812
54.2869
54.2936
54.2996
54.3051
54.3117
54.3177
54.3239
54.33
54.3358
54.3419
54.3479
54.3537
54.3594
54.3659
54.3722
54.3789
54.3851
54.3905
54.397
54.4035
54.4096
54.4161
54.4213
54.4274
54.4336
54.4401
54.4463
54.4523
54.4585
54.4651
54.4712
54.4769
54.4828
54.4893
54.4952
54.5018
54.508
54.5149
54.5216
54.5273
54.5332
54.5394
54.5456
54.552
54.5571
54.5632
54.569
54.5758
54.5819
54.5884
54.594
54.6003
54.6064
54.6131
54.6193
54.626
54.6319
54.6386
54.6451
54.6516
54.658
54.6641
54.6706
54.6767
54.6832
54.6893
54.6958
54.7019
54.7084
54.7154
54.7224
54.7282
54.7342
54.7405
54.7467
54.7532
54.7602
54.767
54.774
54.7807
54.7864
54.7929
54.7997
54.8056
54.8122
54.8186
54.825
54.8313
54.8379
54.8443
54.8503
54.8562
54.8625
54.8689
54.8756
54.882
54.889
54.8961
54.9024
54.9088
54.9148
54.9211
54.9275
54.9345
54.9415
54.9477
54.9544
54.9611
54.9678
54.9745
54.9803
54.9867
54.9934
54.9994
55.0064
55.0127
55.0183
55.0244
55.0311
55.0372
55.0432
55.05
55.057
55.0636
55.0696
55.0764
55.0835
55.0897
55.0957
55.102
55.1086
55.1151
55.1216
55.1288
55.1347
55.1415
55.147
55.1538
55.16
55.1662
55.1725
55.1796
55.1858
55.1931
55.199
55.2055
55.2121
55.2194
55.2256
55.2324
55.239
55.2451
55.252
55.2591
55.2656
55.2721
55.2791
55.2852
55.2916
55.298
55.3047
55.3109
55.3184
55.3253
55.332
55.3389
55.3449
55.3515
55.3582
55.3645
55.3708
55.378
55.3848
55.3926
55.3995
55.4069
55.413
55.4203
55.427
55.4336
55.4402
55.4473
55.4542
55.4609
55.4678
55.4747
55.4823
55.4895
55.4957
55.5031
55.5101
55.5171
55.5242
55.5305
55.5381
55.5451
55.5515
55.5582
55.5654
55.5726
55.5803
55.5866
55.5932
55.6002
55.6082
55.616
55.6229
55.6294
55.6367
55.6444
55.651
55.6588
55.6654
55.6728
55.6789
55.6863
55.6933
55.7003
55.7065
55.7132
55.7196
55.727
55.7336
55.7392
55.7464
55.7527
55.7593
55.7661
55.7731
55.7799
55.787
55.7943
55.8017
55.8092
55.8161
55.8227
55.8301
55.8368
55.8436
55.8503
55.8567
55.864
55.871
55.8774
55.8847
55.892
55.8988
55.9052
55.9124
55.9186
55.9263
55.9338
55.9411
55.9484
55.9553
55.962
55.969
55.9756
55.9826
55.9897
55.9971
56.004
56.0109
56.0181
56.0249
56.0324
56.0395
56.0471
56.0546
56.0613
56.0684
56.0763
56.0826
56.091
56.0978
56.1058
56.1128
56.1202
56.1265
56.134
56.1409
56.1479
56.1553
56.1632
56.1702
56.1781
56.186
56.1936
56.2015
56.2085
56.2148
56.223
56.2302
56.2367
56.2438
56.251
56.2582
56.2654
56.2727
56.2802
56.2879
56.2962
56.3033
56.3106
56.3173
56.325
56.3323
56.3401
56.3477
56.3557
56.3634
56.3707
56.3784
56.3858
56.3934
56.401
56.4089
56.4161
56.4234
56.4302
56.4379
56.4456
56.4534
56.4603
56.4671
56.4749
56.4827
56.4893
56.4967
56.5048
56.5128
56.5201
56.5284
56.5359
56.5435
56.5514
56.5591
56.5676
56.5761
56.5836
56.5905
56.5978
56.6065
56.614
56.6218
56.6287
56.6365
56.644
56.6517
56.6591
56.6669
56.6744
56.6835
56.6908
56.699
56.7066
56.7144
56.7229
56.7302
56.7379
56.7461
56.7531
56.7608
56.7683
56.7763
56.7843
56.7917
56.7988
56.8058
56.8132
56.8214
56.829
56.8374
56.845
56.8523
56.8596
56.867
56.8738
56.8811
56.8891
56.8955
56.9037
56.9121
56.9196
56.928
56.9352
56.9436
56.9508
56.9595
56.9677
56.9751
56.9832
56.9913
56.9994
57.0068
57.015
57.0233
57.0312
57.0393
57.0465
57.054
57.0622
57.0705
57.0775
57.0853
57.0942
57.1021
57.1111
57.1201
57.1273
57.1361
57.1432
57.1517
57.1598
57.1677
57.1756
57.1841
57.1922
57.2001
57.2089
57.2168
57.2246
57.2324
57.2404
57.248
57.2563
57.2637
57.273
57.2811
57.2892
57.2978
57.3066
57.3153
57.3235
57.3322
57.3404
57.3492
57.3563
57.3644
57.3734
57.3822
57.3907
57.3982
57.4061
57.4139
57.4223
57.4299
57.4389
57.4474
57.4557
57.4647
57.4732
57.4817
57.4894
57.4982
57.5069
57.515
57.5232
57.5319
57.5396
57.5489
57.5578
57.5662
57.5736
57.581
57.5899
57.5979
57.6056
57.6133
57.6224
57.632
57.6411
57.6498
57.6584
57.6669
57.6755
57.6843
57.6933
57.7013
57.7096
57.7182
57.7272
57.7361
57.7448
57.7534
57.762
57.7709
57.7785
57.7878
57.7957
57.804
57.8147
57.823
57.8315
57.8395
57.8473
57.8566
57.8656
57.8746
57.8834
57.8923
57.9003
57.9088
57.9178
57.9273
57.937
57.9466
57.9547
57.964
57.974
57.9832
57.9926
58.0015
58.011
58.0199
58.0295
58.0381
58.0479
58.0555
58.064
58.0729
58.0838
58.0924
58.1015
58.1103
58.1193
58.1291
58.1389
58.1479
58.1576
58.1674
58.1769
58.1878
58.1972
58.2068
58.2165
58.226
58.2353
58.2444
58.2532
58.2628
58.2719
58.2801
58.2896
58.2987
58.3099
58.3202
58.3304
58.3392
58.3489
58.3585
58.3675
58.3772
58.386
58.3968
58.4068
58.416
58.4256
58.4361
58.4452
58.4549
58.4656
58.4754
58.4842
58.4934
58.5037
58.514
58.5251
58.5348
58.5449
58.5543
58.5638
58.5746
58.585
58.5941
58.6031
58.6136
58.6225
58.6326
58.6422
58.6539
58.6631
58.6736
58.6827
58.6938
58.7047
58.7142
58.7237
58.7334
58.7429
58.7525
58.7626
58.773
58.7839
58.7944
58.8043
58.8158
58.8248
58.8339
58.845
58.856
58.8657
58.8755
58.886
58.8971
58.9072
58.9177
58.9291
58.9401
58.9502
58.9607
58.9708
58.9818
58.992
59.0024
59.014
59.0248
59.0366
59.0471
59.0585
59.0692
59.0806
59.0909
59.1009
59.1127
59.1238
59.1335
59.1438
59.1553
59.1651
59.1749
59.1846
59.196
59.2071
59.2179
59.2292
59.2394
59.2516
59.262
59.2724
59.2837
59.2937
59.3056
59.3167
59.3274
59.337
59.3474
59.3565
59.3673
59.3781
59.3887
59.3998
59.4112
59.424
59.4351
59.4458
59.4564
59.4683
59.4797
59.4921
59.5035
59.5146
59.5251
59.5366
59.5471
59.559
59.5697
59.5811
59.592
59.6038
59.6162
59.6257
59.6385
59.6505
59.6621
59.6736
59.6845
59.6977
59.7098
59.7202
59.7312
59.7436
59.755
59.7656
59.7776
59.789
59.8007
59.8122
59.8239
59.8365
59.8476
59.859
59.8706
59.8814
59.8926
59.9053
59.9166
59.9291
59.9392
59.9503
59.9611
59.9739
59.9848
59.9971
60.0091
60.0198
60.0325
60.045
60.0568
60.0685
60.0799
60.0919
60.1042
60.1165
60.1297
60.1413
60.1538
60.1671
60.1788
60.1903
60.2024
60.2155
60.2286
60.24
60.2515
60.2632
60.2755
60.2887
60.2997
60.312
60.3248
60.3367
60.3492
60.363
60.376
60.3879
60.3999
60.4118
60.4242
60.4368
60.451
60.4638
60.4777
60.4908
60.5034
60.5162
60.5286
60.5409
60.5541
60.5669
60.5802
60.5925
60.6071
60.6205
60.6347
60.6477
60.6591
60.6716
60.6843
60.6959
60.7099
60.7261
60.7402
60.7522
60.7649
60.7768
60.7904
60.8025
60.8162
60.8299
60.8433
60.8567
60.8722
60.8848
60.8997
60.9154
60.9285
60.942
60.956
60.9697
60.9839
60.9961
61.0112
61.0243
61.0382
61.0522
61.0676
61.0814
61.0948
61.1095
61.1241
61.1389
61.1518
61.166
61.1787
61.1923
61.2071
61.2233
61.2401
61.2555
61.2702
61.2857
61.3002
61.3146
61.3288
61.3439
61.3595
61.376
61.3902
61.4064
61.4208
61.4356
61.4499
61.4646
61.4799
61.4962
61.5105
61.5251
61.5398
61.556
61.5692
61.5843
61.5979
61.6128
61.6282
61.6416
61.6551
61.6699
61.6846
61.6988
61.7142
61.7292
61.7447
61.7604
61.7733
61.7883
61.8023
61.8166
61.8318
61.8474
61.8639
61.8793
61.895
61.911
61.9289
61.9443
61.9595
61.9753
61.9913
62.0084
62.0236
62.0393
62.0552
62.0714
62.0888
62.1059
62.1231
62.1391
62.1539
62.1694
62.1853
62.2016
62.2191
62.2343
62.2508
62.2698
62.2886
62.3059
62.3212
62.3379
62.3544
62.3708
62.388
62.404
62.4213
62.4405
62.4587
62.4745
62.491
62.5076
62.526
62.5439
62.5599
62.5763
62.5958
62.6149
62.6295
62.6472
62.6653
62.6856
62.7039
62.7206
62.7384
62.7542
62.7708
62.7889
62.8077
62.8279
62.8466
62.865
62.8826
62.899
62.9172
62.9366
62.9536
62.9732
62.9942
63.0135
63.0314
63.0508
63.0712
63.0907
63.1111
63.1316
63.1507
63.171
63.1894
63.2085
63.2273
63.2474
63.2662
63.2846
63.3041
63.3254
63.3468
63.3653
63.3847
63.4087
63.4275
63.4467
63.4669
63.4877
63.5068
63.5269
63.5485
63.5723
63.5923
63.6137
63.6326
63.6536
63.6756
63.6953
63.7177
63.7408
63.7625
63.786
63.8111
63.8317
63.8515
63.8728
63.8953
63.9146
63.9383
63.9588
63.9837
64.0025
64.0245
64.0468
64.0717
64.0952
64.1191
64.1432
64.1684
64.1896
64.2143
64.2402
64.2658
64.2882
64.3108
64.3368
64.3637
64.3885
64.4132
64.4394
64.4635
64.4875
64.5161
64.5419
64.5671
64.5921
64.617
64.6455
64.6705
64.6987
64.722
64.7499
64.7792
64.8066
64.8341
64.8586
64.8858
64.9126
64.941
64.9688
64.997
65.0244
65.0519
65.0816
65.1127
65.1411
65.1714
65.2021
65.2344
65.2615
65.289
65.3181
65.3468
65.3786
65.4099
65.439
65.4693
65.5028
65.5358
65.5639
65.5949
65.6274
65.6619
65.6932
65.7264
65.7644
65.8011
65.8329
65.8672
65.9006
65.9377
65.9685
66.0089
66.0429
66.0784
66.1144
66.154
66.1896
66.2256
66.2621
66.3001
66.3399
66.3792
66.4119
66.4536
66.4922
66.5372
66.5776
66.6178
66.6569
66.6966
66.7381
66.7806
66.8229
66.8624
66.9041
66.9472
66.9908
67.0388
67.0849
67.1279
67.1723
67.2131
67.2616
67.3107
67.3631
67.412
67.4624
67.5121
67.5588
67.6032
67.6537
67.7039
67.7521
67.8035
67.8632
67.9172
67.9728
68.0275
68.0784
68.1355
68.1963
68.2605
68.3271
68.3911
68.4509
68.5159
68.5779
68.6413
68.7113
68.7787
68.8535
68.9196
69.0004
69.0801
69.1517
69.228
69.3164
69.4073
69.4967
69.5931
69.6944
69.802
69.9165
70.0277
70.1292
70.2635
70.3872
70.5191
70.6636
70.806
70.9519
71.1477
71.3486
71.5634
71.8017
72.0671
72.3657
72.6593
73.0643
73.4299
73.7709
74.2102
74.6419
75.0937
75.657
76.2916
77.0874
77.9575
79.2993
86.7793
